0010100000
1111110111
0001000100
1110000011
0000000101
1110011110
0010010110
1101100011
0001111011
1111011001
0010001001
1111101100
0010010001
1111010011
0001101000
1111000110
0001100001
1110011001
0001010011
1111100011
0000010000
1101011010
0010010111
1110010001
0000011101
1111001001
0000111111
1110000001
0000000111
1111101010
0000001110
1101011010
0000011111
1110101110
0001110000
1111011100
0000000001
1110101101
0000001110
1110000011
0001111001
1101100110
0010001110
1110100101
0000010010
1110111011
0010010001
1110001101
0010101100
1111001110
0010010000
1111110111
0000100100
1110001100
0001111000
1110111111
0010101011
1111111100
0000001101
1101001111
0000011001
1111100101
0010100100
1111000110
0001101101
1110100000
0001011011
1110010000
1111111101
1110001111
0000101000
1101110010
0001000000
1111011110
0000010101
1110011000
0001010001
1101001101
0000100000
1110101111
0000110000
1101001110
0001011001
1110101100
0001110010
1111100010
0010010101
1110010110
0000100010
1101100000
0001101100
1111001001
0000010010
1110111000
0010000010
1110011010
0000011001
1111110010
0000111010
1111111000
0001111111
1110010111
0001111101
1111100100
0010001000
1101110000
0010001110
1111100011
0010011111
1101011001
0001101100
1111100011
0010100110
1111101101
0001110001
1110011010
0000110000
1110110001
0000100011
1110111011
0001010101
1110010110
0010011010
1111000111
0000111011
1110110100
1111111001
1110110000
0001010101
1110110101
0000101010
1110110001
0010011010
1111111101
0001100111
1110011101
0010101001
1111000110
0010000001
1101101001
0000100111
1111000100
0000000001
1111101000
0001010001
1110011000
0010010110
1110101100
0000111111
1110100101
0000111110
1111000000
0001011010
1100000111
0001010011
1101110000
0010011000
1110011001
0000010010
1101010111
0000101000
1111000001
0001100011
1111111011
0001010011
1101011101
0010001100
1110111000
0000010101
1110100011
0000101011
1111000111
0010011100
1111101010
0001111001
1111110000
0010111001
0000000011
0000001111
1100010011
1101100111
1100001000
1100110010
1011100001
1110001001
1101100001
1110111100
1101101010
0000001101
1111000011
0010111001
1111011101
0011001100
1101111101
0010011000
1110110001
0001101100
1110010010
0010010111
1101111111
0000011000
1111111110
0000010111
1101010111
0000101110
1110100101
1110110111
1011111110
1101010110
1011011100
1011111011
1010110111
1100001001
1011001011
1101100110
1101000011
1111010001
1101111001
0001011101
1111110000
0001111001
1110110001
0010101111
1110110001
0000111110
1101111001
0010011111
1101010100
0001000000
1110010010
0001111011
1110101111
0001011111
1101101111
1111110111
1101000010
1101111011
1011110100
1100100100
1010011101
1100011110
1100001111
1110111011
1110000010
0000110010
1111110101
0000010000
1111010101
0000011111
1111101011
0001101000
1110100101
0010010011
1110101001
0010101100
1111011101
0000111001
1101110100
1111110001
1101100001
0000100000
1101100011
1110100110
1101000110
0000111000
1100110011
1100110010
1011011001
0000100101
1101110101
0000010111
1111000100
0001000100
1110011001
0001111001
1101001011
0001101110
1111101000
0010100001
1101111011
0001000100
1110101000
0000110001
1111010001
0010100101
1110111111
1111100001
1101110111
1111001010
1101111010
0000011100
1100111011
0000100010
1011011111
1110100100
1101011001
0010000110
1110111101
0000001011
1101111000
1111001011
1101111110
1111101100
1100101000
0001111010
1111000001
0001010100
1110100001
0001011100
1110110111
0000110001
1101010111
0001111110
1101010100
1110010010
1100010111
0000101110
1101011111
1111110101
1110001001
0010111111
1011101000
1110001111
1111100011
0011010011
1110101001
0000011001
1101101011
1111100000
1100110101
1111001010
1110010100
0001011011
1101110001
0010011001
1110011011
0000010101
1111000010
0000001101
1110000111
0001010011
1101101000
0000001101
1110010100
0001111111
1110010001
0010001100
0001011011
0010110100
1110001110
1111011010
1110101101
0010100001
1101000110
1110011011
1101000101
1110000101
1110010101
0001000101
1101000000
0001001100
1111100000
0010100000
1111100010
0010100111
1101110001
0001111111
1111100100
1111011111
1101011101
0010101001
1111000001
0001110100
0000110100
0100000100
0100100000
0101010001
0000101000
0000110011
1110100010
0010011111
0000000010
0000110011
1110011100
0001100100
1101100000
0001110010
1110000011
0011001000
1111001001
0010010001
1111000010
0001101001
1101111110
0001011011
1110010111
0000111111
1111111000
0011000001
0000100110
0010101001
0001101011
0100001001
0100001011
0100100011
0000011001
1111100011
1111010101
0001010011
0000110110
0000101101
0000000010
0001110100
1110101110
0011100010
0000100000
0010100111
1110111101
0000001111
1110000100
0010010100
1101011111
0000001010
1111000111
0001110001
1111001101
0011110011
0001000100
0011101001
0000111111
0011100011
1111110110
0011110011
0000001101
0010011100
0010001001
0010101101
1111110001
0010010101
0000101110
0010010111
0000001100
0010001101
1111001001
0001010000
1111110101
0010010010
1111100011
0001011111
1101011101
0010011000
1111010101
0010011111
1110101100
0011101000
0000001110
0010010110
1111000111
0001011001
1111101011
0000111100
0000101110
0100010011
0010010000
0011110011
0001000110
0001001110
0001000000
0010111111
0000000100
0011000010
0000100111
0011011010
1101101111
0010011100
1110111110
0000001000
1110001001
0001100010
1110100110
0010010100
0000101000
0100010110
0001010011
0010011001
1110011111
0001010001
1101101100
0001001100
0000111101
0101001010
0010001001
0011110010
0000101000
0010010111
1111110000
0001011010
1111101011
0010110110
1110100110
0000111110
1111000010
0000001010
1111110111
0001001000
1101100011
0001001110
1110111011
0010001011
1110101111
0001101100
0001100001
0010010111
1110001110
0001001001
1110010010
0011100010
0001011011
0100000111
0011000011
0011101000
1111100100
0001111101
1110101010
0000010111
0000001110
0000101100
1111110001
0010111011
1110010010
0001010000
1110000110
0000101001
1110101101
0010000010
1110011001
0001011001
0000001100
0001001010
1110010110
0001000100
0000000111
0010100011
1111011001
0001010111
0000100100
0011000000
0000101110
0010110110
1111100001
0010000001
1101111111
0000100011
1110110011
0010101010
1110010100
0010000100
1101100111
0001010101
1111111110
0010000110
1101011101
0001111100
1101010010
0000111101
1110011100
0001101110
1110001111
0001110110
1101111100
0001011011
1110101011
0011000000
1111000010
0001010101
1110001011
1111100101
0000010100
0001100000
1101011011
0000100000
1110101110
0000110010
1111111110
0010001110
1111010011
0000001011
1111111010
0000110000
1110100011
0000001000
0000000001
0000111010
1101000001
0001101100
1101000000
1111110100
1101000111
0000011010
1110001110
0000100110
1111010011
0001000101
1111000110
0000100000
1110111011
0010100001
1110000100
0001010010
1101110110
0001010110
1110111100
0010101000
1101011010
0001100000
1110100001
0000101010
1110010111
0001100101
1110101000
0000000110
1101100100
0000001010
1101000110
1111001001
1100010101
1111000001
1101010110
1110010010
1100101111
1111001010
1101001001
0000011111
1101101111
0000110111
1110011110
0000110101
1101111010
0000010000
1110010010
0000010100
1101011111
0010010010
1101001110
0010010111
1111000010
0001011110
1111110011
0010100000
1111010111
0000110010
1110011111
0000001010
1110000010
0000000101
1110010010
1110101100
1011110001
1111101001
1011101101
1111111010
1111111011
1111111001
1101110111
0001110100
1101001100
1111010010
1110000101
0000100110
1110111001
0010100001
1111000100
0000110011
1110000001
0000111011
1111101001
0000000111
1101100100
0000001100
1100011001
0001010011
1100101100
0000000100
1101011001
0000100111
1101101010
0001001010
1101100100
0000000101
1110010101
1111110100
1110100011
1111101101
1101011011
0000111101
1110101110
0000001101
1101110110
0010010001
1111001000
0000011101
1110000001
0001110101
1110101111
0001001010
1101001010
0001001111
1101110011
0000100101
1011111100
1111110111
1011111100
1110110010
1100110001
1111110001
1101000010
1101110110
1101000001
1111101001
1100010000
1111100100
1110000110
0001001011
1101000101
0001100001
1111000101
0000110100
1110001110
0000010011
1111101111
0010101011
1111001111
0010001110
1110010000
0001101110
1110111000
0000101000
1110000110
0000110000
1101001001
1110011101
1110010001
1110111010
1100101111
0000001101
1100111000
1110110011
1100110011
0001011010
1111010101
0000100001
1111000010
0000101010
1101011110
0000110100
1101110010
0000101010
1110011000
0001001101
1111000010
0001111001
1110111011
0001101110
1110101010
0010101010
1110111100
0001110011
1110010001
0001100010
1110101111
0010011110
1101111010
0001011101
1111011001
0000111101
1111011001
0010001011
1110100111
0010100011
1110010111
0001100001
1111100011
0010100101
1101110100
