0000110001
1110000000
0001010001
1110110010
0000101000
1111000110
0000011111
1111010001
0000000100
1110111111
0000110001
1110011000
0001010110
1111111000
0000000110
1111000001
0010101001
1101111101
0000110110
1110000000
0001011010
1101011011
0000000010
1101101101
0010000100
1110101100
0001100010
1110010011
0000000110
1110000011
0000010010
1111001010
0001001010
1110011101
0010000011
1110001011
0010010101
1101010111
0010011100
1101010110
0000101110
1111011111
0001010111
1101111001
0000100101
1110100001
0000001111
1111100001
0000100111
1110110001
0010011001
1101111001
0000111100
1101100100
0001100111
1111110010
0000111100
1111101001
0001111010
1110111110
0010010100
1101110100
0001110101
1111001010
0000101001
1110100001
0001111011
1111000100
0000101000
1101101101
0000000001
1110000010
0010010000
1110000101
0000101011
1111001111
1111111110
1110010010
0000100011
1110111100
0010011100
1111100110
0000010101
1111011001
0000000010
1110000100
0000110100
1111000001
0010010010
1101010101
0001111111
1110001000
0001110010
1110101001
0010001011
0000000110
0010111110
1111000000
0001011000
1111110110
0001100101
1110101100
0001101100
1110001011
1111010110
1111001001
0001001000
1111011000
0001011011
1101011110
0001010110
1110111000
0000001000
1110010101
0001101111
1111110111
0000110110
1101101101
0001011111
0000010101
0011001001
0000110011
0011101100
0000010010
0011101000
0000011110
0011010111
1111111100
0001100000
0000000110
0001010111
1101101000
0000101001
1110011101
0000001101
1110001011
0000010110
1101001101
0001100111
1110000001
0010100001
1111110110
0000010100
1101011100
0010000010
1110101001
0011111100
1110110011
0010111000
0000001110
0001101101
0000010100
0010011010
1111010100
0001011001
0001010000
0001111110
1101110111
0001100111
1110001110
0010000100
1101010011
0000111101
1101101001
0001111011
1111101011
0010010000
1111110011
0000001100
1110111001
0010001101
1101011111
0001111111
1110111100
0100001110
0001001001
0010100101
1110001111
0001000111
0000001110
0010001100
0001110101
0011011100
1110101011
0010110000
1101011111
0010011111
1111010111
0001111111
1111001010
1110111100
1100001010
0001011101
1101100011
0000010000
1101101010
0010010000
1101011011
0010101001
1110000101
0010011101
1111111111
0100000011
1110011101
0001100100
1110011101
0010110000
0000010110
0011111101
1111110111
0010110000
1101011011
0001100001
1110100001
0001101001
1110001110
0000101001
1110010110
1111100010
1011011110
0000001011
1110111101
0001111110
1101111011
0010011011
1101101110
0001101111
1110101101
0011110010
0000011110
0010111000
1111111011
0000001111
1111001011
0001111100
1110100010
0001011011
1111011011
0100000101
1111100010
0001110000
1111001110
0010010001
1111011111
0001111101
1110110000
0000001011
1011011100
0000011000
1101010111
0010000000
1101110010
0010000000
1110101010
0001100010
1110111000
0010000101
0000110100
0000110011
1110111011
0000001000
1100100011
1110011001
1100011001
1110010010
0000001010
0100001100
0011010110
0011111100
1111100111
0011001011
0000010000
0011000000
1110001110
1111000101
1011111111
1110001111
1101101111
0000111111
1111111101
0000011001
1111100011
0010010100
1110000101
0010100000
1111001101
1111111001
1011011010
1101100001
1011001100
1100110101
1011000101
1101000101
1110001101
0100001110
0010010010
0010110000
0000111100
0011101010
1111110101
0010110110
1101101111
0000000110
1100101000
0000001100
1110011011
0001000011
1111000001
0000000001
1101110101
0001001000
0000000100
0011001110
1110110011
1111110101
1010111101
1100100101
1011100100
1110100101
1011111010
1101001011
1100100100
0010111100
0001011011
0011011011
1111101101
0001110011
1111100110
0010111010
1100111101
0001000110
1100100010
0001000100
1111010001
0001101011
1101011111
0001111011
0000000001
0000110100
1110010110
0010100000
1101001000
1110100111
1011000010
1110101011
1100011110
1111110111
1101110011
1110010000
1011110111
0000011011
0000110011
0010011100
1110100000
0010100100
1111101110
0000100000
1100000100
1110010000
1100100111
0001000100
1101011100
0001000000
1111010111
0000100100
1101010100
0000011101
1101101011
0010101111
1101101000
1110101111
1011100111
0001000000
1110110000
0000110100
1100101000
1111000111
1110000010
0011100010
1111110000
0010101000
0001100101
0010101110
1111011010
0001010111
1101001110
1110110010
1100100010
1111111110
1110111111
0000010000
1111110101
0000111001
1110111000
0000110110
1110101101
0001000111
1101111010
1111010000
1110001101
0001111111
1110001101
1111110000
1100001010
1111100101
1110101001
0001111100
1110111001
0001110011
1111101001
0001000001
1101110111
0000111000
1101110110
1111011101
1101010100
0000001010
1111001000
0000011001
1101111001
0001111100
1111101010
0010010100
0000001010
0001100111
1111100111
0000111011
1101101100
0001110001
1110000011
1111010111
1100100011
0000100000
1111010000
0000110011
0000000101
0011011010
1111010000
0010001100
1111001110
0000111111
1110100010
0000101011
1101011110
0001110011
0000000101
0001010100
1111101100
0001010100
1110110010
0010011111
1111110000
0001111000
1110101001
0000111011
0000010011
0010001010
1101111111
0000111101
1101001010
0001000001
1111110101
0010100000
1111011101
0010000010
1110100101
0010000010
1111001010
0010000000
1111010111
0001110000
1101111010
0010010010
1111101001
0010011011
1110111001
0001100010
1111110111
0001100011
0000011010
0001111011
1111100011
0001001000
0000101000
0000000111
1110100000
1110111100
1100111101
0000101001
0000111010
0010100001
1111100001
0000010000
1110111101
0000000110
1110001101
0010010111
1101110100
0011010011
1111100100
0010110000
1111111000
0001001101
1111000001
0010000101
1101001110
0010001111
1111111110
0000110111
1111101110
0001010101
1110110111
0001011001
1101110000
0000110000
1101011110
0001110001
1111001111
0011110001
1110000001
0000111011
1110011000
0001001000
0000100001
0000100011
1110011111
0010110011
1110010100
0010100010
1110001110
0001011000
1111000100
0000100100
1101111010
0010000111
1110011111
0011001001
1110110001
0000110000
1110010111
0001000011
1101111100
0000011010
1101100101
1110010111
1101110011
0001011111
1101101011
0001001100
1111010110
0001100100
1111110100
0001010001
1111101011
0001101001
1111011101
0010100110
1111010011
0001011010
1110111001
0000110010
1101100000
0010001101
1111111001
0011100010
1111100101
0001001101
1111001000
0001010111
1110001100
0000001000
1101100011
1110011010
1101011111
0000000011
1111101001
0001010010
1110110100
0010101101
1110010100
0010111001
1110011010
0001001110
0000000001
0010101001
1101110101
0010000111
1110101000
0000110111
1111100000
0010100011
1111000111
0001101000
1111101101
0001001010
1111000011
0000000001
1110100110
0000001001
1101011010
1110111100
1101101110
0000101001
1110101110
0010011000
1110001011
0010001111
0000110011
0001111100
1110110000
0000011010
1111000000
0000110101
1111001010
0010010111
1101100010
0000101111
1110011011
0001000101
1110110011
0010111011
0000100100
0001111111
1111011100
0010101111
1111001000
0001011000
1101011110
0000001001
1011110110
0000010010
1100100100
0001101100
1110100001
0001011000
1111001001
0001111110
1110010100
0010001010
1111011111
0000110101
1110011000
0010011010
1110111001
0010110000
1110000110
0000110010
1111011111
0001010110
1111010001
0011110111
1110111010
0010111010
1101011000
0001001111
1100100000
1110101100
1100100111
1111101000
1011111111
0001001001
1101110110
0010010111
1110000101
0001000110
0000100011
0001000101
1101011101
0010001000
1101101000
0000101001
1101001111
0001010110
1111110101
0001000101
1110101110
0010011110
1111000000
0011010100
1110111011
0001110011
1110110000
0010000100
1110100011
0000010001
1101100000
1111101111
1101001111
1111101011
1101100111
0001001010
1101000111
0001011101
1111001001
0010000101
1101111010
0001010001
1101011000
0001111100
1111100000
0010010100
1101011110
0000011110
1111001000
0010110001
1110101010
0010100000
1110100000
0001001011
1111000000
0010000001
1110101100
0010111001
1110001000
0010000110
1110100101
0001001101
1110000011
0000111001
1110110111
0001100010
1101110110
0001011101
1101011110
0000101110
1111011110
0001110100
1110000100
0000011011
1111000100
0010011100
1101010001
0000101011
1111111011
0000111010
1111100110
0001110111
1111111110
0010110001
1110000100
0001110010
1110100101
0001010111
1111000001
0001010110
0000010001
0000011001
1110000100
0010010011
1111100000
0000111100
1111010001
0000000110
1101101110
0000011101
1111001101
0000000010
1101110000
0010101111
1111100010
0000011001
1101101000
0000011010
1110111101
0010100001
1110110110
0001101100
1110101101
0001011011
1110101010
0000111100
1101010101
0000100010
1110011000
0001100001
1110110000
0001111010
1110100100
0000101101
1110101101
0010000100
1110011110
0010000011
1101110110
