00100101000001
11101000001000
00011001110111
11010100100001
00000110010111
11111011000010
00000000111100
11100011000110
00101010100101
11110110001001
00100101001110
11110101101011
00011100010010
11111011010111
00000000101111
11110010010010
00011101100001
11010101110110
00010001000111
11111010001110
00000001100011
11111101101010
00100010111011
11111011101011
00000011000101
11110000101110
00100101011010
11101111000101
00000111111111
11101010101110
00010100101001
11111111110011
00000000010111
11111110010011
00101011101101
11111001010101
00000110101111
11010011011110
00100011101111
11111011101001
00001001110100
11100100010101
00001110111111
11011010110011
00100001111011
11110000111111
00000111001000
11101110100100
00001100110100
11100111111101
00010111010100
11110001101101
00011010010110
11110010101011
00010010101111
11100010100101
00011100100111
11110100101011
00000001100011
11011011011010
00100000100111
11101001101101
00100100010100
11011111111000
00011000011011
11011100110100
00101000111000
11100011110010
00100111000010
11100101110000
00100110010110
00000010100101
00010010100111
11111110100110
00101000100101
11111111111111
00010110000001
11111111110010
00010011101001
11011110101011
00011000011001
11010101101111
00000010111011
11111001111110
00001010110011
11101010010111
00100011011101
11011000101001
00100000111111
11011010010111
00011110110011
11101100011111
00001111110001
11101100100000
00001111000001
11100010001101
00010111100001
00000110001000
00011100100101
11111111110010
00101001001110
11111000010010
00001011010110
11111101111001
00010011010011
11001111111011
00000000011001
11010110101010
00101011011000
11100111111011
00011100001010
11101000010101
00010101100011
11100000111011
00011101101101
11011111101110
00000111100110
11101001111011
00011010010110
11010111011011
00001110011110
11111011001101
00011101010010
11110001001110
00110010001000
11110101000001
00100111100000
00010001010100
00101111010011
11100011011100
00010111111000
11110000111001
00001010101011
11101111100110
00010010100001
11011001111010
00001101000010
11100110111001
00011100011000
11110010010110
00000110111101
11110100110111
00100101010110
11100011101101
00101001011111
11100111000100
00001101110110
11111000100010
00101010101010
11011101110101
00001101010101
00000011101111
00011000000011
11111000111010
00110100110110
00001111101001
01000001100011
00010010111100
00100010001001
11110101001001
00011110010000
11111010110011
00000110111010
11011110101011
00011111111001
11100111001100
00001111011100
11111010111101
00001001010000
11010101111000
00010010101111
11101111111001
00001000001010
11110001011110
00101001001100
11110110010000
00100100100011
00000000101011
00100011011010
11101110100011
00001010000011
11101100101111
00100000001111
11101011010100
00101010100011
11101001101011
00100101010011
11110110110000
00011010011011
11101111001010
00011000110001
11110101011000
00010011011011
11110010011000
00101001100110
11111100110001
00101100110100
11110101110011
00001000010001
11110110111111
00001001110110
11101000010100
00011110010111
11110111000010
00110010111111
00000001101011
00101101010110
11101100101010
00100100001010
11100100011011
00010101011000
11111111000101
00001010110011
11111100100110
00100110110100
11101100101011
00110010110010
11111010000100
00011101110001
00000110010000
00011100001011
11101000110011
00010010100111
11100101111111
00000101111111
11110011011100
00011101110100
11111011110111
00011011110011
11100011000001
00011011000011
11110110011110
00110000110000
11110010001100
00011011001011
00010011100011
00101000100101
11111000110011
00111101001100
00000100010001
00011100011011
11111101000100
00011011100110
11111011100100
00011011101010
11110101100111
00010101110111
11111101010101
00111011110010
11111100111000
00011101101100
11110111011100
00000101011110
11010111111000
00100100100010
11110111011000
00001110000100
11110100110111
00011111001001
11111000111101
00101001110111
11111000001001
00011111001001
11100111001100
00010100101111
11110000111001
00010110000100
00000101001011
00101001000001
11110110101001
00001110011011
11111000101001
00011010011111
00001101000110
00110100100010
00000100010001
00111110110111
11111111100011
00010011111101
11101011101111
00101001111001
11011100111011
00011111111010
11111110111000
00100001110101
11101100110001
00001111110000
11011010100000
00100111110101
11011101110001
00000101101010
11011100000110
11110001000001
11010001001111
00011011001100
00001011110001
00000101011100
11110011101000
00001010010011
11110110010100
00011000001000
11101010101001
00101110100010
00001110000100
01000010111010
00001111001111
00010100011110
11101111111001
00011011001010
11100100011111
00100111010100
11100111111010
00001101010110
11011110010110
00000010011100
11011111110110
11011110001110
10111110100000
11111110111111
10110110011100
11111100001100
11101010100010
00011101110100
11101100001001
11101110111001
11011100111011
11111000001100
11010100110111
00001111001011
11100110011011
00001010000001
11110001111111
00111111001101
11101101101011
00010110111000
11100001110101
00100010100011
11011100110010
00000010011000
11101110000100
00000101111100
11000010110011
00000100000111
10111000101100
11101010001010
11001101000111
00000110000110
11011001010100
00001011010111
11011101100010
00010100110101
11011001010000
11100001011101
10111110101101
11110010011001
11001001111001
11110110010101
11101010011110
00011100000010
11101000001010
00011000100100
11011110101101
00011100001010
11110100111000
00010111010111
11111111001010
00101001101011
11110001011011
00010100111011
10111011000111
11110100000101
11010001110110
00001001100100
11011011110001
11110111100011
11101111010001
00011010001100
11110000110100
00011111000110
11000111101110
11101101011111
11001101101010
11111011111111
11011100000011
11101011100100
11010100011111
00100101100111
11111010010010
00100110001011
11100100111001
00101010010110
11111010110101
00010101100101
11101001100001
00010000100101
11010000110001
00001010000100
11011000010110
11101110001110
11011011101011
11111011011101
11011011101010
00011001011010
11111010111000
00100110011110
11110010110001
00010110110000
11010100010000
11101000111011
11001111001100
11100010001011
11001110101100
11111111011111
11001111111111
00000010011111
11101000000010
00010111010110
11110010010101
00100011111001
11111001111001
00000000101110
11100010000100
00001011100110
11101001011011
00000000011110
11011000000011
11111100110011
11010010101110
00011101101011
11101000110101
00001011000110
11110101111100
00100111111110
11101110110001
00001011001000
11010110000010
11100000100001
10111100101110
11111011001111
11000100010010
11101111011000
11101110110001
00011101101100
11101101010000
00110011011100
11111100001111
00001000010000
11110011111101
00011010000001
11010111111010
00010010110110
11101000100001
00011011000101
11011111011010
11110101110110
11010000000111
00000001100100
11101111011000
00100010110110
00000110001000
00100100100011
11110110111000
00001000110110
11011111001001
11110010001100
11010001000010
11110001001001
11100111100100
00000110011000
11101110010100
00100111110010
11111001110001
00100011000110
11101101010100
00000110110011
11110000110000
00100100011101
11110100100100
00011101001001
11110110001010
00010010110001
00000011111000
00101011010101
11011010111001
00010001111110
11110011010100
00011101111110
11101011001101
00110101011110
11011000101000
11110011011001
10111111001010
00000110100101
11100000001100
11111001111111
11101100101101
00001101011000
11111001000011
00101111111111
11110011011000
00110110000011
11111001110011
00010001100101
11110110001010
00100101110111
11101010101011
00011010100011
11101011001001
00110001010011
00001001100110
00011000101101
11101100110101
00010001001101
00000000011011
00100001010010
11100010001011
00001011000100
11110000101000
00000111010100
11000011111001
00010101000100
00000001000011
00101111101110
00000010010010
00101000111000
11110010110001
00111110010011
11110010011101
00100010111110
00000010011001
00100010101010
11111101001110
00001111111011
11111010011101
00001101010110
11111011100101
00101010011110
11101100111001
01000010011001
00011100111110
00101100101010
00000101011000
00101110100010
00010101000100
01000011101011
11100111010110
00000010011011
11101111101110
00010101000011
11011101001001
00110011011011
11110100110000
00011011011000
00000111010000
00100100010000
11111001111101
00100000110100
11100110100111
00011101001010
11011111111011
00100001101101
11101101111010
00100011011110
00000000001100
00100110100001
00010001101101
00101011101110
00100110010110
01001110000011
00110000111110
01000100001001
00001110001001
00110100111101
00000010110111
00010000110111
11111010011011
00000100011011
11111001010101
00011011010010
00001101111010
00101101100110
11110111100101
00100101000000
00000011100100
00011110110011
11111001001010
00000001111111
11010101101001
00100101010110
11100001100111
00011110000000
11101011011011
00010010111100
00000011011111
01000001000100
00001110011011
00110110111001
00010111110011
00111110100101
00010111000110
00100111010110
00010101101101
00011110110010
11110001110110
00010111010101
11101111000000
00011100011100
00000100000111
00111000111111
00000010100110
00110011100111
00000011111011
00010000100100
11011001110001
00010101100111
11011010101101
00000010001111
11101000110010
00100011001000
11011011100000
00010001101110
11111101111010
00101100101111
00001010011101
00110000000101
11111000100001
00101011011001
00000100001111
00100001000010
00000010011011
00101100010010
11101101111010
00011101100100
11111101110010
00100001100011
11101100001000
00011111011000
11100001001101
00001010011010
11101101001101
00001010110010
11011100010110
00011101001010
11100111100111
00011101110001
11111010001101
00010001000011
11100001011000
00100001011110
11111110111010
00100010001110
11100000000111
00010101101111
11110111101001
00001000110111
00001000010000
00100010101011
00010001101101
00101010010100
11111100011001
00100000001111
11101000000001
00011111000000
11100111100011
00011100001111
11101010110100
00000001110000
11101001001001
00000111011010
11110100110000
00101100101100
11101110101010
00000010011001
11100010111101
00101001110001
11100000001010
00100010110110
11101101110111
00001101011110
11100010000011
00001000010111
11111011010000
00001101111001
00010001011011
00011011111110
00000001100011
00100111110101
00000101111000
00011001011110
11101110011111
00011000111011
11110100110110
11110001010000
11011110011101
00001100010011
11010101111001
00100010011110
11100010001000
00001110000101
11010111100000
00101010001011
11110010011110
00001101000011
11010011100101
00101001110011
11110001110001
00011100011101
11010111101011
00001000000111
11110011101010
00010000100010
11101010001101
00011001100011
11111110001100
00001101010001
11110111011110
00010101110001
11011100111010
00001101001000
11101001001101
00011101111111
11100111110000
00000101100111
11010010000001
00100010100011
11011101101110
00100100110101
11101000100110
00010100101100
11111010111000
00010011000111
11101101111100
00010010000010
11011110001000
00001110110111
11101011101010
00100110001000
11110111111100
00000100100110
11110001101110
00010000101000
11110111110000
00010110110100
11110001011001
00011111101101
11101000001111
00011010100101
11100111100111
00000000001110
11101111101101
00011111000100
11111101100100
00011100010110
11010100100110
00000001111000
11101101110100
00100001010010
11011001110011
00101001100110
11110110110110
00101011010111
11110000001010
00011011010011
11101110110111
00000011010001
11111111101111
00100010000111
00000000001001
00000101111010
11011010100010
00010101101000
11110000001010
00000100101110
11010101100110
00100011011110
11011101100100
00010100110000
11101001001101
00001011000101
11100110110000
00100100011101
11010100111101
00011011101010
11101100000001
