00100101010001
11100010100000
00010101110011
11010110011111
00011010000100
11011010100000
00000100101110
11101100110101
00100000011100
11110010001101
00010011110010
11110000001110
00100101101111
11101100100100
00000110000111
11010011011111
00000001011101
11100010000010
00001100101011
11101010010000
00001000000100
11110000001011
00100011011111
11010101111110
00100010001101
11111100010111
00010001001110
11111010100010
00010010010010
11101001011010
00101001100001
11110101010000
00000111010100
11101101011111
00000111011101
11011110100110
00001010111101
11110011110101
00000111110000
11010100011001
00011001011101
11100100011001
00001111010010
11101110001101
00000010000101
11101011001010
00010010100111
11111100011110
00000101111010
11100000101001
00011001001111
11110010000000
00000010011000
11110000000101
00001011001111
11011011011011
00010011100100
11100011100011
00101010000011
11011010001010
00000110010000
11011001001110
00000011110011
11110010001100
00001011101010
11110011101100
00000001010010
11100110100001
00010101111001
11110101000100
00010100010001
11111001101010
00100010011110
11011000100100
00010101101010
11010111110111
00001100110000
11010100111110
00101010100010
11101100110111
00011100110001
11101000101101
00100001001010
11100000110100
00100111001110
11010011100111
00010111000000
11110010000010
00011100000000
11101011110000
00000111001110
11011101010111
00001101001000
11110010110000
00000001011011
11100110011000
00011001110111
00000001101010
00001101010011
00000000111101
00000111100000
11100001101011
00001001001000
11111001011011
00010110000100
11100010000000
00000001101110
11011110010111
00011010000001
11111111110100
00001000000110
11110101100111
00010111011111
11010110101001
00101001110010
11101110010001
00101001010000
11101011100111
00011111011100
11100110110101
00100100111111
11010100101101
00001101001111
11111010111000
00001011010001
11111011111100
00110011011101
11110111001011
00100000110000
11011101011111
00100001100101
11100001110110
00011110001111
11100101011111
00101101101000
11111101001001
00010010011000
11111111001000
00100011000101
11010100011110
00000001110111
11010100111100
00001001001000
11100110101001
00100111010001
11111000000011
00100101001101
11010101011100
00010001010011
11100010010110
00010001010100
11101111001110
00010111001001
11100011111011
00010011111011
11010111111110
11110000010001
11011001111100
11111001100001
11100000111000
00010001110110
11011100111011
00001001101110
11010010001011
00011100001111
11110100110011
00101101010111
11010011011110
00001111101101
11011101011010
00101011011110
11101111000110
00100001101001
11111011011011
00100110011110
11011110011101
00010101100000
11101000000001
00011110101111
11101011011011
00101100000001
11110110110000
00011101010100
00000101010101
00011001000011
11111011111111
00010111100010
11101011001000
00011010000100
00000010111110
00100100000011
11011100110101
00110011101100
11111100100001
00101010101011
11101000000111
00011000110001
11011000111110
00011000110000
11011010010011
00100010010100
11110011001010
00001110001100
11110000111010
00101010100111
00000011110011
00110110000001
11100110111100
00100001001011
00000010011000
00110010011101
11110000001110
00001111110011
11111101101001
00100000001100
11101000001000
00100000010000
11101111110111
00101011110010
11101110010010
00110101010011
11100010000001
00100000010000
11100000001100
00000110001100
11101000101101
00001100110101
11100100101011
00011010001000
11100101010111
00011111101001
11111101110010
00011000001000
11011110101110
00010010100100
00000101100110
00010101010000
11111111000111
00010001000110
11111000000111
00100011101111
11100100101110
00010001001010
00001110001100
00011010100010
00010111010000
00100111001000
00000010000100
00110111001111
11110010100110
00000111001001
11101001101111
00010100100010
11011110101110
00001001110110
11101000011010
00001110110010
11110010001011
00010100010110
11101001110000
00011001010100
11011110001110
00010100111010
11100110110100
00011001110011
11111100101111
00101111111100
11011101010110
00001111001100
11111000010111
00011011011001
11110100001101
00101011101000
00001011011000
00100110001010
11110101001001
00100100011100
00001101100000
00001001010010
11010011101110
00011010001011
11110110010110
00010110101100
00000001100111
00101111111111
11101010001011
00100110100100
00000111011010
00010110100000
11011101011111
00100000111000
11101110111101
00011110001111
11111000011010
00101010110110
11111011010011
00011010011101
11101011100111
00011010001101
11110001101101
00100111000001
11111010101110
00110111011100
00001010000100
00111001000000
00000011000111
00101101011000
11111011011101
00001011001001
11111110011000
00000101010101
11011111001111
00010100110101
11110100001011
00110111001011
00010001010100
00011111100011
11111110011111
00100101101101
00000001001000
00100111011010
00100100011100
01000101101011
00011100110011
00100000011011
00000111111011
00100000101011
11011111001101
00010100011011
00010010001001
00010010000111
11101100101100
00101010001111
11100010100110
00100100000000
11101001100001
00000110100000
11100010000110
00011100010000
11110100001011
00101100100011
11110101000101
00100000011000
11110000111101
00011000111111
00010111001111
00101101010110
00001000011001
00110111101001
00011011000001
01001001011100
00100011100010
00001101100101
00001011110110
00010010111110
00001101110111
00101000100100
11101111101100
00100010111000
11101101000110
00100110111110
11011001111101
00101000110001
11100011010000
00100100101011
11100011001111
00000111011110
11011010011001
00011011111010
11101010000110
00010011110111
00000010111000
00010001101010
11111010100000
00010101111110
11111001100010
00110011011001
00011110001011
01000000001101
00011001100100
01000010011110
00000011101111
00100001010010
11101100000111
00101100011111
11111001110101
00011100010001
11000011010110
00000101101100
11100011010111
00001100000000
11101111110010
00010111100110
11111000101101
00000000010000
11110011100110
00101010100111
11111000011010
11111100111101
11011110100110
00000011110100
11001110000110
11111011111110
11101001110010
00010000001110
00010010101100
00101101100100
00000011011010
00100111001010
00000001000000
00010001100010
11111011111011
00000111110010
11110001110100
11111000000001
11010000101000
00100011001011
11010101000100
00011101101111
11101111000101
00010111011010
11010101010011
00100000111000
11111111111000
00000110100100
11010011001100
11110111010010
10110100011111
11101100011000
10110110001100
11100101010001
10111111011010
00000110001111
11111111011100
00011010101001
11111110101010
00010001001110
11110011111100
00011101011110
11101100001001
00001110110100
11110000000011
00100101101111
11110011010000
00000101111100
11010010111101
00100100101100
11110011110101
00100011001110
11100111111110
00011110001110
11110101110010
00011000010010
11100001010100
11110000100100
11000110000010
11011111001111
10111010100010
11110001111010
11010010100100
11110110111101
11010010101101
00011001110010
11011101110100
00001101110011
11101010101111
11111101011110
11110101010000
00010111011101
11011111001010
00011110011001
11100001010101
00011001011000
11011010100101
00011010001011
11111110011001
00010110011011
11101010001101
00001111011001
11111000101000
00000010111111
11001010010001
00001011111110
11100110100011
00000101000111
11001001100010
11100110000100
11000100100110
11111110110110
11001000011011
00000010010000
11101110001010
11110111100111
11011101000100
00010010110010
11110111010101
00010000010110
11110101101000
00000101000010
11001101111100
00000100011000
11001011101101
00010011010001
11110111001001
00010101111000
11111011101011
00001101010001
11011110101000
00011100100111
11100010100100
00010001000110
11101000101101
00010100011000
11011101010100
11111011001010
10111110110111
11110001111011
11011000011000
11111110001010
11011101010101
00001101011101
11010000101001
00010000111100
11111001100110
00010001011000
11100000101110
11111101000000
11001000010001
11101101011111
11100110110100
00011000110111
11101000001010
00001000111001
11111111000101
00100100000000
11101001111000
00001000000010
11011001110111
00011101000000
11011110100111
00001110010100
11011111011001
00000000111011
11010010001111
11110010101110
11001101101101
00001100000000
11010110001111
00001111000000
11111011011111
11111111010010
11101000001111
00001101000100
11010100011010
00001111101111
11010010100001
11111010011010
11110011111101
00100110001100
11100100101100
00001111011100
11101101001001
00000111110001
11101001110001
00010011100100
11011100000110
00001011001001
11101110010011
00100000000110
11011000101011
11111001111001
11000111000101
00000101101100
11010110011100
11111011100110
11011000111001
11110010100100
11110000001010
11111100101111
11010110111110
00001011100101
11011010010101
11110001001110
11000101010101
11110111001011
11110001111100
00100010001001
11011100000000
00001001100101
11100010101000
00010001110111
11100101011010
00000100010000
11101011110000
00010010101111
11101111100010
00001110010110
11100011111000
11111001000001
11100011101011
00000001010101
11100010110001
00000111000110
11101101001100
11110000101010
11000111110100
00001010010000
11101110101100
11111110101111
11101011101011
00000101110100
11000000010010
00001001111010
11110011010101
00001011101011
11011101001010
00010010001010
11111101001101
00011000110100
11100010001000
00011101100001
11010111111010
00010001101100
11100010000101
00010000011100
11100010010110
00001010111011
11001111010110
00010101110000
11101001110100
00010011111101
11100010000110
00100001111011
11010111101110
00010100001001
11000011110010
00010000110111
11001101101001
11101011101111
11101001110100
00010110110001
11010100011101
00100100101001
11111000100111
00000101110111
11111011101011
00101001101100
11100111010100
00001010110001
11101101100101
00001110110100
11011111111000
00010100100000
11100001100010
00001001000101
11101101010100
00011000001010
00010101011101
00100101010101
00001101110000
00100101110001
00000010101010
00000000011001
11100011100000
11111100101001
11001100110101
00001100101101
11001111011000
00011001000111
11100100111000
00000001000000
11110010001010
00010101110100
11011001111011
00010101100110
11100110000111
00101110010000
11110100000110
00010101111101
00001100101001
00111010111100
00000011011111
01000001101100
00000101000100
00111101000010
00010001010010
01000000111000
00001101011010
00110011101111
11111110000001
00100111010000
00000010010001
00101101110110
11101111010111
00100110011101
11010110110000
00010110100010
11110010100111
00101000000100
11111001101000
00100110001100
11010110011100
00010100001101
11110001100111
00100011101011
11011001110111
00110000101101
11101010011010
00100001011101
00010011000100
00111101111000
00010000101000
00110001010110
11111111010011
00111111111000
00010011110000
00101100101011
00010101000110
00101100111110
00001011110010
00110101100011
11101010001111
00011101011001
11100011010011
00001111101010
11110010110000
00011011111110
11011010000000
00011001110000
11101000011010
00101100010111
11101100110111
00010100011000
11101100010101
00100011111000
11111000010011
00010011110100
11100011110000
00110000010101
11100111110110
00101100000011
11100110110100
00110111000010
11111101001010
00100011101111
11101010110010
00011011000110
00000100001110
00000011110100
11100110110011
00010000000100
11011010100101
00010011011001
11011100000110
00010111010100
11011101101110
00000100001100
11111001010110
00011011011111
11100010000100
00011110010000
11100100111110
00000100010100
11111010010010
00000010001000
11011001011110
00010000011001
11101110001011
00011011001011
11110010111011
00000110110100
11101110010000
00000110010000
11111100100100
00011111101011
11100000101111
00100101101100
11010011011010
00100100100100
11011001111001
00011100011011
11111011101101
00011111010111
11111101000010
