00100101101001
11101110010101
00100011000101
11011100001111
00101000110110
11110111001010
00001111000001
11011101100101
00001100011100
11100111001100
00010101011001
11100011110101
00010000011000
11101001000101
00101010101010
11010110111101
00011100011111
11011111110111
00000110010110
11100100110100
00000000101111
11110101001000
00000110001001
11011011111110
00000111000001
11101110000010
00000101110100
11111011001000
00101100110000
11110110001110
00010110111111
11011010011010
00011011011101
11110010101111
00011100100110
11101000100101
00010110100000
11010100111000
00001101011110
11011101101101
00011000001100
11011101111010
00010001010110
11011000001100
00001100110011
11110000100001
00100101010100
11010111100110
00000011100010
11010101101110
00010111101001
11111100001011
00001000100111
11100010010010
00100111111000
11110000011000
00000010111000
11111111000111
00010100100000
11111101001011
00001010101101
11010100100010
00101000100000
11011010101110
00001110001100
11101001101000
00010100000000
11100010111111
00011110000010
11100111111100
00011100110000
00000100100100
00011000001011
11011001110111
00101101000111
11100101011000
00010001111010
11100010101110
00011111010011
11110001110000
00011111101110
11111000100111
00010011101110
11011000100101
00100101001001
11110001001101
00001010010001
11011000001010
00001111101110
11100001101001
00101011110110
11101000000011
00100010011000
11011101100001
00010111111000
11011110011000
00011100111000
11101001110110
00110110101001
11110110000011
00101111000111
00001111111100
01000010110011
11110100110001
00011101010100
11100111001101
00100100010101
11110000001000
00011101001100
11110011011001
00100011001101
11110010001110
00010100000010
11110101111000
00001000011010
11110011110011
00011000110011
11101101011101
00000111101110
11011001110000
00000111110111
11111011111011
00010101101100
11011110011010
00101101101001
11011011001001
00100101000101
11111000010100
00101011111100
00000000100101
00100000110111
00000111000100
00011110110000
11110101010111
00000101010111
11011110010100
00000100000110
11011100000110
00000111010101
11011110101000
00000011010110
11010101011100
00000010010110
11101000001001
00000111000110
11110011110011
00100000101101
11011100000110
00011111011110
11010000010000
00001010101100
11000011111101
11101010011001
11011000010011
11110001101000
11011001000111
11011001110011
11010001111100
11111011111010
11001010000101
00000001111011
11001001001101
11101111001111
11101000101110
00100011000000
11110100011000
00100111100000
11111010011000
00101100101101
11111101100100
00100111010010
11111011011100
11111110010011
11010100001000
00010101100101
11110011001001
00000001001100
11011010111100
00010001011101
11010001111111
00000010111101
11011001011100
00011111010000
11110111000101
00100111010011
11111000110100
00001111100100
11001001101001
11110010001100
10111011001110
11110010101000
10111001110111
00001001011011
11011001100001
11111110101010
11011110010001
00100101010100
11010110001010
00100111110010
11011010101110
00101100100110
11011010100110
00011100110100
11000110001010
00001010100100
11011100101000
00001011000111
11101010011000
00101100111001
00000001100011
00111001001001
00011001101010
00110110111110
00000100000001
00001111100000
11011110000001
11111110001010
11011100001011
11010110000100
10111100010011
11101011000101
11010011000011
00010010001000
11010100000111
00001100011111
11100111101111
00100001010101
11111100001101
00010111000011
11011110100001
00011001101111
11010110100110
00000011110111
11010100010101
00010011111000
00000100011100
00001000011110
11110000001001
01000001101001
00011100011111
00100011111000
11100110100110
11111011100110
11011010011010
00001010001101
11100101101110
11110100110111
11010110111011
11110001110110
11001110010010
00011001000100
11100010101001
00001111100011
11110111101100
00011011011110
11100111110110
00100001011010
11101111010110
00010111000011
11101100001000
00100000111001
11011101100110
00011100110110
11111000000010
00011010100101
00001001000100
00111100111100
00001000110111
00011000111110
11101110010001
11111100100111
11100101101001
00000110010100
11010100110100
11111100001110
11000110111000
11111111110001
11100001011010
00001001111001
11110111000010
00101100000111
11111111110010
00100100111111
11110100001001
00001000001000
11101100111100
00101000100110
11100000010011
00100101110111
11100100101011
00010011101111
11110001010011
00010011011001
11101111101000
01000101111000
11111000000101
00101100101011
11111001100100
00011001101111
11100101010010
00010011100001
11100000110101
00011011011001
11000000110000
11111101110001
11011001111011
00000100100110
11110011011011
00100110110001
11101010010111
00010110110000
11011101100101
00011000011110
11110111100000
00010101111110
11111110110110
00110001001111
00000000111100
00011001011101
11101010100100
00011000001010
11100100011111
00011011000110
00001011100010
00011100101111
00010001000101
00001001011010
11111110001000
00101110011111
11110101111110
00110100100101
11011111001111
00011000111101
11010011111111
00010100100110
11110000111111
00010001101101
11100010110111
00011101110000
11111000001010
00001111011001
00000111001100
00010001101101
11111100010111
00011001101000
11110101101110
11110111111010
11011011000001
11101101010011
11000011111001
00010101111001
00000010110000
00101110110001
11111001001101
00011101101001
00001110110011
01000011101101
00000010100011
00100111011110
11111001111001
00010100011111
11101001100100
00100011110111
11101110010111
00001010111101
11110001011000
00100010010111
11101000101001
00110011101000
11111011010111
00101010100000
00000010000010
00001100111001
11110101110011
00000111100001
10111111100000
11011111100000
11011100011101
00100100111111
11101111111100
00011100100000
00000110111001
00111010000100
00001000111011
00100100101000
00000011110001
00110010111010
00000010111001
00001001000110
11101110100000
00001100101100
11100010100000
00100100001010
11111010000001
00000011000010
00000001010001
00010101110100
11011111010001
00011101011011
11100110000011
11110111111010
11010110000111
00000000001011
11010010110000
11111001100010
11100011100111
00010000000011
11100000111100
00100000100110
00001000011000
00110010100000
00000011111100
00101101000000
11110111100001
00011110101000
11100100010011
00001000011110
11111110100001
00100111111111
11111000011000
00010101100100
11110101111001
00100100111101
11110011001110
00001111101110
11010110010001
00011010101001
11100101100001
00011001011101
11101000111101
11111101001110
11011111011111
00001110100111
11010011000011
11111101001100
11110110110111
00010011001000
00000101011010
00011011000100
11111000110111
00101110110011
11110000000110
00010110000110
11110111010111
00010011010100
11101111100111
00001000001010
11101110011101
00010111111001
11111001000011
00011000100101
11111101110110
00001111011000
11101011111101
00011101011001
11111000100110
00010100110110
11011111011110
00010100011000
11100100101010
00010000101100
11001011111001
00000110100111
11101011101010
00011010000000
00010000001010
00100101111000
11100111110010
00100011101110
11100101100011
00011011101101
11110000100000
00010010001101
11011111101110
00100001011101
11100001000011
00000110110110
11111110011011
00000001111001
11011101111110
00000000101101
11011100010111
00100100001101
11110100101101
00001001111111
00000100110111
00010111010101
00000100001011
00011000111011
11100110011111
00001101010000
11110101000110
00001100011111
11011111100000
00010011100100
11101010010111
00100100100011
11110100000000
00000000101110
11100011111111
00100010101001
11100000010101
00100110110111
11110111001111
00010001111101
11100000010110
00100101100001
11100001111110
00010110010100
11001001000001
00000010010101
11010101000101
00010110011100
11011111000011
00101001101111
11111000011011
00101111111011
11110111010001
00110101011010
11100101000110
00001101101000
11011011010111
00100000000000
11100101000011
00100000001110
11011111110000
00010000110101
11010111000110
00011100111100
11011011000010
00001011011010
11100100110110
00010101000101
11111000100010
00100001111110
11010011101010
00011101111100
11010000100111
11110110001101
11001000100110
11111111111000
11010111001000
00010101010110
11111110011011
00011111101110
00010011101110
00101011110101
11011101000111
00011011011100
11111010001101
11111111110111
11100011011110
00001101101000
11110000110100
00011000110011
11101010010100
00011011110101
11101011101010
00000110000001
11101101011111
00001011000100
11101101110001
11111111010101
11011100010001
00010000011000
11001001110000
11110101110101
10111110100100
11101010000011
10111101010001
11110101111110
11110001111110
00100111001101
00001100000010
00100100110101
11111000010110
00100011000001
11101000011000
00010000100111
11011100010010
11111101011111
11000011111000
00011000000110
11001111001010
00101010010001
11011110010011
00001110111110
11100111111101
00001001110100
11101010100110
00101001100100
11100111011101
00011111100000
11000110010101
11101010110111
10111111110110
11110111000000
10111111111111
00001010000011
11011110000101
00100110011100
11110111010111
00011001001011
11111010000010
00011110101010
11100111000001
11111110101111
11010110111010
11101111101110
11010011111001
00001001001111
11001111111001
00001100100001
11100101010010
00100110100111
11111011000101
00010000101111
11110111000101
00011100011010
11100010010010
00011001001100
11011100101010
11101101010110
11001010110000
11111111100110
11011011000011
11011001111101
10111111000000
11100110000011
11000101101100
11111011001000
11000110100100
00000001111011
10111001111111
11010001101010
10111111000111
11110011000000
11000011000000
00001101101000
11010001100110
00001000111111
11110011101001
00100111100110
11101111100111
00101000010011
11011110100000
00010100110101
11110001011001
00101001010000
11111011011001
00100000101001
11011110011101
00011000011010
11000111101010
11101011010111
11000010100010
11011111001000
10111111101011
11011000110101
10111100111110
11000100100010
11001010010001
11110111110011
11011010010101
11101100111111
11101101011111
00001110010100
11100001100101
00101010101111
11111011110010
00011011101111
11111100110110
00010001101001
11101001110001
00010011101010
11110010110100
00001110100010
11100001100010
00100011110111
00000011001111
00010010111101
11110010011000
00011011110000
11011010100100
00001110100000
11001101001110
11100100000011
11011000010011
11111011100010
11101100011100
00010010111011
11100101010111
00100111110101
11100100110011
00001101010011
11111101100110
00100010101101
11011011111111
00011111010011
11100001011101
00101000100000
11110001111111
00100001101100
11110011010111
00100111100010
00000001101000
00101001011010
00010001011110
00011111000101
00010000101101
00011001110000
00010110000110
00111001110000
00010110100011
00111010100000
11110100001101
00101101111100
00000111101110
00110010101111
00000100011011
00101000000001
00000001010011
00011011110101
11101010011000
00100100101101
11010110100010
00010111100100
11100101111011
00100000101011
11110101111010
00001011110101
11100011101000
00011001011110
00000001111000
00110000000111
11111001001101
00010101001100
11111000011010
00100000101101
00000101100010
00110001110000
11111100000011
00110000100000
00000111100010
00101100101000
00000010101000
00011011000000
11101000111101
00001111111011
11100011010000
00000001100110
11011010011011
00100110001101
11100101000101
00001110011010
11100010000101
00010111100111
11011010000001
00001011001101
11110100100001
00000011010010
11101000111100
00100111110101
11100100101010
00011000000001
11011011011111
00101011111100
11011111100000
00010001110010
11110011001100
00000111010001
00000000110101
00000001101001
11101011010110
00001110010101
11100001011111
00100101000110
11101001110000
00010110011111
11111100110101
00001000100100
11101010010101
00101001011000
11111110000100
