00001100001011
11011111111011
00010100001110
11101100100110
00001001111101
11110001011001
00000111101111
11110100010010
00000001000101
11101111101000
00001100001011
11100101111110
00010101011110
11111101111110
00000001100001
11110000010101
00101010010110
11011111001001
00001101100101
11100000000011
00010110100100
11010110101011
00000000100111
11011011001001
00100001000111
11101011001000
00011000100111
11100100110100
00000001011011
11100000101101
00000100011110
11110010011010
00010010100100
11100111010011
00100000101100
11100010110010
00100101010100
11010101110100
00100110111101
11010101100110
00001011011100
11110111110000
00010101110000
11011110001100
00001001001001
11101000001100
00000011110010
11111000010000
00001001101100
11101100001100
00100110010101
11011110010011
00001111000110
11011001000000
00011001110100
11111100100110
00001111000101
11111010010111
00011110100110
11101111100001
00100100111100
11011100111011
00011101010110
11110010011110
00001010001101
11101000010110
00011110110000
11110000111010
00001010000010
11011011010010
00000000010111
11100000100011
00100011111001
11100001010111
00001010110010
11110011101110
11111111100010
11100100100101
00001000110101
11101110111010
00100111000000
11111001100111
00000101001000
11110110010101
00000000100101
11100001000011
00001101000101
11110000010111
00100100100011
11010101001111
00011111110110
11100010000000
00011100100001
11101010010010
00100010101011
00000001100100
00101111011011
11110000000010
00010110000101
11111101100000
00011001001111
11101011000001
00011011000101
11100010101101
11110101100010
11110010001100
00010001111011
11110101111010
00010110110011
11010111100000
00010101100000
11101110000001
00000001111011
11100101010110
00011011101111
11111101101010
00001101011110
11011011001101
00010111110100
00000101010001
00110010010011
00001100101111
00111010111110
00000100011001
00111010000001
00000111100010
00110101110000
11111111000010
00010111111110
00000001011010
00010101111000
11011010000011
00001010001010
11100111010100
00000011010101
11100010101010
00000101011000
11010011001110
00011001101011
11100000010001
00101000001001
11111101100101
00000101000011
11010110111001
00100000100100
11101010010110
00111111000111
11101100101001
00101101111000
00000011011101
00011011010001
00000100111010
00100110011100
11110101000101
00010110010101
00010011111011
00011111100000
11011101101010
00011001110101
11100011100000
00100001000001
11010100110010
00001111010001
11011010001101
00011110110100
11111010101011
00100100000110
11111100101100
00000011000001
11101110001111
00100011001100
11010111101011
00011111110100
11101110111101
01000011011001
00010010010111
00101001001101
11100011110101
00010001110001
00000011100111
00100010111011
00011101001011
00110110111110
11101010110110
00101011111101
11010111101011
00100111101011
11110101110010
00011111101110
11110010100000
11101111000111
11000010100111
00010111010111
11011000110010
00000011111011
11011010011011
00100011111100
11010110101010
00101010010110
11100001010110
00100111001010
11111111111110
01000000101010
11100111001101
00011001000011
11100111010101
00101011111001
00000101011010
00111111001010
11111101101110
00101100000011
11010110110001
00011000010100
11101000001100
00011010001000
11100011100110
00001010001011
11100101100111
11111000011101
10110111011011
00000010110011
11101111010010
00011111011001
11011110110001
00100110110011
11011011100100
00011011110111
11101011001001
00111100011010
00000111100111
00101110000001
11111110110101
00000011110011
11110010110011
00011110111000
11101000100011
00010110101010
11110110110001
01000001010011
11111000011010
00011100001000
11110011100101
00100100001011
11110111110010
00011111001110
11101011111110
00000010101011
10110111000011
00000110000110
11010101110001
00100000000000
11011100011100
00011111111100
11101010100110
00011000100010
11101110000000
00100001001101
00001100111101
00001100101000
11101110101010
00000010000011
11001000111000
11100110001010
11000110001010
11100100011110
00000010011001
01000010111101
00110101011111
00111111000010
11111001110100
00110010101011
00000100000110
00110000000000
11100011100011
11110001010001
10111111110111
11100011110110
11011011110001
00001111110111
11111111010110
00000110001110
11111000111000
00100100111000
11100001010011
00101000000100
11110011010101
11111110001011
10110110011101
11011000001110
10110010111010
11001101010011
10110001001000
11010001010000
11100011010001
01000011011000
00100100100101
00101011111001
00001111000111
00111010100100
11111101010111
00101101100000
11011011110001
00000001100010
11001001111011
00000011000110
11100110101011
00010000101101
11110000001001
00000000001010
11011101001110
00010001111010
00000001000001
00110011101000
11101100110000
11111101010001
10101111001100
11001001010000
10111000111011
11101001010101
10111110100010
11010010101001
11001001000101
00101110111100
00010110110101
00110110101011
11111011001101
00011100101001
11111001011001
00101110100011
11001111010100
00010001100000
11001000011001
00010000111010
11110100001111
00011010101000
11010111101001
00011110101101
00000000001011
00001101000101
11100101100001
00100111111111
11010010000011
11101001110101
10110000011000
11101010101001
11000111011001
11111101101111
11011100101001
11100011111100
10111101110100
00000110110010
00001100101100
00100110111011
11101000000111
00101000111100
11111011100010
00000111111100
11000001000111
11100100000110
11001001110010
00010000111101
11010110111011
00010000001000
11110101110110
00001000111110
11010101000110
00000111001100
11011010111000
00101011101001
11011010000001
11101011101010
10111001110000
00010000000111
11101100000111
00001100111010
11001010000010
11110001110110
11100000011111
00111000100101
11111100000110
00101010000010
00011001010110
00101011100110
11110110100011
00010101101011
11010011011000
11101100011011
11001000011001
11111111100100
11101111111000
00000011111101
11111101010011
00001110001111
11101101111100
00001101100001
11101011010110
00010001101101
11011110011000
11110011111110
11100011001100
00011111101111
11100011010101
11111100000101
11000010101000
11111001011000
11101010001100
00011110111011
11101110001101
00011100110100
11111010010100
00010000001101
11011101101111
00001101111101
11011101011001
11110111010100
11010100111010
00000010100000
11110010000010
00000110001101
11011110001011
00011110111001
11111010011001
00100100111010
00000010011101
00011001110011
11111001110110
00001110101100
11011011000110
00011100001000
11100000101000
11110101101010
11001000110000
00000111111101
11110100000010
00001100101100
00000001001101
00110110100010
11110100000001
00100010111110
11110011100101
00001111110100
11101000011100
00001010101110
11010111011110
00011100110100
00000001001010
00010101000011
11111010111001
00010100111011
11101100100100
00100111101011
11111011111101
00011101111110
11101010001110
00001110110111
00000100110111
00100010100101
11011111110111
00001111001100
11010010100000
00010000010111
11111101010101
00100111111101
11110111001100
00100000100111
11101001001101
00100000011101
11110010011101
00011111111001
11110101110111
00011100000100
11011110100101
00100100011101
11111010011000
00100110110110
11101110010110
00011000011101
11111101110010
00011000110010
00000110011100
00011110110011
11111000110010
00010010000110
00001001111101
00000001110001
11101000000010
11101110111011
11001111001011
00001010001010
00001110011011
00101000010101
11111000001001
00000011111011
11101111010010
00000001100101
11100011010100
00100101110011
11011101000001
00110100110000
11111000111111
00101100000100
11111110000010
00010011001001
11110000010101
00100001010001
11010011100111
00100011101101
11111111011000
00001101101111
11111011100000
00010101001011
11101101101011
00010110010111
11011100000001
00001100000010
11010111011110
00011100001110
11110011101011
00111100010100
11100000001010
00001110110110
11100110000010
00010001111001
00001000001100
00001000101000
11100111101111
00101100110100
11100100111011
00101000011101
11100011011101
00010101111001
11110001000011
00001000111111
11011110011100
00100001110110
11100111101010
00110010010111
11101100001101
00001100001000
11100101110000
00010000111000
11011111000010
00000110100100
11011001001010
11100101101100
11011100101110
00010111101111
11011010110110
00010011000111
11110101100010
00011001000111
11111101000111
00010100010010
11111010110110
00011010010000
11110111001100
00101001011011
11110100101011
00010110011010
11101110010110
00001100100101
11010111111110
00100011001101
11111110001111
00111000011010
11111001010111
00010011011000
11110010000000
00010101110111
11100010111111
00000010000011
11011000110101
11100110100101
11010111101100
00000000110011
11111010010110
00010100100100
11101100111111
00101011010100
11100100111011
00101110001011
11100110011010
00010011011011
00000000001111
00101010001010
11011101001101
00100001110000
11101001111111
00001101110011
11111000000110
00101000110111
11110001110010
00011010000000
11111011001010
00010010100001
11110000110001
00000000000111
11101001100011
00000010001110
11010110011111
11101111000101
11011011100110
00001010001101
11101011011010
00100110000110
11100010110101
00100011110011
00001100110001
00011110111111
11101100000100
00000110100101
11110000000000
00001101001001
11110010100110
00100101101010
11011000100100
00001011110010
11100110101111
00010001001001
11101100101110
00101110110100
00001001000101
00011111101000
11110111000000
00101011111000
11110001111011
00010110000110
11010111100010
00000010010101
10111101011111
00000100100110
11001001000100
00011011000100
11101000010110
00010101111111
11110010001001
00011111011011
11100101000001
00100010100000
11110111101110
00001101010000
11100101111101
00100110011100
11101110010101
00101011111101
11100001011010
00001100011011
11110111101100
00010101011100
11110100001010
00111101101101
11101110100011
00101110011000
11010101111110
00010011101011
11000111111010
11101010111100
11001001110101
11111010000101
10111111110100
00010010010111
11011101100000
00100101101110
11100001010101
00010001011101
00001000101001
00010001001001
11010111001100
00100001111111
11011001111001
00001010001110
11010011101001
00010101100100
11111101001100
00010001010100
11101011011101
00100111011001
11101111111000
00110100111011
11101110110000
00011100110110
11101100000000
00100000111110
11101000101011
00000100001101
11010111111000
11111011101010
11010011111000
11111010110010
11011001110100
00010010100010
11010001110000
00010111001101
11110010010111
00100001010010
11011110011110
00010100001010
11010110000110
00011111000001
11110111111110
00100100111010
11010111011100
00000111100110
11110001111001
00101100010100
11101010100110
00100111111001
11100111111011
00010010101001
11110000000100
00100000001001
11101011000001
00101110001000
11100010000111
00100001011011
11101001001101
00010011010001
11100000110110
00001110001011
11101101111000
00011000100011
11011101011100
00010111001100
11010111100000
00001011011100
11110111011111
00011101000010
11100001000000
00000110110100
11110001000000
00100111000001
11010100010010
00001010110111
11111110110101
00001110100101
11111001100111
00011101110101
11111111100110
00101100001111
11100001000101
00011100100000
11101001010111
00010101110001
11110000001011
00010101011001
00000100010011
00000110001001
11100000111100
00100100101101
11111000000111
00001110111011
11110100010111
00000001011100
11011011011000
00000111001110
11110011001110
00000000101000
11011011111000
00101011110010
11111000100100
00000110010100
11011010000011
00000110011101
11101111001011
00101000001110
11101101100001
00011011000101
11101011001110
00010110101101
11101010100101
00001110111010
11010101001110
00001000011010
11100110000001
00011000010101
11101011111000
00011110100011
11101000111101
00001011010001
11101011001100
00100000111101
11100111011001
00100000101100
11011101101000
