00001001110111
11011010101111
00101100011001
11101111011110
00010011111100
11100010011110
00000001111111
11111101110100
00100001110100
11111000001110
00000100001101
11100100010110
00011000000100
11101001011111
00001001001001
11011001101101
00011100000100
11100011111011
00101011000011
11011110111000
00001101101100
11100010000101
00011010011000
11110010011011
00010100110000
11101100000110
00101010000000
11100110111101
00000110011110
11111111110101
00010100011101
11101111101011
00100101011100
11101011111110
00100001010000
11110100000010
00000101110001
11011101100101
00001110111011
11011001011111
00101010111101
11101101100001
00010101100000
11101010010000
00101001110111
11100001110001
00001111100010
11100111011101
00001110010111
11110010100110
00001101001111
11100100011110
00101011100000
11011000011011
00101001000111
11101100100011
00001110101100
11011001101100
00101100100000
11101010110010
00100110011110
11101011111001
00100110001001
11100010010111
00101010011100
11101001100010
00101111110101
00000011011010
00010101111101
11111001111101
00101110101101
11111001111100
00100101111110
11110011011101
00100101011000
11100110000100
00000100111000
11111101001001
00001100101001
11110011000111
00010100100100
11101001010001
00101010100001
11101101111110
00010001100001
11011001001011
00100101011111
11011111101010
00100000010110
11011011001010
00001001100001
11101000001000
00010000111000
00001010010101
00010101001000
11111110110001
00011101111000
11111100001110
00010110001100
11101010010010
00101000000101
00000101000111
00010101110101
00000001010000
00011110110101
00001100011010
00110101001001
11110100100100
00001011001110
11111000001101
00100001000110
11100101011011
00011101101111
11100000111000
00101100100111
11111101011110
00011000101010
11011010001111
00100001100110
11110011001011
00100000010011
11011101000010
00101000110100
11001010010011
00011110111000
11101111111100
00000110100111
11101101001011
00010110010111
11101100110110
00011000101110
11100110111010
00100011111111
11101111100100
00010100001001
11100010101110
00011111001000
11110100000001
00000101100111
11010100001011
00001111000000
11011000011000
00011001101000
11010010010100
00010111100000
11100010100101
11111100001101
11110011100010
00010000000011
11011010101000
00000000100110
11100001101101
00010000110100
11101011001000
00001000111110
11100000001000
00000000100000
11100110010100
00000111111010
11100110110111
00100000111001
11100100101101
00100011011110
11010100101010
00010010101011
11111001100011
00010100110001
11101001000001
00001000010111
11100011111110
00010101111011
11100110011111
00010001110100
11110011111010
00001100000111
11110101110011
00010010100001
11011110011000
11110110110000
11101100010110
11111100011100
11010000101011
00000011001010
11101111000100
00001011010110
11101000001000
00011010010000
11101011011001
00001001100111
11100111000100
11110010000001
11001001110111
11110100001101
11001000110110
00001101011100
11010100101111
00101011101110
11011000010000
00010100111010
11110101100011
00001111000000
11000111011110
00010101001010
11111001110110
00000000100100
11110100101100
11111011101001
11010111000100
00001000001011
11011100101001
00001110100101
11101000000100
00010101111011
11001110100111
00001101110001
11001101000111
00010101010001
11011000111001
11110100010101
11011101001110
00000010111010
11010110111110
00011101110101
11010100100110
00010101011100
11111001110010
00100111101100
11101000001000
11111010110100
11100111000111
00011000000001
11100101101000
00010000110101
11111001000110
00010001101101
11101011111001
00010101110101
11110000000111
11111011000001
11101100111100
11101110111100
11010110011010
00001001111101
11110010111000
00000111011000
11001011010110
00010001111110
11001001101110
11100111100011
11011110110100
00001111111100
11011000100100
00100010110100
11110101110001
00100011110001
11110011000110
00001110001110
11011111000101
00100001111100
11110001100110
00000111111110
11110011111011
00100011100001
11110001101011
00110100111100
11111101010101
00101010011111
11110111001110
11110111111010
11000111100100
00000011000101
11100100001001
00000111010100
11000110101110
11101101011011
11010011111110
11110010100010
11011101011101
00001110000010
11011000011110
00010010100100
11010100100000
00011111001111
11110101000100
00000110010101
11101001111010
00011001101110
11101100011010
00010011111100
11111011101011
00101101110000
11110111110111
00011100000000
11100000011000
00100100100110
11110110111110
11111100111110
11001011011000
11111010000101
11010101111110
00000100101101
11011110101010
00011011010011
11101100000010
11111110010001
11000100011000
00000010111000
11110100111010
00000100100101
11100010000100
00000011101110
11100111011000
00011101101110
11100011000001
00101010000111
11100111111010
00011011010100
11111111101001
00010011001010
11101000000000
00001000110001
11100011100101
00101000001001
11101000100101
00001101011000
11011001011010
00100100110010
11101000001110
00011101100000
00010101001011
00100011001011
11100010100011
00100010011000
11110111110001
00101000110000
11101111110101
00101100110010
11111000101100
00011010011011
11111011001101
00100111101101
11100110010010
00100010111001
11110010010000
00010101101010
11110011000010
11111001010010
11000100110100
00000010011011
11010101010001
00011011101011
11110101011010
00010100011110
11111011010011
00100011011011
11111010001101
00011011101110
00010110001110
00101001110010
00000001101000
00100110110001
11101100010111
00001111110110
11101001011011
00010110010111
11110000010111
00100110100001
11101010010000
00011000111101
11101100000000
00011000011110
11101100010110
11111100101101
11101101001111
00000101100101
11000100001001
11111111001010
11111000100010
00100010111011
00011011011110
00110010100001
11011110011110
00100011100110
00000001000010
00011100010110
00001100111001
00110000110111
00000110100111
00110010001100
11100011011110
00100011111110
11100100001011
00000110010010
11111000010101
00000101100010
11100100010100
00010110101000
11010000011111
00001000101110
11110101101010
00000000010000
11001001001000
11101110010011
11010010110111
00010010100111
11111101001011
00100100100000
00001001111011
00011111100001
11100111111011
00001100100100
11100011000100
00010111000100
11111001011001
00011010111111
11101001001001
00100111011000
11011011011111
00000100010010
11011111001001
00011000101101
11011000001001
00001111011110
11100010000110
00000001100100
11101001010000
00010110100010
11100111001011
00001001010011
11010001100100
00000100001000
11010011010111
00010100001010
11110101110000
01000100110010
00011100101110
00011101111010
11100111110000
00010100001011
11010100010110
00000000001010
11110001010111
00100100010100
11011011010111
00011001111100
11111001010101
00011111001011
11101111100010
00000010110110
11011100010001
00000011001111
11100011110001
00011011010111
11101001010100
00010010111001
11100111100001
00101100100100
11100111101111
00011001010110
00010111110111
00101010001101
00001010111011
01000101001001
00010000111110
00100110110100
11010000011100
11111100011110
11101110110001
00000101001010
11100010111001
00010100001100
11010110011000
00001111010101
11101011010111
00100101111110
11010101010001
00011111110001
11100101111011
00001100101001
11011010100001
00001000010000
11011111101011
00000100101111
11111111011011
00110100010000
00001101110000
01010010000000
00101011010101
01000111011110
01000000110000
01000010100100
11111011110101
00001110000000
11000010110001
11111110011010
11001011101110
00000000110001
11011101111001
00011011010000
11010011111100
00010010000111
11100101010110
00100011111001
11011100011010
00000110010101
11100000100111
00011111101110
11010100010011
11111111011000
11100011111010
11110111011011
11010111110010
00011111010001
00110100001001
01010100110100
01000000111010
01010010101000
00100011101011
00100100010100
11110111110110
11111001101100
11011000110010
00000000001101
11011100101000
00011011100010
11100110110110
00000101111111
11110101010100
00010111111111
11101111100110
00000100110100
11010111001011
00000010000000
11010101111100
00011110000110
11101111101111
00001011101010
11010000010011
11011100110101
11000101101110
00001010100110
11110000111101
00110001010001
11111001100001
00110101101110
00000100110001
00001101011010
11011110100000
00001001111001
11100011011011
00001100010101
11101100111101
00100000100010
11010010111110
00100001100011
11100110111001
00001001011010
11110011111111
00101000111100
11100011100100
00100001011101
11111111000101
00010111001110
11010110010010
00011011100001
11100011011011
00011010001100
11011110101001
00001010000100
11101101010010
00001110110100
11110100110000
00011101110000
11110101101101
00000101111011
11101100001011
00000110010011
11100100011000
00010110111011
11111010011111
00000100101111
11111101110101
00011000110001
11100001111110
00000110011111
11110001110101
00010111111101
11111001000011
00011110110011
11101100010011
00100010001110
11101001110100
00001011110111
11100101000101
00000010100111
11101100111010
00010001101101
11110101011111
00000110110100
11110100100100
00001001111010
11101010011011
00010100100000
11010101101100
00011010101010
11100010011111
00010010011100
11011111111000
00010100111101
11100010100101
00001110011010
11110101100100
00000111100101
11100111101100
00001011010011
11111100011110
00101001111100
11011100110101
00001001011110
11100001110001
00000100010001
11111011000110
11111111100101
11100101111010
00010011100001
11110100011011
00001100010011
11110110110011
00000010110101
11100100011000
00000001111111
11011100100110
00010001111000
11011010100111
00100100111010
11111100100110
00101101000100
11101110101010
00010001110110
11111110110000
00100100010001
11110000100010
00011000011110
11011011010000
00101010010111
11011100001101
00101000001111
11010110001110
00010100000010
11110011011110
00010001111111
11011011000011
00001110010111
11100111100011
00001111001001
11011000111110
00010011010110
11010111001010
00000110110000
11100001111110
00011000110001
11011110101101
00001000111011
11111000111000
00110010000011
11110000110101
00100010010010
11101000100110
00010100011011
11011010010101
00100000101010
11110110111110
00001001011101
11110011101110
00000000111110
11110111001111
00000000000101
11010011011100
11111111101101
11100000100110
00000001100111
11100010001000
00001011000010
11110001011010
00000111100000
11010101000111
00010101111000
11001110000011
00010100111010
11110011001001
00010000111001
11111001000100
00010001001001
11111010001000
00011111001000
00000000110101
00101010101101
11110111000111
00011011010110
11101110011011
00000010001001
11110000110101
00011010100111
11110100011001
00011011100010
11100100100110
00010100000010
11100010000111
00010111101010
11100110111010
00000111001101
11011011111101
00100101100001
11010001000011
00010111110010
11110011111111
00100000111010
11101011111001
00001000001111
11110110111001
00101100100110
11110101110111
00011011010110
11111110011010
00011101101111
11111000010100
00000010111101
11100100100101
00010000101011
11100001101100
00000000001101
11101101001100
00000000110010
11100101100001
00011111001111
11100100110110
00001011000000
11111101000100
00001111101110
11011111110001
00011010100010
11100101010000
00010011101100
11101000010110
00010100101001
11111010001011
00011110110111
11110110110111
00100001111001
11100010100110
00011001110110
11100110110101
00000001111110
11111010010101
00011011011110
11100000010100
00001101010111
11100001100101
00001110010100
11100001111110
00001111111100
11110001011111
00000100000010
11101111011001
00101001011100
11011101100110
00101100100101
11111001100101
00100110011010
11110010000001
00101000100101
11101101111000
00101011111100
11110110000011
00101010110011
11101100010111
00010001000000
11100101010011
00011110100110
11111100000101
00001101011110
11110101111001
00011101011011
11110000100110
