00001001011000
11100110001111
00001101100011
11011100110000
00000000010010
11100011000011
00010100101000
11101110100011
00001011101110
11010110000001
00010000110101
11100101001100
00011100011101
11010101101100
00001010100000
11111110101110
00101001101000
11010101010011
00011001111101
11111011001110
00001110100101
11011101010010
00101000101001
11011011110100
00011110110111
11101001111011
00001111110000
11011001110111
00010010011011
11111010000011
00101001000111
11100100001101
00011111101110
11110110001001
00010010010001
11011111111111
00100110110100
11011001001000
00000100101011
11111010010010
00100100000101
11101010100001
00011110111001
11101001111011
00010011110110
11010101000111
00010101000000
11110000001011
00101000111100
11111101110110
00010100100111
11110101010010
00100100111000
11101111100100
00000010000111
11101001000011
00100110100001
11101110001001
00010000010010
11110011110110
00010111110101
11110011011010
00100111111101
11110101010000
00010110100011
11110010110101
00101010111010
11110000000011
00001000010100
11111110100100
00010110000110
11010011000001
00011001001010
11111000000011
00010011100110
11010110100101
00001010000011
11011000111100
00001101111010
11111011101000
00101001101000
11011101010010
00001111000001
11011110010010
00000110010111
11101110111001
00001011110111
11111111111010
00100010111111
11100011110110
00001100010000
11110011011001
00101011001110
11111101100100
00011111010001
11110110000010
00011101110110
11110100000001
00101011111100
11100110110101
00100000001011
11111001111000
00100001001110
00000000000110
00011001000010
11111111001000
00000001100010
11100010000010
00101000011111
11101110111101
00100010100001
11011010111110
00000110111111
11111011010010
00011001111100
11110010101101
00010110000000
11011010100001
00001110000111
11110110001100
00011001010110
11110000010000
00101000011101
11111101011111
00101100110001
11111111101101
00011111010110
11110000010001
00010111110000
11100111111111
00101010010100
11110100111101
00011011110001
11100000110011
00000101000110
11101100010000
00010011111011
11101111101010
00000000011111
11110000010100
00100001110110
11011101000000
00000111111010
11010111000011
00100111110101
11011111001110
00001100101101
11110101010010
00100111010000
11111101000011
00110101000010
00010011011110
00010011010001
11111101101100
00010011001011
11011000101011
00001111011010
11111100001111
00001101000101
11010101110001
00011101011011
11001100000100
11111100101011
11011100111010
00001010111110
11101011010111
00101100101101
11011110100111
00100111101011
11111111101001
00000100010100
11100010111111
00100011100110
11110111101010
00100000101011
11101111010111
00010110001101
11110110111000
00011101011100
11111010001101
00100001000010
11111000111101
00100101001110
11110110100111
00101100011111
00000001000100
00010010100001
11110101100100
00001010111110
11101100111010
00000100110001
11110100000110
00000101100011
11101111001111
00100111111010
11110000110101
00101100000000
11011000011000
00000011111000
11011001010100
00101000101011
11111100100110
00100000110001
11110000000011
00101000111110
00010010001000
00100101111011
11111001110111
00110000010111
11111110110101
00001101010011
00001000100011
00001101001011
11011110001011
00010101000011
11111010000110
00100101110101
11011110100110
00001101001010
11110110000011
00101111100111
11101100000101
00011011001010
11011001110100
00000001010011
11101010001001
00001000101110
11111111100010
00010010011001
11110110110001
00101101111000
11111110101000
00100001101010
11111100000110
00111000001010
11100111001111
00011101011010
11110110011111
00010001011001
11110010010011
00100011010100
11011110001011
00001010111111
11100011110101
00010101001110
11100001111111
00110000101000
00000010110000
00100010001110
00000001110111
00011110000010
11110110000011
00011110001101
11110011111110
00000011100001
11100000100001
00100011001010
11110110010101
00100100011100
00000000110111
00100010011101
11110000010110
00011111110111
00010001011001
00111000100011
11110101110100
00011111010000
11011110011011
00001000000011
11100011001001
00011111010011
11111110111001
00110000110101
00001001001100
00010111110010
00001001100000
00110001111110
11011001010110
00010100010100
11110011101111
00000100110001
11111011011000
00010110101100
11011101001111
00010001001010
11100111011100
00011000111011
00000000110111
00101110010001
00000001001111
00010101011101
00000010010111
00110110000110
11110000110011
00001111001001
11001100010011
00001100001011
11101000111010
00010001001111
11110001000100
00101011111111
11100111111011
00111011001100
11111000110010
00110011000111
11111101100001
00011101001101
11011011010010
00000100100101
11111100111011
00000100101111
11110111011001
00001000000111
11100110011110
00101111010110
11110000001010
00010001101000
11110111000001
00101011100011
00010110110111
00110010111100
11101000000110
00010101011101
11011000111100
00000010010001
11011101101010
00010001110100
11111100011100
00011011011011
11111100011010
00001110101101
11100010010001
00010100110011
00000011000101
00010000111110
11110010110100
00000101001010
11111111110101
00000101110101
11110111001011
00000100100000
11111000011011
00010101011111
11111010011101
00101011100101
11110101111100
00110010010000
00011000000010
00110111010000
11111001101011
11111001101110
11010100010100
00000100110000
11110000111000
00001101100000
11110001101000
00100000101100
11111101101011
00001111111010
11101010010001
00100001101110
11110110000100
00010100111100
11111110111001
00001011111110
11011011011000
00001111000001
11101111011000
00100110010011
11101110000110
00011100101000
11011010001001
00011111011001
00000101100011
00010111101011
00000100111001
00011110110001
11010111000001
11111111010111
11011101101010
00001011110111
11101101001101
00111001001111
11111010001000
00010000011011
11011110000000
00010010111001
11110001100011
00001011111101
11101011101111
00000001100001
11011001111011
00100010110011
11101011101111
00100111010100
11111110010111
00001100111000
11111000111111
00010100101001
11111110001110
00100000100111
00001000000000
00111101110011
00000101000011
00000010000111
11101011001101
00001000101111
11100111010110
00000011111110
00000011001110
00111011101000
00000100011000
00101111111001
11100101001110
00101000100010
11011010010111
00011101001110
11111010011101
00001110100100
11011101000100
00011100110000
11110001100000
00011100001110
11101101101000
00100011100010
11101100101111
00011010001010
00000100011011
00101000000000
11100101110010
00010100001011
11101111100000
00011001000000
11011101101001
00000011110001
11011111111111
00010001001011
00000101101101
00101001101010
00000010110001
00101000011010
11111000111100
00011011111001
11101011000111
00101101110101
11110000110110
00010011010010
11100100010100
00010101010110
11011110011111
00010001110101
11111010111110
00000100100001
00000011110010
00100010010010
11100111100010
00100111100110
11011010011011
00100010000011
11100101000000
00011001110101
11100010100110
00001101010100
11101111000000
00010110100010
00010010110010
00110110000011
11111001100001
00100010001111
11111001101010
00011111001110
11110100101101
00011001011111
11111010101111
00100101101100
11101000100011
00010101110110
11110100001101
00000110011001
11010101001111
00000011010011
11110000100110
00010111100010
00001110111001
00100101100010
11100111110100
00011000011111
11110100000100
00010000011001
11000111101010
00001011110000
00000010001010
01000000100110
11110010011101
00100000101011
00001011010000
00001100001001
00000001110110
00010110110011
11100100011111
00010010100100
00000010011110
00000001010100
11011010010110
00000110110111
11011001001011
00010000011101
11100011110111
00001010011111
11110110110101
00111001000101
00010000100010
00001000000011
11011110001001
00000100110001
11100011100110
00001000101100
11101101110111
00100011000000
11110110111001
01000011110001
00001111010010
00100011000000
11100101110101
00110100011110
11100110111001
00101101100011
00000001101011
00100111100101
11110110000011
00100011000011
11111001100011
00001011001101
11011011000001
00101011111011
11101110101000
00100010011111
11111110010010
00011010011101
11101101001000
00101010101010
11100000000100
00101100110011
11011000111100
00010000001001
11110000110000
00011101101011
00000001001100
00100001101110
00000010011000
00101000111110
11111111001010
00011000111010
11011101110101
00010000100111
11111001000111
00100010101011
11111111111101
00001101111110
11100111001111
00001011001011
11111010100100
00011111000101
11101010101010
00101100010111
11101001010001
00101011101011
11100110000011
11111110100100
11011011101011
00011111010010
11100011110011
00011010111010
11101100001110
00100011101110
11110001001101
00101000000100
11111101011101
00101011110010
11100101010100
00100100100100
00000011101111
00010100001000
11011110100100
00000111011101
11101011111001
00000010110011
11011001010101
00010100111011
11101101111001
00010011001000
11100000001001
00010110111000
11110111111110
11111111010011
11011111010110
00011100001101
00000100101110
00010001101011
11110010110110
00010000010110
11101101111101
00100011101010
11110011111011
00110010100111
11110001000011
00101011000010
11110110000111
00101100110000
00000000011010
00011110000100
11110110101010
00001110101110
11011001010011
00000011011000
11101100000000
00001110001111
11111001000010
00001110011111
11011101000011
00010111010101
11010011010001
00000101101001
11101101000000
00011110010010
11100101100111
00100110110011
00000001010000
00111010111111
11101110001011
00010111100100
11100000100110
00000011100100
11110111010001
00100001100111
00000001001000
00011101011001
11111110000011
00101001111000
11111001011000
00001111011100
11101100101100
00010011001110
11100010101110
00001101001011
11101001010010
00000100011111
11100101101100
00011011101101
11100000100101
11111111011110
11101001101000
00000001100010
11100011100100
00011101101001
11100101011111
00100011110101
11100010110000
00011111110010
11100111110010
00001011010001
11001110011011
00010100100010
11100100100100
00101111111010
11011010101000
00000011000110
11101110111101
00000100011000
11011000100111
00011001101010
11101100011011
00001101111001
11111111101100
00000100000011
11100101011110
00010111100110
11110110100100
00000101110001
11111001101101
00100101010011
11110111110000
00101000100100
11110100110000
00100111000110
11110101011010
00101111010101
00000100011110
00011111100010
11110110101000
00011100000101
11111110001101
00001001000110
11010110111101
00100111111110
11111011100100
00100111001001
11010111000111
00010110010101
11010100100010
00100011010100
11111100100101
00010010010000
11111011100011
00000100001101
11101010010100
00100000011111
11101001000010
00100011100001
11011111000010
00101101101001
11111001111111
00011110110011
00000011011011
00001001111100
00001001100010
00101111011011
11100100000111
00001001011101
11101101101011
00101010011101
11011110001011
00011001000111
11111011110111
00011111011000
11101011111010
00001000011011
11100110010001
00010000000001
11100001001110
00011000011011
11111001011110
00100010001111
11010101011001
00001011001000
11011010101000
00010110010101
11011000011110
00010101011000
11111011100111
00101010101011
11111010010010
00010110001110
11110001111011
00010100010111
11101100101101
00010100100101
11110100100000
00000110110100
11100100101000
00100000011110
11111011111101
00010000100011
11110011001111
00001000000110
11111100110110
00100000110111
11101111100000
00011100111001
11111011111011
00000010011111
11110111100000
00001010101000
11011011010110
00000110011000
11101010011011
00011101110011
11100101100001
00010011001101
11111011001010
00100000101101
11110010111000
00001110101001
11111001001001
00011111010010
11011111110110
00011010111100
11111010001110
00101100010110
11011110010000
00100001010010
11100000000100
00100101110011
11111010111110
