00101000010001
11010110110100
00101000000101
11101011010101
00010100000101
11110101000011
00100010100110
11111101000100
00001010011111
11111101001001
00100101001010
11111000011000
00101100010000
11111110101001
00001000111001
11110011111100
00011101001100
11011110010111
00010111111010
11011100101111
00100110111110
11011000011111
00001010100111
11011100101000
00001010101010
11111001001001
00000000100010
11110001011110
00000010100100
11101110101100
00011100110111
11010101001011
00001101101101
11100111110111
00010010101100
11011110001111
00100011001100
11110111100101
00100100101110
11111111010000
00001011010111
11100010111011
00001000011110
11110101011001
00011110011010
11101110101010
00010110110110
11110001001011
00000110000101
11111110000001
00000101010001
11111111101100
00101001011111
11110000000111
00100011101100
11111000101010
00010110101111
11011011110010
00010101110111
11100110101101
00001000101111
11111010000101
00010111010101
11101001100100
00011110000101
11010110001110
00001011101010
11101100000110
00000110001110
11111101010011
00010101110101
11101111010101
00100000011111
11100010100000
00011011101010
11101101110001
00000001111010
11111001111101
00100000101110
11110111110010
00000111110111
11011001111011
00001000100011
11111011011101
00001001001010
11010011110010
00001011111000
11100000000110
00100011101001
11011110010000
00001100011110
11010100001110
00101000010101
11011100101011
00010110011001
11101000011000
00100010110111
11100000101011
00000010100010
11011011110111
00100110101011
11101011001111
00001010110010
11100111000010
00000110000011
11011000111100
00101010010000
11110111100100
00101100101110
11100001101101
00010000101111
11111000010000
00010111100100
11100110101110
00001100010011
11011111010010
00011000101110
11100111110101
00010100010000
11110001001101
00001110010000
11100001001001
00010000111111
11111010111100
00011010000001
11011110000000
00100011110111
11110111011001
00011011100110
11011111110011
00000101001011
11101101100001
00001001001101
11101110111001
00101001110010
11101111100011
00001010000110
11011000101010
00011001010010
11110101111100
00011000110111
11010101111111
00010001110100
11111100011001
00010110100001
11100001111110
00100101000111
11111110100101
00001011110001
11111000100111
00010110101100
11101101011011
00101110100100
11100010100011
00100010011100
11101101110000
00011011001011
11101110101101
00100001101100
11111000100011
00000110001011
11011001100100
00011000000110
11101110101100
00001001101010
11101011001000
00100010100001
11101011111011
00001111011110
11110001000010
00011110001000
11010111101101
00001100011101
11111101010101
00101101000001
11011110111000
00100100010001
11100001101111
00101010001110
11011001001000
00000101011011
11111001111000
00011000101000
00000011100100
00101101010000
11111010100100
00010111000101
11100111000010
00010111100001
11110011110101
00011110010000
11011111101000
00000101000001
11110111000101
00000101100000
11110001000100
00011101111110
11011000000100
00100011000100
11111111011100
00001010111011
11101100111001
00101010101111
11101100111100
00011011110101
11011101010100
00010000101001
11110111000100
00100001111010
11111111101010
00001110100111
11100011100010
00010001011000
11100010110110
00100001101010
11110010100010
00100011110010
11110011100011
00100100100101
11101110100001
00010111000001
11101010000110
00000101000010
11100011110101
00011111001011
11110101101001
00101011001101
11101111110110
00000110111000
11100000010111
00010011101111
11110100111101
00001110110101
11111001001111
00101010010111
11100011011111
00001100010111
11111111001000
00110000001000
11011100000101
00001101000101
11111010001100
00011100111111
11101000010000
00101000101100
11101111001000
00100101000100
11011111000110
00011011110000
11100010100101
00000100101011
11111001101111
00000111000001
11110110100001
00100010100001
11011010000000
00010101001110
11100001010111
00001100100101
11101011001011
00011011010100
11101011111000
00101100111100
11100101111110
00101011101011
11100000111110
00010100101011
11111111010010
00101010111100
11110010001110
00101101010100
11111101111101
00011100110110
11100111001001
00011100111000
11101000100110
00101001001011
11101010011000
00001010101001
11100111101000
00000111000011
11110001001101
00011110101110
11110010010111
00011001111100
11101101110100
00001001111000
11011000101011
00001110010011
11110100010011
00011101000010
11100111000011
00101111100001
11101110001011
00010011011011
11100000011101
00010001110011
11100100011111
00101111001000
11111110101001
00001001100111
11011010000001
00001010110111
11011101111101
00010011111110
11011000101110
00001100100011
11101111101100
00010001001110
11101001100100
00101000110000
11101000100100
00100110110000
11100110111100
00100111100110
11110011001111
00000111100100
00000011101000
00010011110001
11111001100011
00010110101000
11011100100110
00101110111010
11111000001110
00011011111101
11111110100110
00010010101001
11101001001000
00101111010010
11111001111101
00100010110000
11111001100110
00000010110010
11010011110101
00101000010101
11101001001101
00100111101110
11111000100001
00100111010100
11110100111010
00011111010010
11011101011000
00100101000111
11101110010101
00010101000000
11100110011011
00101011001101
11110001001010
00100010110001
11111010110011
00100011111110
00000100101101
00010000100111
11110001101111
00011101000110
11101100110000
00100101110111
11100001011010
00000111111110
11011100111101
00100111101100
11010110010011
00101000011100
11010101001011
00101001110101
11011100011000
00010101001011
11011011111100
00101100011101
11110001000000
00000100000010
11100111011001
00001001110111
11011101000111
00001010100111
11101101111011
00011100101101
00000100111000
00101111010111
11111100111011
00010011101010
11110000101111
00010111000011
11110010100110
00001000011101
11011101100100
00101010101100
11010111001111
00011000001100
11111010111110
00011101001001
11101100100101
00000010010101
11100111010110
00010001100011
11010100010101
00010000011010
11011000111110
00100011001001
11110100110101
00001110000110
11011101011010
00101110101001
11110101101011
00100111110000
00000010111100
00101100001001
11111001000010
00001101000011
11101000110110
00100001111111
11110101110000
00010000100001
11010110111111
00100001000010
11101111001000
00100100101111
11100011001010
00001011100111
11101111110000
00100010001000
11010111001111
00100011101101
11011011111100
00010101001000
11110110111000
00100011100100
11011110111010
00000110101110
11101011000011
00001010100010
11111001111100
00011010111110
00000011000001
00011110100111
11111010100110
00001110111001
11110110111010
00100010000010
11111010101101
00000110100100
11110100011101
00011000011010
11110001100010
00001110010100
11110101110110
00011111110110
11111010010001
00100111011001
11010100100010
00010110000011
11100011010100
00100111100111
11110001100100
00010011000000
11110011000111
00011010011111
11111001000110
00001001100001
11101010100001
00100111111011
11110110101000
00100101100010
11111000010100
00010110011011
11111000100000
00100000010110
11101111100100
00011111110001
11110011000011
00011111000001
11100001100101
00011110100100
11111000001100
00000001101011
11010100111010
00010010100000
11011110101011
00000100001001
11110011000000
00011111101111
11100011101000
00100111010000
11100101101101
00101001001000
11110000111000
00101011111001
11110001011111
00011101001111
11111110010100
00101011111101
11110010110010
00010110011110
11101010100010
00101010010010
11100101001100
00101010110011
11101011000001
00000111001010
11101001100100
00101000001110
11011101000101
00001010100000
11101000101001
00101011010000
11110100000111
00010101110000
11101111001110
00000000000001
11100100001001
00011011000001
11011110000101
00001000000110
11100111110010
00010001000001
00000001010000
00101110000110
11110110111111
00010110111110
11101100000111
00010101101011
11111011101011
00001000110010
11100011101101
00100111111110
11010110000111
00010011000110
11100010001110
00011000110110
11101010100000
00001011110111
11101110101011
00001100000000
11101001110101
00101000111010
11110101111000
00100001101010
11101101001110
00011001010111
11011011011001
00101011101001
11110101100010
00011001011010
11111101101010
00101011111101
11100001000011
00001110101111
11100001010110
00001001110100
11101101110100
00011011001001
11110001110100
00100101101101
11100111001110
00001000010011
11101000011001
00011101100011
11101100000100
00001110100101
11111000110100
00101001101101
11100101101011
00011000101011
11110111010110
00000011011000
11101010110100
00010011000011
11011010001011
00100110011111
11111111111011
00011101101100
11011101110110
00010010101110
00000001001101
00110010010010
11111110100000
00101110101111
00000000001000
00001000111010
11011001110010
00100001111101
11101001100111
00010100010010
11110000000110
00001011101100
11101010111000
00101100101110
11011000101000
00101001011001
11110001100011
00000001110010
11011001101111
00101000101110
11100101010010
00000011001000
11010100111110
00000010111111
11101011010111
00100111100100
11011011010000
00011011111100
11110001100111
00100111001101
11100001000001
00011111000000
11100110111111
00000111111110
11101111101011
00100101110001
11111010111010
00010101110100
11101110000010
00100001101110
11011010001010
00100101011001
11010011111110
00001110011011
11011010101100
00100110100111
11110100111100
00000111010001
11010111001111
00000011111011
11111101100001
00010110001101
11111001110001
00000011111101
11101010110000
00100000000101
11011100001110
00010111111110
11111101000111
00010011001111
11111011101111
00000010111100
11011001010010
00100101101110
11111100111000
00010001100100
11100101001101
00001010101110
11011011000010
00000010011011
11010100011000
00011110001100
11011000001100
00101010110111
11010011011010
00100000111110
11011100000001
00001011011011
11011001001111
00100000100000
11110000111111
00101011000101
11110111111001
00010110110011
00000001101011
00100011111001
11111100111010
00101010100110
11111010001100
00001110111101
11110110011100
00001111100110
11110010000110
00000110001110
11111000110001
00010010010100
11101001010110
00100011010010
11100011011110
00001110111110
11011010010011
00011011010111
11111111101001
00100001010100
11100111100001
00000001010111
11101100111101
00010010011110
11110101111100
00001111101001
11111011101000
00011010100110
11110101011110
00010000001110
11111110101101
00001111000100
11111111100111
00001011000110
11111001010101
00001011000001
11101001010001
00010010011011
11100111000000
00100101111110
11100111101110
00100000100011
11110100101001
00000010001001
11101000111110
00100111111001
11101110111001
00001111111101
11101001100010
00010001011111
11111100010100
00000011010100
11101110101011
00011000011111
11101100001000
00011101011001
11011011000110
00011011000011
11111000011001
00001000001010
11011010001010
00001110011000
11101101111100
00101001010110
11101000110011
00011010010000
11111001001110
00000010011100
11010011110000
00100000000010
11010111100110
00010111101111
11101100001110
00000110111110
11100110001000
00101010110011
11111101111111
00101011000011
11110010001001
00011000101000
11110000100001
00010010000001
11100100110110
00100010000001
11010111100000
00000100100100
11110000011111
00100101000111
11100100111010
00011011101111
11010110001010
00010110000010
11010111010000
00010000000011
11101101010011
00010100010100
11010110010000
00011001101000
11101001010000
00101001001100
11110011001001
00010010010110
11101011111000
00100000101001
11100110101101
00000001001110
11100001011000
00011011011001
11010011110101
00101100100110
11111000111101
00001111001000
11101110100100
00100010101101
11111100100101
00001110111000
11011010011100
00010100101010
11111010010001
00010100111000
11111101000011
00000011010100
11010100111111
00101100101010
11101101010001
00010000111111
11101011110110
