00001010111110
11100000001000
00011011011001
11111011110110
00101011000101
11011001001001
00000111011100
11101010101011
00100001111011
11011101001011
00000000010100
11100110000101
00100000111111
11011110101011
00101001010101
11111011101100
00100011010010
11010101100110
00000100100011
11110011101100
00001010101110
11011011101110
00000100010001
11011110100011
00001100011011
11111000001111
00101010000001
11011101111010
00000100010101
11010100000011
00100101111000
11110000101101
00011111000001
11101011100011
00010011011101
11100010101101
00001110100001
11100101000101
00000101011110
11111100101000
00010001000101
11111010010010
00011110110110
11111100011001
00100111011001
11100101101111
00001001010110
11100001111011
00010111100100
11110001111101
00101010010000
11011101100111
00000101011110
11111110010010
00010111000100
11101110000111
00001001011111
11101011101110
00000111001011
11110010001100
00010011011100
11111111110000
00011101000110
11111010001010
00010011111001
11111010001101
00011111011001
11011001010110
00011010111000
11010100000101
00100101110001
11111100011110
00000000101010
11100111111010
00000111100001
11010100010110
00000001101100
11101011101001
00011001000010
11100010100101
00011111000011
11100111110110
00010010001110
11011011001010
00011001111000
11010110101110
00001001111100
11011100101001
00010000101110
11101110110010
00000011111110
11011011000011
00001111010101
11010110100100
00011110001010
11001011001000
00010001111100
11001101110101
00001001100101
11011000110111
00001100100100
11011011001010
00001001110101
11010101011000
11111001000101
11010110111111
00010110011000
11110110101110
00000100010001
11110111000100
00100010110001
11011010001011
00100000111100
11110111110000
00011101110011
11110001111001
00000011010110
11010110001101
00000010010101
11100101110111
00000000111111
11011110010011
11101110100010
11000111010101
00000101010100
11010011110001
11111110001000
11001000011100
00011100000001
11110100001011
00001010100101
11101011011001
00100000101100
11100100011010
00010110111101
11101100000001
00011111100111
11011011001010
00100100010100
11011101010000
00000001010010
11100101100011
00011011100101
11011101010000
00011110000111
11101010011011
11110110010111
11001000101101
11110000111010
11011000110100
11110011100010
11011101000110
00000011001010
11100010001001
00001001010000
11110100101010
00101110000100
11110111011100
00011001011100
11110001001001
00110111100000
00001100110100
00101111110001
00001100110111
00010110101111
11100101111011
00000011101000
11010111011100
00010011010111
11011000100001
00011110000000
11101001001101
00001101111110
11100011010010
11110101110000
11100001001000
11111111101110
11100000001100
00000011100011
11100100000110
00001111101111
11101010001101
00010010110111
11010111100000
11111001010101
11110000101011
00001100111001
00000111110111
00111101000000
00011000001101
01000110110101
00001101000111
00110010111010
11111101111111
00000100010111
11010101000111
00100010110000
11111011000000
00100101010010
11110011011010
00100011100001
11011001111101
00001110101100
11100010100110
00010111011101
11010010000001
00011011111111
11101001001001
11111011110110
11001111101000
11111111100011
11010001100100
11110110000000
11100101110010
00010110100110
11101011100010
00100101000111
11111011101001
00111110110001
00011010100011
00100001011111
00000000000111
00001010111001
11100001001000
00010100000001
11110110010001
00011101101010
11110101000001
00000111001001
11100000011111
00001000110110
11110100101011
00000001110100
11110100100000
00101100000110
11100010001100
00101000111110
11100110000110
11111100111000
11100011000101
11111101101100
11101110011100
00100100111111
11100011010101
00100001100010
11110110111001
00100011110101
00100110000110
00101101010000
11110110001100
00101110111001
11111011011101
00100110111110
11111010000001
00100110000110
11110011010101
00010001011100
11101101000101
00011101100011
11101011111110
00110000100010
11101000110100
00100110110110
00011010010110
00010111111111
11100110110000
00010101101101
11101011011001
00000101001111
11111010001101
00001100101111
11100100100000
00010111101110
00000010010111
00101111000111
00011111110011
00111110101010
11110110101100
00101001110101
11100111101000
00001001000101
11011101001000
00100000100111
11111111110101
00110001111100
11110101111111
00011110011000
11111111010110
00110111111000
11111111010110
00110011110011
00000000001011
01000000010010
11111011000100
00100100011011
11100011001000
11111101100010
11010001101110
00010101101000
11100000011101
11111000101110
11110000110110
00010010010011
11111011010000
00100011011000
11101001110110
00000100110001
11100000010101
00001111101110
11011001101110
00001110111111
11101001110110
00100011100100
11100011110110
00101110000000
11110011110011
00100100011101
00011111101100
01000000111001
11111110000101
00101100011011
00000001011101
00011110000110
11101111100101
00000011000101
11011101111001
00000111001111
11011011000000
11101001000011
11001010110100
00011010100101
11111111100110
00101011010001
11111011010000
00011110001001
11111001011010
00101001011110
11100010001100
00101001001010
11110111100011
00011110010011
00001100010001
00110101111010
00000010100111
00011000101001
11111101001001
00110100000000
11110110110101
00011100010001
11100110110101
00110101110011
11101100110001
00001001001111
11011111010000
00001001010101
11101010111010
11111000111010
10111111101110
00001110111100
11101010110100
00010110010011
11100111111001
00010001100010
11101001100000
00011111000110
11111111010111
00011110001011
11100100100110
00100010011101
11111010110010
00110110000100
11111111011010
00101000011000
11101110110100
00101000010110
11011111110111
11111000111101
11110000001111
00001101000001
11010101101011
11100100010110
11010111110011
11111010001100
11110000001010
00000011000010
11100111101111
00010001010111
11011110101110
00000100000111
11111101101110
00000110011111
11011110100100
00010111111000
11101000100010
00001011100101
11110011010110
00010110100101
11100100010000
00101111111001
11111110001110
00011011011101
11101100010101
00100001110001
11100000001010
11110101110011
11010110111110
00101111000110
11100010001101
11101011110110
11011110000111
11111010101110
11100001000001
00001110011110
11101011000110
00100001100110
11100101001101
00011101111011
11010001110110
00011101001011
11100011001000
00101100001010
11011100000110
00010001110111
11100101111100
00001010100101
11100110000001
00100000000010
11011010000101
00010111100101
11100110000001
11110100111110
10111010101010
11110001010101
11100100111110
00000101010110
11010111000101
11111100001110
11000101010011
00000110101011
11011010111000
00000011011011
11100001000010
00010010011110
11110101010110
00000111110000
11011000100110
00010101001100
11101000011001
00100011011100
11111010010000
00000110111110
11011001011100
00100101100010
11100111011100
00001001010110
11101101000100
11110101001111
11100010111100
11101000011100
11000100111100
00000111111000
11111111101001
00101001111110
11010011101001
00001100011101
11011011011100
00011011010011
11110011110101
00011010100110
11110011101101
00000101000101
11101000101100
00101010011000
11101011111110
00010000100000
11011001001110
00000110010111
11011001101101
00010001000111
11010001000011
00100111000100
11110000101110
00101000011011
11001101111100
11100011100110
11100110101000
11110001100001
11101000011110
11111111111101
11111111111111
00001100000110
11011111101110
00001010010011
11101000101000
00011111111111
11110111100010
00010100011010
11100111010010
00010111111111
11111111000001
00010011101111
11011011111100
00100110111000
11110001010000
00101100001011
11110100111110
00001000100111
11110001100111
11111101111111
11101101011111
00001110101000
11110101011101
11110000010111
11001111111110
00011111010001
11101001100000
00011010110100
00000000100000
00011001111001
11011000001000
00001010100001
11101011010100
00001111010110
11010101011100
00001000011100
11101111101010
11111110111111
11011000011010
00001010111111
11011011000000
00100101010100
11011011010101
00010001101010
11100001000101
00000110011000
11100100011010
00100011010010
11111000110110
00011111110100
11111010110100
00100111101000
11101010101111
00000110101000
11111101011001
00010000111001
00000011111101
00010011001001
11111000000000
00001000101101
11010011100110
00011001011000
11011001100101
11111011110000
11011100011010
00010010011000
11011000000011
00001111100011
11011101111001
00011000111001
11011110110111
00010100000001
11101111001101
00011001010011
11010000000111
11110100101111
11100011000001
00010000011100
00001010000101
00010111011010
11111110111101
00100000001110
11101001010100
00010100111111
11111100010101
00000001111001
11011101110111
11111111111100
11100011001010
00001010101000
11010000011101
11110010101110
11011000001100
00001011000011
11011101001111
11111100011011
11011100000000
00011000010001
11101110011001
00010101100100
11111100001110
00000101101000
11001111000101
00001001001111
11011110101000
00101011001111
11111000100100
00101101000100
11101110011011
00101100000111
11111001100110
00010110101110
11011011011100
00001101010010
11110110111010
00010011101000
11100100010001
00001000011011
11100100010101
00011000110010
11101100100001
00010111010101
11111001010001
11111111001111
11011100000111
00100011100000
11111110010111
00011000001011
11110001010000
00010001111000
11110111101001
00001010101010
11100111000101
00110000000000
11100111111100
00100011011100
11110110010101
00011001011111
11101100101011
00100011111000
11100100001111
00001101001001
11110101010110
00100001000011
11110101010101
00001010001001
11100111100111
00011010101100
11110001101101
00000110000110
11011001101011
00010100011001
11011000111111
00100100000110
11101001001110
00011100011101
11100101010000
00010111001010
11110011001100
00100101101011
11010111101011
00001100101000
11110101010011
00100010101111
00001010111010
00011010011101
11110001011110
00110001110110
11110101001111
00100101010000
11111100000010
00101011100100
11110110101100
00101100000011
11110111111110
11110110000011
11100010010111
00000110011011
11001111111110
00010101111100
11100100000100
00100000011011
11010011100001
00010101001111
11101000011001
00010101101111
11111001111000
00000011000100
11111101011001
00001101100010
11110111101010
11111001101100
11100011101001
00001001100010
11011010111011
00010010010010
11011100001101
00001011001101
11100100010100
00000101000010
11100011000101
00001000011100
11011111110000
00000110111011
11110110110101
00100000000001
11101100101000
00010100100000
11111001100001
00001110110000
11010011001111
00100001111000
11111101101100
00101100011010
11110101111110
00011001101011
11101000100110
00001011101000
11011011101011
00001101111011
11010101100101
00010100000011
11100011110111
00000000011000
11110100011101
00000010101011
11011010011110
00010110011001
11100110011111
00001000010110
11010001110000
00000100010001
11101111100011
00011101111100
11100011011001
00001101111110
11100111011110
00101010011011
11011100011100
00011110111100
11110011101000
00100011100010
11101011111111
00001110001101
11011011101000
00011100110010
11010110001111
00001000101101
11111000100100
00011010101110
11100010011000
00100010000011
11110100010010
00010011101100
11011111100100
00010101110110
11101010001011
00010101101101
11110101000000
00101001011010
11100000001111
00001001000011
11110100111000
00101010010101
11010101110110
00100101000000
11110100011100
00010101111000
11011101011000
00000010010101
11110111111111
00000010001101
11011010001011
00011011111110
11101110101110
00011011111110
11110010100100
00001101010110
11011000101101
00001111010010
11011001011000
00100000000000
11010101011001
00001011011000
11111011100011
00100000010100
11011110001010
00011010100000
11111000010010
00000000011011
11100110000001
00100101110100
11110101110110
00100100100010
11011100101011
