00011100101110
11111101111010
00011101011001
11101101011101
00000100011011
11011010100110
00010100101111
11010101101110
00010100101001
11011010011001
00011001101110
11011101110101
00000101000011
11101001010111
00000011101000
11111111010110
00001001100010
11111110010101
00001100000100
11110001100101
00100000111100
11111110101101
00101001101110
11010111101011
00000001110101
11101001000110
00100001010101
11110100000001
00001110101001
11101000001001
00010011100000
11010100101001
00011001111110
11111011111001
00010000010111
11100000001100
00100111000100
11010111111111
00011010000011
11101100111111
00011011110101
11110101010101
00000110011111
11011011010001
00011101110010
11110101000011
00100100010101
11010111110010
00001011111010
11111011110011
00001001001100
11111111010100
00000101010110
11111001011101
00101000011110
11111000110101
00011101011101
11100011000000
00010011001010
11010011111001
00001000000100
11011001010011
00101001110011
11011010100011
00100100011111
11101010110110
00001011100101
11001111101111
11111100110011
11110010000101
00000001100110
11001110100110
00000000001110
11100110010100
00011001011111
11010010001100
00011001011101
11100111000000
00100011000000
11010110010101
00011001111111
11111110000000
00101001001100
11100000101011
00001000100010
11011011001001
00100110100001
11011001111101
00010101000011
11110010110100
00100011001011
11011100000010
11111011111010
11010010011001
00000110010011
11101010100001
11110001000000
11000001000011
00001101101100
11010100110011
00010001001101
11100110110000
11111101000011
11101100101011
00010011100100
11010110011111
00000011011000
11110010000001
00001110101000
11010110010010
00001010100000
11010111110101
00101011101101
11111001000111
00011010101110
11111000100101
00101011111101
11101010111000
11111100111100
11100011101000
00010110110001
11010001010001
11111010100000
11001101110101
00010101110110
11100001110010
00100000111110
11011010000111
00010100010000
11010111111011
00000011110110
11111000000000
00001110101100
11111000001000
00010011111110
11010111111000
00000010001100
11101000000000
00001001111111
11110000011101
00010100101001
11101011100001
00001010111101
11101100100011
00011011111010
11011011001111
00011000101000
11011110001011
00000011100010
11011111000100
11110010110011
11110000100110
00000101010101
11101101010010
00011101000011
11110101110000
00100011001000
11011110101110
00100100100011
11010010011011
00100001101100
11010101100101
00001100101010
11110110110011
00000011010010
11100000100001
00000001111110
11111010100111
00001001101111
11110011110110
00010100110110
11100001110011
00100001101100
11100010100010
00000001100000
11101010100101
00010001100101
11011100000011
00011000001011
11001101010000
00000100001001
11000110011001
00011010000100
11100101010101
00010011110100
11100100000100
00100110011001
11101000100011
00101000010111
11100110000110
00011101100110
11100001010110
00010110010100
11010000100001
00100010100111
11100000001111
00011110010111
11011010001000
00100100101100
11010111110010
00000110000101
11110100110011
00010111000101
11011000110111
00000110011111
11100110000011
11111110110100
11011111110000
00000100111110
11110001010100
00000100101000
11011011101000
00000111000000
11110101111010
00010100011010
11111010111010
00001001101000
11110001010100
00100111010000
11010001000000
11110011011010
11011001100111
00010001111101
11011101010000
00011100000101
11110010101100
00010011111011
11110001100101
00000110110100
11110101010011
00001101011110
11111101000111
00100100110001
11100111101110
00000011000110
11100010000011
00001111001100
11110001011111
11111000100110
11001100110001
00010010011100
11110111011011
00101010110001
11110001101100
00100000100001
00000001101011
00100000010111
11001100111100
00000000010000
11010010101111
00011101000001
11100000011110
00001000011100
11110100000101
00010011001110
11011001111011
00011001110110
11011110101000
00001101010001
11110000001110
00001110100011
11111001001010
00100111000000
11100001111001
00000000101001
11011011110100
11001100001000
11010001001010
00101000110110
00011000110110
00101101101101
11101101001000
00000100001010
00001100100000
00010011010111
11010000101001
11101011111111
11000011011111
00011010101010
11011111011110
00010001111101
11101000011010
00010000010010
11100100011001
00100010101011
11100010100101
00011101000011
11111001100011
00100001001011
11101101001110
11111001101011
11010001001111
00001000111011
10101000011011
11011010010011
11100001101010
00111010111101
00101001010100
00110011100111
00010010000001
00101110110101
11110010101100
00011001000111
11100110111010
00011001001011
11100110100011
00001101010011
11111011001010
00000101001111
11111000100100
00100001011011
11100111100100
00011101111001
11111011101111
00001000000110
11101101100110
00100100101001
11100100111000
00010111100001
11010111100010
11101101000111
10111001011110
00011001010000
00010011111100
01010001100011
00011010010010
01000010000001
00001110100100
01000010000010
00011010000001
00011110101011
11010101110010
00000110111011
11110100001110
00010111110010
11111000010111
00010011000101
11010100001000
00001001100011
11100100101001
00000001111001
11111100001011
11111101011001
11011000001010
11111101100001
11110111101100
11111010110110
11100011110001
00000000100110
11101011001110
01000000100001
00011100001011
01010000001000
00010101000110
00111111111111
00010001010011
01001000100010
00010100000010
00011100001000
11100101011100
00011011111101
11101011010110
00010010000010
11111111100111
00011011110111
11010100100111
00000110101100
11111011010111
00100110101000
11101001010111
00010001111010
11110010110100
00001000111111
11011001101101
00000000011110
11001000111101
00010010111010
00000001101111
00110110000101
00001101111000
00110110111110
00010010111010
00101100101011
00011100111101
00101001000101
11100110001110
00001111110110
11100001011100
11111011001100
11111011110000
00011010010111
11111101000111
00010101111000
11010011011101
00000010110110
11111010110001
00101111001111
11111001111110
00000110100111
11010010001001
00000111011110
11001010100101
00001001010001
11110000101000
00011100000111
11111011000000
00110100111010
00001001111001
01000100100100
00001101100010
00111011111111
00001101011010
00010111110110
11001111111100
11110001010111
11010000110010
00001110101100
11010010101001
00011100100101
11111011001001
00101001001111
11110101001101
00000111100100
11101111111101
00010011100100
00000001000011
00011111010001
11111000000001
00010011011000
11010010001010
11100110111110
11111110001101
00101111111000
00100000110101
00110000110001
00001101010011
01000000100110
00001101101000
00001001010110
11100100100111
00001101100110
11001110001010
11110001100100
11000110111000
00001010111101
11101010100001
00001010101001
11100110110110
00001000111011
11011000011101
00011101111100
11111101101010
00001101001010
11101101000101
00100100110110
00000000010100
00011100010110
00000001101001
00010100010000
11110011111000
01000011010100
00001111001011
01000100000111
00110001000101
00111010000001
00000011100101
00100000111000
11100011110110
11101111000101
11110000010110
00001000000000
11010000111101
00010010100111
11100010111010
00010110011011
11100110110011
00100100101110
11011110110000
00000101010100
00000001011011
00100010110110
11101011100111
00001010000010
11110011111100
00111110010000
00000010011110
00010101001110
11111001001101
01001001111010
00011111011101
00110011110110
00001101110010
00011111010010
11101101010111
11111100000101
11000000111010
11101001101110
11001111000010
00000110010100
11101001010111
00010010101011
11111100101011
00000010001100
11101100111001
00010111010000
11100111001001
00101100000001
11110100011110
00001111101011
11111111111100
00001011100110
11100000010010
00111011010110
00000111010000
00110110000101
00001110011110
00111110010100
00001001110101
00011000000000
11010111100100
00000100011011
11000111010101
11101011001101
11000001110001
00000000000100
10111101000110
00001111110010
11010010011110
00010011110111
11110011001110
00001101000110
11111011011010
00001100111100
11110000001101
00010111101101
11011111001011
00100111100101
11100100011011
11111010110111
11101111111100
00001110011010
11101010000101
00000100010011
11011101001110
11110001011011
11000010111110
11011101110111
11010101000001
11110101101011
11001110001111
11101100101100
11010110011011
11011101110000
11011000001111
00010101101101
11011001000110
00001110001000
11101010011001
00100101010010
11011100000010
00100010111111
11111001101101
00101000011111
11111110101100
00010110111010
11101000000111
00011110011001
11100000001000
00001000101001
11011010011100
11111000001010
11000011000011
11101111110011
10111010101101
11011001011100
11010010001000
11111100010100
11100101001100
00001010111101
11100001010100
00000110001110
11010010101100
00000001010100
11011011101100
00001001010010
11010111110010
00011110100010
11101001110100
00010010010011
11101000010001
00001101010101
11110111111010
00011010001101
11111001111100
00001110010110
11101111100011
00000101111001
11101001111001
00010101001000
11100010110001
11111011101101
11110011010111
11111110111011
11011110010111
00011000101010
11100010111111
00001010000000
11101010001101
00010000111011
11111110011111
00011000010011
11110011000101
00100100000000
11100011001011
00000100010110
11111111111010
00011001011001
11011100101111
00010110011101
11010011010010
00001010100001
11011100101000
00010010011100
11010011011100
00011101010001
11011111100111
00001100011000
11110000110101
00010101101000
11101000010010
00010010000101
11101000101111
00011001010001
11101110010010
00011100000010
11100010000001
00011001010001
11100000100111
00001011000001
11110110101110
00100001110110
11100010010111
00010111001111
11100110101011
00001110101000
11100100011101
00011001100101
11010111011110
00001110100100
11111011000011
00101001101111
11100010100001
00011001001000
11100011111110
00010000010011
11011010111011
00011000011001
11101001010010
00011101111010
11111010010110
00010011001101
11011101100111
00100011011001
11110000001101
00000001111101
11111001111110
00001100101100
11100011100011
00101100011000
11110010000101
00101011011010
11100000101010
00101100011010
11101010001101
00001011111101
11110010000011
00000011111101
11011010110110
00001001110000
11101011000101
00100001010011
11101010000100
11111110011110
11011110111000
00000000101000
11001101100101
00000101001011
11010000111111
00010001101100
11101011001110
00010001101110
11101111111110
00100101101111
11110011010110
00100101101000
11011101100101
00011001111101
11010101110000
00011001110010
11101001000000
00001011101100
11100111100100
00001001100011
11110100101100
00000000111101
11101001110000
00011001001100
11110110110101
00001010111111
11011001001000
00011011011101
11101111111100
00011010100101
11001111001010
00100000001100
11001100101100
00011110110111
11100000000011
00010100010010
11100101110111
00011110101100
11111011000110
00101001111110
11101110001010
00010101110110
11100001001010
00001100011000
11111110000000
00011100001001
11011001110100
00011001000001
11011000001011
00010001111010
11011101011011
00000101100010
11101011110000
00001001000111
11011101010110
00010010101001
11011100001111
00000111110111
11101001110111
00010100110101
11100011010100
11111001000001
11011000010000
00001010101110
11011001000100
00001101001110
11011001010111
00010010110111
11010101111110
00101100101001
11110000111011
00010000110010
11101010100111
00000001000111
11100010110110
00010111011001
11100010101111
00010110100011
11111100011010
00011000010100
11010111100011
00100101101010
11100000110101
00001110010000
11111010011101
00010000010111
11010110100111
00011011011101
11010110110100
00000100000101
11101100101001
00001001010111
11111000011101
00000110101000
11100110101011
00000000000111
11101100011011
00010010111111
11101101001110
00010000111111
11101101001011
