00001100000101
11111101101101
00011101001010
11010101011111
00010000100111
11110001100111
00001101101001
11100000111001
00010010011011
11100001101111
00011011101001
11110111111100
00011101111010
11011101100011
00000001111001
11010011110000
00011100110011
11101011110010
00101010111100
11011000110101
00010010000110
11101110010000
00001011011010
11111111111000
00000011000100
11110000100101
00001101100101
11110010110101
00000000000011
11100011000000
00011100111110
11110011111000
00011111010011
11110010101011
00001001100101
11111100100000
00011011011000
11101000011101
00100010001111
11111110101101
00001000011100
11101110100010
00001001010111
11011000000001
00000101110010
11110100001101
00100110000101
11011100010100
00011110100011
11011010010111
00011101000110
11111011001101
00001001101101
11010111011010
00000100111011
11110011001110
00001011001110
11101101011111
00011001111101
11110100101111
00000010101101
11110101111000
00010111001101
11011101011001
00010111000100
11100000001011
00100110100101
11111011011011
00001110000111
11100111000001
00000110001101
11100110110010
00100101001110
11100111101100
00000101100011
11110001101011
00010100101011
11110000111001
00100100001001
11101111000001
00000000000111
11100111111101
00010011110111
11110101010011
00010011110010
11100111001101
00010111011110
11100000111110
00101011010010
11111011010111
00101010011001
00000000001010
00010011011101
11110100000011
00101110111101
11101000010111
00010110101111
11101011111100
00100111110111
11100010011111
11111111110010
11100100101000
00001100111110
11011011110110
00000100011111
11100011100000
00000000110010
11110010010011
00010011101001
11111000100010
00010110110111
11101001100001
00011111100110
11010101000000
00100001001100
11111001010110
00010101101101
11110000101000
00100010000010
11101001101001
00011000101101
11101111001111
00101001111000
11111010110011
00011111011000
11111010111011
00011110001001
11110100011011
00101001010000
11101001110111
00011000111011
11011111100000
00001011111100
11001101110000
00000011001011
11101110110011
00000011111100
11100110000100
00010011110000
11100100000011
00100001011100
11010101010000
00000101100111
11101011010010
00100101001100
11001111100010
00010010111101
11110001011001
00010011111011
11111110101110
00110010011111
11110110101000
00011101110001
00000000111001
00011101000101
00000000110100
00101000101100
11101110100110
00011111110000
11001110101101
11111100000101
11010101001110
00011000101010
11111000100110
00011010011111
11111110100110
00001011000110
11011001011010
00011010101001
11100000110011
00010101011111
11101111001100
00010110101001
11011010011001
00011101110101
11101100110101
00011111010001
11111101010110
00111000100110
11110001011011
00110000001001
11011011100111
11111110100111
11111001000011
00000000010001
11100010001001
11111111101000
11110000000110
11110010011100
11101100000101
00011110100011
11101011111101
00000100011110
11101011100000
00001101000110
11010010110111
00010000111011
11100101011101
00100110011110
11010011110000
00001000011111
11101010101011
00001100111111
11011100100111
00110001000001
00000101000101
00100011110100
11111010010010
00011001111001
11101000111111
11110000100111
11011111010110
11111111000110
11011101111100
11111110000000
11011011110011
00001101100010
11010111001101
00100110101101
11101110000010
00001000110001
11101010010001
00100001011011
11100101001101
00100000011001
11111011000011
00011011001101
11111011000011
00011110001011
11101101001000
00000101010101
00000011001100
00100100011100
11110101111100
00110001001000
11110000001010
00100011000100
11110001101101
00000011001110
11010110000001
00100011011000
11101111001011
11111101010000
11101110101100
00001010010110
11100010100111
00001111001111
11101011101000
00010110100010
11010110100100
00000010111110
11011000101111
00000110100011
11011000110111
00010110010001
11011100100010
00000100010001
00000100001101
00101111111010
11100110110000
00011001101111
00000000010010
00100101010111
00001010110000
00101011111110
11110000111101
00100110110101
11011110000000
00010111011001
00001110110100
00101101011011
00001011111011
00010110111010
00001001000001
00100111000101
11110111110100
00100111010010
11100111010010
00000010110101
11101011011111
00001010111011
11111000010010
00010000001110
11110001010100
00001001110000
11101010000111
00010111000111
00001010100001
00110100110110
00000010100100
00101111000011
00000111110010
00100010100000
11101001101100
00001001011000
11101000010001
00011100001111
00000001000101
00100011011101
00000100010011
00110010111100
00001111001101
00101101111010
11101110111100
00100101010010
11011011101000
00001011010011
11100100111000
00001011000001
11110000010000
00000011111010
11101101101000
00011101110000
11111101110110
00111000100001
11111011111100
00100001110111
00000101111110
00011111001010
11111101101000
00000010100111
11001000001001
11101100101110
11011100000111
00001010011100
11011101011111
00000100010011
00000000100000
00111110111101
00001110101010
01000001101001
00010101100101
00011100111010
11011000100001
00101010111011
11111100111110
00100001000010
11110110010100
00011111111000
11011001000110
00100001101110
11101100101000
00101000000010
00010010110100
00011010111001
11101111111010
00001100100010
11010101011010
11101010101000
11000001100000
11100010100100
11000000111100
00001100001001
11001110001000
11110111010011
00001010011111
00111100100110
00010001111001
00110001011001
00010110001110
00100010101001
11011011001011
00000111111101
11011000111101
00100100101000
11111011101000
00101100000000
11101010011100
00010101101001
11110000110000
00101010101001
11110001100100
00100011110100
11110110110011
11101011100011
11010100100001
11101101001100
10111110011101
11111000000110
11000110011011
11110001110001
11001101100010
00001111001101
11110111111100
00100010100111
11101000101010
00100011011001
00001100100101
00100101000011
11100110100101
00000111100101
11111010101111
00010101011100
11110010111111
00101101100001
11110100100101
00010111111010
11100111001010
00111110111010
11111101100101
00101000101001
11100100111100
00001010000110
11000110101001
11110010100110
11010011110001
11111110010000
11100000011001
00011100101001
11100101100001
00100000011000
11100110011100
00011100011101
11101110110100
00000110000110
11110111100100
00001011110101
11110010010101
00011010111001
11100010000111
00101011000010
11100000001111
00100011001100
11101101100010
00110000011011
11110000011010
01000000110101
00010100010111
00110110110100
11111000000110
00000101110000
11011101010100
00010101100001
11001010010000
11110110001111
11110101000011
00011010001101
11111000000110
00010000100110
11011101101000
11111010000010
11001001110100
00010001110110
11111100111000
00101001010110
11100101011010
00100011001011
11011101110001
00000010011111
11110010010000
00010010001000
11111110000000
11111111110110
00001000011011
00110110011111
00100010101101
00100101011101
00011101001111
00101000101000
11100100111001
00100001101000
11011001010110
00011101000101
11101010101101
00011011000111
00001001011111
00000000001001
11010101010001
11111010000001
11011010100101
00001001011000
11011111011100
00110001000110
11111101101101
00001010110011
11101001000011
00101100000001
11011000101010
00001011100000
11111010000111
00000100101000
11101001111101
00010101011110
00010011101101
01000111001111
00100001011000
00111000100011
00001100001110
00111110111101
11111010101011
00101100011011
00000010001111
00010011111100
11101110010111
00000111001101
11011101111010
00001011001000
11010111000000
11110111011100
11111011100010
00101001010010
11101111110000
00001011110010
11110000100011
00101001111101
11110010101001
00100101001100
11001100011000
11111110000010
11111000111111
00100111101010
11111000100101
01000010101011
00101100011110
01000100111101
00001000010000
01000001110111
00001000100011
00111001110001
00000000101010
00001100100110
11101010011011
00010110111010
11011101000001
11110100100000
11000011101010
00100010011010
00001110010011
00011111110010
11100110011000
00010001010000
11011101001101
00010110001000
11101010110011
00000011111111
11100011001000
00010010101010
11110100111011
11111100111001
11010000101100
00001101010110
11111001110000
00011011011101
00001001000111
00100101110101
11110100100110
00111000111110
11101010101111
00011000101001
11011000001000
11110111110010
11010001001000
00000100010011
11011000011101
00010110110110
11110110001111
00101110100100
00000111001000
00100001101001
11011000001010
00100111010001
11111111110011
00011101001001
11101001010101
00001010110000
11010011101001
00010101110111
11101000111101
00010110000101
11100110111010
00000000010101
11111010011011
00100011010010
11101111100000
00001111011001
11110101001011
00001011110110
11101111001100
00001010000001
11011001000101
00100001000100
11101010001111
00110110000110
00000111001011
00011110101111
11011010000110
00000011000011
11111111100011
00000000011110
11011110100000
00100111000001
11010011101011
00010101001101
11100010110001
00000011110111
11100110010100
00000011110110
11110110100111
00001100001010
11110011110011
00000001101000
11100010101001
00010001110000
11101010101100
11111011100011
11100000000011
00000111000100
11100011100001
00010011000100
11100011000111
00100001110110
11110111001111
00100100111101
00000000100011
00101010111100
11010100011110
00101100011000
11111111001011
00101010111110
11111010100001
00010110110010
11010010111010
00100101100011
11011110111110
00001100011100
11110011000000
00010110101111
11100001001100
00010010001011
00001011010111
00011000100101
11110001110111
00010111011110
11011111111010
11110111001000
11110001010000
00100110110011
11111001010011
00100011001100
11110101101101
00010111110000
11011011000001
00101011100100
11111101111100
00100110101111
11010110010110
11111111100100
11010100000110
00011100011110
11000011011100
00011001101100
11010011101011
00011100011101
11010101110111
00000001000111
11101010001000
00100000100010
11011010101111
00001111110010
11110000000011
11110111100100
11100010001001
00001101001010
11111001111000
00101000100001
11110001010110
00001110001100
11100110100110
00101101001000
11100001011001
00000010111111
11101100110111
00010111101011
11111110000111
00010011111100
11101010011000
00100101000111
11100001010001
00000000101000
11000110111010
00000101111011
11100101011010
00000110001110
11100011110010
00011001101001
11010010100111
00010111011001
11011001011010
00100001100010
11010100011110
00101011010010
00000100111000
00010100101100
11110011101010
00001000010000
11111000111010
00100110100111
11110010000011
00100101001010
11011001101101
00101100100100
11010111101100
00001100100100
11100111110111
00101000110000
11011100110100
00100111100001
11010101000110
00000011010011
11101001100011
00010001100010
11010111100110
00001010110111
11110000001000
00001011101011
00000010000001
00010111100100
11100101011011
00101101001110
11111011011101
00100110011110
11100010111001
00001010001101
11110110111010
00000000010001
11101111011100
00010001001100
11011001001000
00011110011001
11110110011100
00100000011000
11100001110111
00000100111010
11111110111100
00000110100111
11111010111010
00011110111100
11110101000011
00100110110001
00000001100110
00010000101010
11100100100111
00101011110101
11101111111000
00010010010110
11011111011110
00100001011100
11100110101100
00011111111000
11101001010001
00100011100000
11100111101100
00001001000111
11111111110000
00100001101011
11110110101011
00010000110011
11111001111100
00000011011010
11111101101000
00001111101000
11011100001101
00100000100001
11101011010010
00100100000010
11010110101100
00010111000101
11100110101110
00000010000110
11101011000011
00011010011111
11110010110000
00001110000001
11110011001110
00100111111001
11100111011011
00000111110100
11101000110100
00000111111000
11011000101100
00000001111001
11010101001001
00010010110111
11110101000000
