00101010100111
11010101000110
00001100000101
11110101010101
00010000011101
11011111110011
00101011010100
11010110001111
00100001011001
11100010110101
00011000010101
11011111001111
00011100111100
11100000100110
00000011000010
11111110010011
00010101001110
11111001011000
00010000010101
11110001111100
00011011011010
11101001111110
00100010111011
11100001010000
00011001000010
11011110110110
00011110100111
11010100001111
00000101010110
11111010000010
00001110101010
11111100110110
00000100000101
11100101010001
00001101110101
11101011011110
00001110000101
11110011100110
00010001011100
11111101001100
00101001011000
11010110000010
00100100100101
11101000101000
00011100011101
11011001011010
00011011010110
11111011001001
00000000010011
11010100010011
00010010111001
11100100010001
00010100111011
11110110111110
00001101101011
11111110110110
00101010001100
11010011101111
00000000001000
11111101010010
00000101011100
11110001001111
00000101110111
11110110010110
00101000111101
11101011010110
00011100110110
11110011110001
00011110101100
11111011010111
00001101111111
11100111000011
00101110010101
11111010000000
00000111111011
11100010001100
00101000111101
11011010011100
00100001001111
11010101000111
00100011111100
11111000111010
00011001111110
11110011111110
00010000001000
11011000010111
00001101001100
11110010100000
00100111000111
11110010101001
00010000000111
11010010100111
00011001000011
11100101101000
00000010100001
11011101110100
00011111111101
11001111111001
00011101100111
11100000110011
00100100001100
11110011111101
00000011100011
11001111101010
00000100000111
11100111111110
00011000101000
11111000001001
00001101111111
11110010101100
00000100110000
11111001111100
00010100011010
11100001010011
00010010000111
11011011011110
00011001100011
11100000000010
00000011110011
11101001000001
00100111000010
11100010101001
00001101111000
11100000010110
00100101111001
11100011010000
00001110010100
11011011001001
00010101110000
11001100110010
00001111111011
11101010001001
00000101011001
11100000101110
00010100110101
11110110011010
00001111101101
11010100010001
00010001111000
11100001000111
00001011001011
11101001001110
00100100111100
11100000101010
00001000101011
11110010111010
00010000111000
11010100011001
00011001000111
11010001001010
11111100000100
11001101100110
11111001011000
11100010111011
00011010010000
11111000101100
00000100000100
11001111011100
00010101000001
11001110100001
00011000110101
11101111001111
00010100000110
11100010101100
00010011100100
11011110111001
00000000110010
11011110010001
00011011100001
11101101001011
00010011101010
11011001101011
00101000010011
11101101010000
00001101110101
11101000111001
11111011010010
11011011010101
00001100011010
11011101001001
00001010010110
11100111101011
00000010010010
11000110011011
00001001011000
11000101101010
00010000111000
11101100110110
00001110101101
11010111100000
00100111100100
11110101011111
00010011100001
11110111011101
00000010110011
11011000110100
00100010100111
11111100100101
00011011111100
11101110001101
00010011010010
11110101010110
11111101001101
11011001011000
11110000011110
10111100001001
11110110101101
11001001011101
00010110011111
11011000011100
11110101101111
11001111111100
00000100110110
11011011100100
00000101000100
11101011000001
00001001010011
11101010001010
00001100000000
11111010110000
00001001110000
11110111011011
00010001011010
11011011110010
00001011000111
11101011110010
00011110100000
11111110101011
00010011111011
11101011011011
00000111100000
11101011001010
11110101001111
11000011100101
11111001011011
11010011010000
00001110100001
11010001101011
00001101100011
11110010011110
00001100000111
11100111011010
11111111100111
11000111011100
11111110111111
11100011100111
00000111011001
11010110111111
00100011111101
11100101010011
00101010011111
11110101100011
00011101111100
11110000011101
00000001101110
11010110011001
00011111101111
11011000000111
00011110000010
11100000111011
11101001000010
11010101001010
11111100011011
11101001001111
00000001000000
11100110111000
00010000010101
00000010010100
00110011111010
11110001010010
00100001001101
11100001101110
00000011101001
11010111001010
00000111100101
11011010101101
00010001011101
11101011001001
00011110101010
11110011100111
00101010111100
11100010111010
00010110011110
11100010101010
00101001001100
11100000000111
00001011011111
11001100111000
11111001000011
11010110110011
11111110010100
11110001001011
00100101100111
11110101110010
00110101000100
00000110010111
00101001101101
11011111010101
11111100000101
11101100110011
00001011101111
11110100101101
00001010101111
11010110001111
00000100100110
11101010110000
00100011000110
11101100100100
00101001010101
11101011001010
00011111100100
11010111001100
00000010110110
11101111101101
00001100100101
11101100111001
00010010110011
11101101101110
00011101100000
11110101001010
00010111110101
00001101000100
00101010111001
00011110101111
00101010100010
11110010000110
11111000001011
11001110010010
00011010011100
11100000100101
00100000010101
11101011110101
00011100100110
11111000111111
00001110111001
11011111110110
00011100101100
11111011010101
00000110010011
11100101100111
00010111001110
11010100100010
00001110101011
11011010001010
11111100101101
11001111011001
00011000111001
11010010110100
00001010110110
11110001111101
01000011111111
00001110000110
00100101101010
11101010010011
00010101111101
11011101111011
11111100010000
11110001101010
11111011010001
11110001011101
00010111100100
11010111101001
00011101001011
11110101110110
00000001001111
11010011100010
00101001111100
11100001011011
00000010101101
11111001001011
00001000011100
11011111000010
00101010101100
11011111110000
00001000001010
11111000010110
00100101010101
00001111100001
01001000001100
00000111111010
00100101110100
11010101010010
11110011011101
11001110100110
11110110001000
11110101101000
00100001111101
11100110100001
00000011010100
11010110001111
00100001011111
11100000101110
00100011010110
11101101010111
00101001011111
11011011000001
00010001001100
11010110111111
00010100011101
11100111100101
00101001101000
11011100101011
11111110111010
11010100000100
00011011010011
00000010000111
00011101101100
00010111000101
00101000110000
11001000100101
00000010100000
11010010001011
00010101110001
11010010111111
00000001100101
11010011010101
00100101100011
11111110010100
00010011010010
11111111110001
00101001101011
11110111011000
00011111100101
11011111001010
00011001111110
11100001011010
00010100011000
11111010001010
00010001000000
11110011100011
00001010101011
11101011101000
00011101100101
11111010101101
00101010011011
00000100001100
00010111010101
11010110111000
11101100011110
11000011111110
00000001010100
11010001110101
00001011011101
11110011001010
00011001010100
11100101010011
00000101001011
11101010000111
00011010100001
11100110110010
00010110000001
11101000001000
00011111101010
11110100011100
00000101100010
11100110011110
00011000111111
11010100111011
00001001011011
11101010111111
00010100111101
11110011011101
00111111000011
11101111100111
00010101000000
11011010100110
00000011110100
11001000001001
00001110110010
11010000010111
00010110011101
11110101111011
00010110100100
11111000011101
00001011110111
11110110001111
00011110011000
11101101010100
00011111011000
11110011000111
00101001001100
11110011101110
00011001011011
11010011111000
00000111010111
11110101100010
00000000010111
11100110100011
00011110011101
00001011110000
00110100000111
11101000101010
11111010110100
11010010101011
11101110001000
11000001011010
00001100001001
11001110110101
00010111100010
11100111000110
00010011100000
11100110010111
00010010111010
11110110100110
00011010010111
11011111011011
00010010111000
11110011001110
00000011100101
11110100111111
00001001001000
11101111101001
00001101011000
11101110000011
00011010110010
11010111110111
00010011111111
11110011111110
01000000000011
11110010000011
11111010111010
11010111010100
00001110011101
11001100011100
00011000111111
11001001111101
00010100111101
11011110101011
00011000110100
11100010110101
00100100110001
11110001110100
00000011100010
11110100000110
00010111010101
11100001000100
00101001101100
11001101111101
00011100100000
11110110010011
00001000110000
11110010010000
00000111101001
11101111010010
00100111110011
00010011101011
00010101100001
11110000010101
11110011110000
11101110011001
11111011010111
11011101001110
00001010001101
11101101000011
00000000010111
11100100011001
11111011010011
11110111000110
00100110110000
11011111001111
00100010001010
11100000110100
00000001111010
11011001000110
00101000010001
11100000100010
00010110010001
11010111011111
00011101000000
11101110010110
00000001000010
11100110110001
00100010000000
11111011111011
00001100011100
11010101001010
00001101101100
11110011101110
00010101100110
11010111111000
11110111101101
11100111110001
11110110000001
11010111011100
00001000010101
11101011011111
00000011101110
11110001100011
00011011000101
11010101010110
00000010000111
11101111000110
00011011110001
11111100100010
00001100110110
11101010001100
00011011000000
11010110110001
00001111101001
11100110110101
11101011010011
11011000110100
00100001010010
11110111100011
00000000000010
11100000011010
00011101010001
11100000001101
00011110010110
11010111000001
11111000111010
11110011100110
00100100011001
11111001010110
00100101101010
11111000110110
00011010000001
11010110100010
00010101100000
11110111101001
00100110110010
11101111011111
00100000000111
11101100101110
00010110011010
11010011110001
11110011100101
11011000010011
11110011110001
11001001110001
00001111110000
11100011101110
00011101010111
00000100100111
00101001100000
11101101001010
00000011010000
11100001101110
00100000111001
11110100111110
00000110100011
11010110101000
00001110101111
11111111100100
00000010101101
11111000011010
00000111100111
11100001110111
00000101000001
11101100000101
00101111010000
11010111011110
00000100110011
11100001110001
00000101101011
11001101100101
11111001000100
11010010111100
11110110001101
11101011010010
00011100001110
11110001111000
00010010111011
11011101101110
11111111001000
11001111001100
00000000000011
11110000100000
00010100010010
11010101100111
00010110110110
11100100110000
00100110111010
11011011010010
00011011101101
11010101011111
00101011000110
11011100101010
00011001000011
11110011010000
00000000111101
11011011010000
11101110101000
11001101100111
00001100000110
11001011011101
11111011111011
11000101000001
11111100000110
11100011101101
00010110000101
11100100110101
00001101010110
11011011111110
00001001111000
11101100000100
00100000011101
11110001110001
00100001100111
11110111111111
00001011111100
11110101000110
00100011010010
11111001111100
00000001111100
11101100100001
00000000011101
11110110110000
00000000101011
11011000111111
11110111011101
11010111110001
11110100010010
11100101110010
11111110000110
11001101010010
00010110010010
11011001101101
00011100101100
11010011011100
00001111101110
11110101100010
00010101011110
11100000000011
00101100011011
11011111101110
00000110111101
11011111111100
00000001110000
11010111011011
00101000000101
11110010010011
00000110101000
11100001010101
00010011100010
11110101101000
00000010011011
11100111100100
00001010101111
11110001011001
00000010001100
11101001100010
00100100110110
11110100111110
00010111011101
11110101101111
00101001011101
11101111011001
00101000100111
11100001011000
00001100111011
11110011100110
00101000011001
11011101010101
00101100010100
11010111111111
00010110001010
11111001100001
00011011010001
11101000000110
00000010010000
11101001011100
00100101100101
11110111000001
00001000010000
11110011011001
00010010000101
11110011100111
00100011000001
11100001100111
00011000101000
11010110010101
00000011001111
11101010100101
00000011100111
11100001110111
00011101000111
11111101000100
00000000101001
11100110110110
00100001000101
11110010001010
00100101100000
11100011010101
