00100101001001
11111100000100
00011010001011
11010110010011
00011110011001
11101110101100
00010110110111
11110010111111
00000000110101
11111011011011
00010110100111
11100101111011
00100000001100
11110010000101
00100100100110
11010111000111
00000101001011
11011111101010
00100100010111
11010100010010
00101011000101
11010101011001
00101011111001
11011100110000
00101001001101
11010111100111
00101010100110
11100111011011
00010101110100
11011110001010
00000011101011
11110001110111
00100101110010
11100010001010
00001011000000
11101000011111
00000001010011
11011101001000
00100100001101
11111100110011
00100110000101
11110001101110
00011101001010
11100101111111
00011100111001
11101010110110
00010100111101
11011110001101
00001000001100
11110001101001
00100000000101
11111001001010
00001011010110
11100000110000
00101010000111
11111000010000
00011010110110
11011000000110
00100000010110
11111100001111
00011100111110
11011011111111
00010001110000
11101010000011
00010011101011
11011111101100
11111011111011
11100101110011
00010000001001
11011001110011
00010111011001
11110000000101
00000001000010
11101110011001
00100000010110
11011010010111
00011100110111
11101101111011
00010100110111
11010111000101
00011100011011
11110101111001
00000010101011
11011000001111
00101001011010
11010011001110
00000010101110
11101000110010
00100111111100
11011100011001
00011010000001
11100111100100
00011000111001
11111110101001
00000100011101
00000110010111
00100011111100
00000101010100
00010111011011
11110101110010
00100101011010
11110000100011
00000100110010
11001011001011
00001010000111
11101111000110
00011011100011
11111001101100
00010110110100
11110011101000
00000001101101
11111001111011
00010110011100
11111011101000
00000001000100
11101101000011
00000101100111
11111101110111
00101101011010
11011000100101
00110011000001
11111100101011
00110001101101
00000111101000
00101111110000
11111101101001
00011011011010
11110111111001
00011100101111
11111101101110
00001111000000
11100111011010
11111110111001
11010010000111
00000110101111
11010101101001
00011110010011
11110101011101
00100011111110
11110010111111
00010101110000
11011010001010
00010011000011
11010100011101
00110000001010
11110110101000
00100010011010
00001010100001
00011111111001
11111110100001
00011001111110
11111101001110
00110110010100
00000100000110
00111110000110
00001110110010
00100100001010
00000010100001
00101001100011
11100101111001
00001011101001
11101101001100
11110000000100
11000101100111
00001101111101
11100001010110
00001110111001
11101101011010
00100011010000
11110111101000
00011111000010
11110110101101
00001010111100
00001010011001
00011110100011
11011101111000
00100000000001
11101001111011
00001100011000
00000000000101
00010010110000
00101001110010
00111111000100
00000101101001
00111111011111
00001010011101
00011110000000
11100001011001
00100000111101
11111001001000
11111101010010
11010101011000
11101000101100
11011011101001
00100010001100
11011100111010
00000011101011
11110101011110
00000111100101
11011100101010
00011110101000
11101000011010
00010011111010
11100111111000
00100001010011
11110101010111
00011011101011
11101000111011
00010011110011
00000011000110
00111101000011
00011011001110
00110000111100
00010010011111
00010000110110
11111010111100
00001111011100
11100100001110
00001011101110
11010001101110
11110111000110
11101010001100
00001011010010
11011101101000
00011100111011
11111000000001
00010110101110
11100001101101
00011010011000
11100101110000
00011000100011
11000111000000
00000011110111
11011110010111
00001011010000
11011100101001
11111010110000
11010001000110
00011011010000
00110001001000
00111110110101
00000001010110
00100000110001
11100100000101
00100101001011
11110001101101
00010010101000
11010001111010
11111100101101
11010100101100
00010001101000
11101100010001
00011011110010
11011101010111
00000111010010
11110011011000
00101000010100
11011000001101
00010101111011
11001100101011
11101110001111
11001001011000
11110000000001
10110111111110
11010100101100
11001001001110
00101010001010
00100001000010
00110111110110
11111111001111
00101011001100
11110100101011
00010100101011
11100101101011
00101010100011
11101100010001
11111000101000
11010000011110
00001011011001
11111001010101
00001000001110
11011101101111
00011000011110
11011011000111
00001111001111
11001011111001
11011110000111
10111101011111
11100010001110
11000111111000
11101000110110
10110000100000
11011101111010
10111101001001
00110100000001
11101110010110
00100101100000
00000101011010
00101111111110
11111100101110
00111101100100
00010011001011
00111101111011
00001100011100
00001100110011
11001110001101
00000011111100
11101101100111
00011100101100
11101101000101
00010111111001
11011001010001
11111011111101
11100000101001
11110001101000
10111011011111
00000001010111
11000100111010
11101000101111
11001001100110
11110110100110
11000001100001
11111001010111
11011010100101
00010010011001
11110110001111
00100011011101
00001100101100
00101010100111
11110010010100
01000000110001
00010010000010
01000001000001
11010110011000
00010001110111
11111110011110
00100011110101
11101000011011
00010010011111
11101000111101
00011100110001
10111111111111
11110011101011
11100010101000
11111010111001
11100001000011
00010110000000
11011110100011
11111110111100
11000001011101
11110101000011
11001110100010
00000010111011
11000100110100
00011000010010
11100111110010
00101011101000
00000000001111
00111010101100
00001001101001
01000010011001
11010111001100
00100001100100
11010110011011
00100001100001
11111000010011
00101001101101
11100100111110
00010111100000
11100110101101
00101010110110
11110000001101
00011000101101
11101101100000
00001001000111
11010001010011
11111101100100
11011010000011
00000111110001
11000000110001
11110100010010
11100011001101
11110111111001
11100110010001
00011010101100
11011010111110
00101110000100
11110101000111
00111001111110
11011000111000
00000111110000
11010100100001
00100001001101
11010111001000
00100111110010
11101001000011
00000111100110
11100101010010
00011010011100
00000000111110
00011010101100
11111101110011
11111110001110
11010111111000
00000001011110
11101101000010
11111000110001
11001100011111
11111101111000
11010001001001
11111010110000
11101101001101
00011010101000
11110110111101
00001001001100
11110001011001
00001101100100
11111011000011
00010011000010
11111100111100
00101010110000
11100111110001
00000001110111
11100000101010
00100001001100
11111010000100
00100111111010
00001100100110
00110011001110
11111111010010
00001011011110
11101010111000
11110000010111
11001010001010
11111110100100
10111100101001
00000011000011
11010000111100
00100011100100
11100001110101
00011011110100
11111011100110
00011000000010
11110010000001
00010100010100
11100001000001
00001011001111
11101101000100
00100100010111
11100101001111
00010111101001
11100000010100
00011000010011
00010101001001
00110110111111
11111101101110
00100000000110
11110010100111
00001101011000
11100110011100
00010000011111
11010010101101
11011011110110
10111110011100
11110111000111
11111010111010
00101011111001
00000100111011
11111101001000
11100011101101
00100101001100
11100011101000
00100001010010
00000001000000
00001111110100
11111110001000
00100010011010
11101000010001
00010111010010
11101100101011
00011001101001
11110111010100
00100111100001
11111101110110
00010111000010
11011010101001
00100011101010
11001100100010
00000011111010
11100000101000
11100011001111
11010010101000
00100010101111
11110110100111
00011111110110
11110001111010
00010101101011
11110010010011
00110001110011
11100001111010
00100001100001
11101101110010
00010101110001
11101111000101
00011001100111
11011101001110
00010100110000
11111100001101
00100000010101
11110100110111
00101101011101
11101001000111
00101000110111
11110011011000
00100000001101
11110110001101
11111100011011
11010010101111
11111000110101
11101000100000
00111010101100
11111100011011
00110011010000
00000111101010
00001010011000
11110101001111
00001101001110
11011100100011
00010100001100
11111011101110
00011110101110
11111101111101
00100000101100
11111010100111
00010100110000
00000001111100
00111011110001
11101101111111
00100000101100
11111000011010
00011110001110
11101111011011
00110011100000
11111111110110
00100110110011
11100101010101
11111110100010
11100101010000
00100000110110
11110111101111
00011110000000
11101111100001
00001100000101
11110111001010
00001101111111
11110010110101
00011100110010
11101100010011
00010000011110
11010110110010
00100001011000
11111111011011
00101100111101
11111001001011
00011101110101
00000001000001
00100111011101
11111010001111
00000000101101
11110010001011
00010011100001
11100000110101
00011111000001
11010001111010
00100001110111
11100111000100
00010011000101
11100111001000
00101110010000
11111010000000
00001111010011
00000011110010
00001110110001
11110100111000
00010111000000
11101011111101
00011110011100
11010101110110
00000010100001
11111110111111
00101000011001
11100110110010
00010100010110
11110000110001
00010100110100
11111001001010
00001001001010
11111110011010
00001001101011
11110010111010
00010011010000
11101110000110
00011001001010
11101101111111
00010101000010
11110111111001
00001110011111
11101000100111
00100111110000
11011011100011
00000101000110
11010111110000
00000111100000
11110101010010
00001011010011
11101011101000
00100100100000
11010110111101
00010011100111
11100000000000
00110101100100
00000011010110
00101011010110
11100001011001
00010001111001
11100100011000
00010011111100
11111000111111
00100111000000
11101011101010
00010101000111
11100011110110
00011110010001
11101111011111
00100100111001
11111010100111
00001100100111
11111010010110
00100110000010
00000000011110
00000111010111
11011101010100
00000000101101
11111000000111
00000011100100
11110100011110
00011101011110
11011011110001
00001100011001
00000010111011
00101001100111
00000011011010
00010001111111
00000001100010
00001111011111
11111001011001
00011110100101
11110101010101
00010110101010
11101001111001
00001100011100
11100001100110
00101000011010
11110000101000
00010000101001
11011010101101
00010111011000
11011110001001
00101010000100
11110101110010
00100101101101
11111110001100
00000000110011
11011001110111
00001010010100
11111101010001
00000110101001
11011001110010
00101000011110
11101110011100
00100001010111
11011001010111
00001101110011
11111111111010
00010110100111
11110011001001
00011011010100
11011111001011
00010101010011
11101111001000
00100010001001
11101010000111
00010010100111
11011000001010
00011100011010
11111100111101
00011010111110
11111011001111
00100101111010
11101000101110
00001111010111
11100001100011
00011001001001
11101111101001
00010110110000
11011010111101
00001111001001
11011000100010
00010001010010
11011101111000
00011000010111
11011011101111
11111010100111
11100011011011
00001111011101
11100001000100
00010110100011
11101101111011
00100110011101
11100111010011
00001101000111
11010011100110
00100011100100
11011001101001
00100010100001
11101011111011
00101000111011
11101111110111
00011001011001
11011110010101
00100111011011
11010111010000
00010011010011
11101011111111
00001011100010
11010011100011
00000110110111
11011001000001
00010011101011
11010010100010
00000001111111
11011111001010
00000010101110
11100100100001
00011101000010
11001101001001
00011111001010
11100001010011
00000110101100
11011100001001
00000110101001
11101010011000
00100000011101
11010100100111
00001110111111
11101001110010
00010010110101
11110101000101
00100110010111
11010011110001
00101100100110
11011111000001
00101000001101
11101101000000
00000111111111
11110111101101
00010000001000
11101101110111
00100111100000
11010010011111
00001000101110
11111011011111
00010101110011
11100101000000
00010011011100
11101111100100
00011001000100
11110100100100
11111111011100
11011111110000
00000001000001
11111000101000
00001000111010
11011110100010
