00010110011111
11111101000100
00100001000001
11011000101010
00001000010111
11010100000000
00101000100001
11101010001011
00000111110110
11011011100110
00100010101000
11101010000110
00101000100110
11011001001101
00101000001110
11111110010101
00100001110001
11111011000011
00011110100100
11110000010000
00010011111111
11111100001111
00100010000001
11100001010101
00100011010100
11110100110101
00010100001101
11100111000000
00101001110110
11101100100001
00011000010101
11101100011110
00010110011010
11110011011101
00001110001001
11100001010110
00001011111000
11110110010010
00001000000101
11101101011110
00000001101000
11010101110100
00101000111000
11010101000000
00100100000110
11011011000111
00101011101001
11100110100111
00101001110111
11100010101001
00101001001010
11101110111110
00100001001010
11100001101000
00000010111010
11101000010101
00101001100011
11101000111000
00000011111000
11011001011011
00101010100111
11100011110100
00001101011111
11101100010110
00101001101000
11100101111101
00001000111100
11111010101111
00100111001000
11110100000001
00011100111011
11011010000101
00001100111101
11101010101100
00100101001110
11111110100011
00010001101011
11011110000000
00011100101110
11110010111111
00010011001011
11100111000001
00011110001011
11111000100100
00001010100100
11011110111011
00011111000100
11111000101100
00001011011010
11011100100100
00000000110000
11110111011101
00010101110110
11110100101100
00100000101110
11110011111110
00101001011010
11011100010100
00010110011110
11011111001101
00001001010010
00000001101000
00100001100111
11110101111010
00100000111110
11110000111110
00010101010001
11010100110110
00001001001001
11111100100011
00001100110110
11100100100010
00011100011110
11010101000001
00100010110001
11011000111011
00011110111111
11101001011110
11111111110100
11010011100000
00001001100110
11111010101011
00000001101000
11011001001001
00000010100000
11001011010110
00010110000001
11011111100111
00010010010110
11101100011111
00000101100000
11100010100100
00011011010101
11100100100001
00000111111010
11111001111010
00000110010111
11101001001101
00001001000000
11110010101001
00011010110011
11101010001100
00101000110110
11110101001001
00010001101111
11011011001101
11111100010011
11101011100111
11111100010101
11101100111100
11110111110000
11100001110000
11111101111000
11101101011000
11111010111100
11100000011100
11111110001000
11111111111101
00101110001011
11101011000110
00100000101000
11011100101010
00011011100001
00000110010001
00100001010001
11101100010110
00001110100000
11011101100000
00101100101011
11101000101010
00000011000101
11100011101110
11111010000001
11000110001011
00010001101110
11010111110100
00001100110111
11001011000000
00010001001000
11011110000111
00010000100101
11110111110000
00100010111110
11111110101100
00101000000000
11110001111011
00100100111110
11111111010001
00001100101010
11011011111011
00101011100011
11100100000001
00101000000000
11111110110011
00000010011001
11101111101110
00011001011110
11101111000011
00000101100101
11100010110010
00011000010011
11011111001010
11101010001000
11000011010011
11111010100111
11001100100101
00001110111011
11011111001111
00101101100101
11101000100011
00110100010001
11101111110001
00101111101000
11011101000100
00001100110010
11100011111000
00000101011011
11110010001000
00011011010001
11101110001111
00110100100111
11110110111101
00011100110111
11100111010111
00010010011111
11100001000110
00101000000100
11001010101011
11101011010101
11011110001100
11111001010000
10111111101010
00000001100000
11011000101011
00011000010111
11011000011110
00000111100001
11101111101100
00010010010001
11111011100101
00011110010111
11010010110100
00010001011011
11011010001111
00100100101100
11011101111011
00001111110011
00000011111100
00010000011000
00000101011111
00100110001000
11011010000010
00010001011100
11101010011110
00001111110010
11010000100100
11101101111010
11010001100000
00001110000011
11101111000000
00001110101010
11101010101100
11111001101001
11011110001111
11110011010000
11101011111000
00010001111101
11011001000010
00000110111110
11100100000010
11111011100111
11101000110001
11111111001011
11001101110111
00000111100110
00000001101001
00101101011101
11100011101100
00001000101111
11011000101110
00100011011111
11111101101110
00011100110111
11101010000001
11111101110101
11100011001001
00100101100000
11100100011001
00011010101010
11101011001011
00101010110001
11101010000001
00000010010100
11010011110001
11100000101101
11010001100001
11101000110011
11010001101001
00000110110110
11100001011010
00001001110000
11110000010110
00011100001000
11011101101100
00001010101010
11111101011011
00100001101011
11111010011001
00100011100000
11010011111110
11111011010110
11011000011111
00010101000100
11011001000101
00101010010011
11111100000000
01000001111011
11111000001000
00011111000111
00000011100010
00000001010101
11000000000110
11000110101100
11000001011000
11110101111111
11100011101010
00001011011011
11110101110111
00100101111100
11100110011000
00010101101001
11110010100100
00101011011011
11110011001111
00000100000010
11111000001101
00001111101100
11011000010000
00001000101100
11101111101011
00010111100001
11110101010010
00101110110010
11110001010000
00011010100011
00001101101100
00101000101110
11111110111100
00010100110010
11101101000111
00000110000100
11100001100011
00011010010000
11111110011100
00010111000011
00000000000111
00110011100100
00000010010011
00101110101011
11110110100000
00101011000000
11110101110001
00101100000010
11011110000100
00010110010001
11111011111101
00100101100101
11010001110101
00101001000011
00000100111001
00111010110000
11110110101100
00110011001001
00001011011011
01000010111000
00110001001110
01000101011111
00010011100011
00110100101010
00000110000111
00011101001111
11110111001010
00100001001111
11111010011000
00001111011111
11101100100010
00100101110110
11101111110001
00101010000001
11111010101011
00010100101110
11100100001110
00001110101000
11101011110000
00001110110101
11010110000001
00010111111100
00000011001000
00110110000110
00000100101100
00110001000100
00001001100100
01000100010011
01000001011000
01000110001100
00000100111100
00101110111011
11111000000010
00011101111010
11110111001001
11110011000011
11010000100000
00011110101010
11101111001010
00101000100110
11100101110000
00101100100000
11110101101001
00011111101100
11100001100101
00001110000111
11110111101101
00001100010010
11100000100101
00100001001111
11111110011101
00110100110011
00011101011101
01001000010100
00100010000000
01000011000101
00011100111100
01000011110010
11100110011011
00010101111111
11111011110111
00011000001001
11110011111001
00001010010111
11011111000100
11110011111101
11000110011100
00000100010101
11111111110100
00000101101001
11111100011100
11111111111111
11010011011001
00001011000000
11011110111111
00011101001100
11100101100101
00110000101110
11110111011100
00110110011110
00010111011110
01000011111100
00010011011000
01000110010110
00010000010101
00101111000001
11100101011011
00000100111100
11110001000000
00000110001000
11100011111000
00010011011011
11001001011011
00001101010100
11001101110111
00100101100111
11110111011010
00001101010011
11110011000100
00001110011101
11101011000010
00001010010101
11101111001001
00010011101011
11101000111001
00001111111100
00010110001000
00110000000000
00100111101111
00101101000101
00011100010010
01000010010011
00000111111011
00100111011101
11100101101110
00000001101011
11101010010100
00011110001010
11110000011010
00001000011001
11010110111000
11110100101011
11101100001100
00000110110011
11010010010100
00011001000000
11101110001110
00000111001111
11010011010001
00010101110000
11100110111100
00010011101101
11011011011111
00110101010100
11110010111100
00101111010000
00011100111011
00100010110000
00011000011001
00101010110011
00001100011111
00001011010011
11010110011110
00010101110011
11110111000100
00100011101011
11110110100001
00001000001100
11110100000101
00010011001001
11100101111010
00101010001111
11100000001110
00010101000000
11101110000110
00100010000100
11111011100000
00011100011111
11010011011000
00000010111000
11110011011111
00011100011010
11111110010111
01000010001101
00000001001001
00100101001111
00010000110001
00100100111101
11100100111001
11111101101011
11011011001001
00010011001100
11100010111110
00000100010000
11110000101110
00010111010110
00001110100011
00100100001001
11111001111001
00011001010110
11101110010101
00011010101011
11101101010101
00001011011001
11111110011111
00100001001100
11111110001100
00000101011000
11100111000110
11111111100011
00000110100101
00101110111010
11111111110111
00110010001101
11110110110001
11111101011001
11100010100011
11111100110010
11100001101010
00010111101110
11110000111111
00000101011101
11110000001011
00011110101110
00000100110100
00001101011010
11110001101100
00010110000011
11010111100100
00011100101010
11011111000100
00010011001100
11110111010000
00000110000111
11100000010111
00001001111101
11010011101100
00011011110000
11110100100100
00010101110101
11101100101101
00100101000010
11101100001111
00010011100111
11100110011001
11111101011001
11101100000001
00011010010011
11101011111010
00010111111011
11101100101110
00001001110110
11100100111101
00110100010001
11110110001001
00010010000011
11111100101001
00100111111011
11100101111110
00000010001000
11101000101010
00001110110100
11101010000011
00011111101001
11101000000111
00000010011001
11001100111011
00000101000011
11001000010000
00001010111001
11101111111100
00100101100000
11100010000111
00010100011011
11110100101101
11111110011011
11100001011011
11111110100100
11010111100111
00100101000000
11111000000001
00010100001010
11011110111000
00010001110110
11110101101101
00010011000100
11101100001111
00010010100101
11110010100000
00000010100011
11101011001000
00100100101011
11101100100010
00100011001000
11011010111110
00001010011101
11010111000110
00000110001010
11111001001111
00001001111011
11011101101010
00010110111011
11001011101011
00001000000011
11011100011110
00001001101010
11001011010101
00010001001010
11111010010100
00101100011011
11111001100101
00011101001000
00000001111011
00010100101101
11100110010010
00010011110001
11011001010101
00000010001110
11011001110000
00000111010111
11111001111011
00001010011001
11001010111011
00000101010010
11100001001011
00001100110011
11101011010101
00010010000100
11110000110101
11111111001010
11010000110001
00000110001011
11100001000101
00000011100010
11101010010111
00011001110111
00000111010000
00100000001100
00001011000000
00011000100101
00000000110001
00011000111100
11100000100101
00001100011000
11010011010000
00001101100110
11011111111100
00100110101001
11101111111111
00011000111110
11111101100011
00010001110101
11010101011010
11111100000001
11010011000010
11111010110101
11010100000001
11111101001110
11011000101110
00001000010010
11011010100000
00001001111010
11110010101010
00000111001011
11110100101110
00101101110111
11101101010011
00100000100110
11111101001000
00100001100110
11010111111110
00001101001001
11110010100110
00011011100101
11100110011110
00001101010111
11010110110110
00001110000111
11111010101100
00010000101010
11100000111000
00010010110110
11101100000100
00100011001101
11110011110110
00100011110011
11010101010111
00010101001011
11001101100110
00001111010111
11101011001011
00011010110001
11011100011111
00011010000000
00000000010110
00000001101010
11101110010101
00011111110000
11100011010000
00011000001001
11101011010111
00011000010101
11011010101111
00100010000011
11111000111010
00010010000000
11111101010110
00000011101000
11100010010011
00001010011110
11110000001111
00011000001000
11101011101100
11111111111011
11101111011110
00011001000000
11011011010011
00000101100011
11101010101111
00011010110010
11011101111000
00011010000010
11100101010110
00001101110100
11110101010000
00011011101100
11101111000101
00011100011011
11110001010111
