00000111101111
11101011101011
00001111000110
11110010001110
00010111101111
11101110100001
00011101011011
11110001010001
00000101001110
11111010101011
00000101111100
11111110010000
00011100100011
11100000110010
00000011010100
11111010011100
00001100000011
11101110101001
00010010101001
11100101110110
00001011000010
11010100000011
00100001110101
11011101100011
00000110111001
11100011101010
00100100010110
11111011000100
00000010011010
11111101011110
00000011010000
11110101111000
00010110110111
11101101101010
00011000000000
11111110010100
00100011111001
11110111011101
00010000101011
11010111110001
00001101110111
11101001100100
00101010000110
11010100011001
00000111100000
11111110111010
00000011101010
11101011110101
00010011110000
11101010111001
00000010010110
11100010010000
00010100111011
11011011110111
00010011011000
11100100001100
00010011101100
11110101000101
00100000110000
11101001111010
00001101011110
11011100000001
00100000010100
11011100011110
00001010110100
11110100110000
00100111110010
00000000101011
00010100010111
11111000101011
00101111101010
11100110011110
00100110001011
11011100110011
00100100000000
11011100001001
00101110001000
11100010001001
00010011111111
11110010011011
00001100001001
11101100010100
00101100100001
11011111101100
00001011000010
11101100111010
00001111010101
11100001010010
00011110000010
11111100001010
00000111101101
11010100110011
00101000001101
11011000110001
00100011111100
11111001101000
00000011111010
11100101101011
00001111011101
11110010000000
00101000110100
11111110100100
00010010001000
11110001111111
00110110100100
00001101100110
00011101001011
11011111110110
00100111011011
11011000000001
00000110111011
11111100111101
00001110011011
11111001010001
00100011010111
11100110100001
00011001110101
11111000111001
00001001110001
11110011101010
00001001010000
11101001001101
00000000111010
11101110001111
00000100100101
11010000011111
11111101111010
11010101011101
00001011100101
11101000001111
11111110110011
11110011010100
00011111110100
11111100111110
00001011110011
11111011011100
00010010000010
11100100010110
00000001100011
11110011011010
00010011011101
11110111000111
00001111101001
11011110000001
00001111101001
11111000110101
00001100110100
11010101101001
00001010110111
11011111010111
11110100011001
11001110100111
11101100010100
11011101100101
00001000011000
11100100011011
00001111011010
11101000111000
00110001100000
00010000101000
00110001101100
11011100111010
00011000111001
11110001000000
00001000101100
11100000001011
00010100011110
11011100100110
00000101000000
11100111000100
00000011101100
11101000100001
00100010011000
11101101111100
00010000100101
00000010111100
00100010010101
11100001110001
11110110010110
11000111000111
11101011100001
11011000100010
11110010011111
11100101010110
00010110111110
11100010000100
00011001000100
11011011000110
00001110100000
11100111010010
00100101000011
11011011000001
11111001001011
11011010011001
00100000110000
11100011111010
00000010101110
11101110011011
00010010100110
11111100000010
00101110101111
11101111000101
00101000100011
11110000110111
00110100111001
00000111111000
00011001110100
11011101100011
00010101011001
11010001101011
11111001110111
11000111011011
11110110001011
11101001011010
00001001101001
11100100000011
11111010000111
11001101100001
00000111110001
11101110000110
11100100001001
11001100111010
00010011000000
11110001111100
00000100111101
11101011110000
00101010110111
11111111111111
00101110111111
11111100111001
00011010110010
11101011111111
00101000110101
00000011100100
00010111111110
11101011010101
00001000010100
11101110010110
11110110100101
11011001101101
00000110001111
11110111100110
00010101010000
11101100110111
00010010110000
11001010001110
00001101110011
11011010101000
11101011000000
11001110111000
00001000010101
11110010010101
00000011000010
11010101110110
00011101100100
00000010111110
00100010001000
11110111110010
00011011011001
11110101011111
00011100010001
11100000010000
00001110001111
11100011110011
00100101111011
11100111111010
00001001110011
11011100101111
00101010111110
11111010001000
00010101000010
11111000010111
00001001110010
11100010111110
11111001010000
11010001011111
00000001010111
11011010001111
00100001111101
11111100111111
00011110100110
11110011010001
00010010110111
11100111100011
00010111011111
11100001001010
00101011110111
11100010011110
00001011100000
11101110101111
00000101110000
11101110101110
00101000001001
00000011110011
00010001011011
11010100100111
00011111110000
11101100011010
00100000110001
11101001010000
00010000001100
00000001010110
00101101100011
11011001101110
11111011111010
11011110001101
00001010001010
11111110101011
00011000100101
11110101010100
00000110111101
11111010011110
00011101001110
11110000010000
00101111011111
11011011001100
00000111100100
11011011110100
00100000110111
11100100011100
00010001110111
11011111001011
11110001101100
11010100111111
00011011011111
11110110110101
00100110111101
11110011110100
00100010011100
00000111110101
00101010010011
11111110101010
00010101000110
11100110100110
00001000110001
11011101101111
00011100000101
11100110011111
00100110000110
11111010111011
00100101100010
11011100011001
00010110110110
11110101010001
00010001010011
11111000100101
00001011011111
11110000101111
00100010000111
11000101000011
11001101110110
11010110011101
00100011010110
00000000010110
00010001111101
11100100000111
00001010010110
11110111011101
01000111100111
11111011111111
00110111110100
11110001011101
00010000011010
11101101000000
00011000010101
11100010101000
00001010000010
11111000100101
00001001101111
11011100101010
00011111011000
00001011010100
00101111101001
11100101011111
00100010100111
00001010110010
00000101010011
10110001010001
11100011111101
11101011111000
00110010100010
11011100111101
00010101000110
11010100110001
00001100010100
11110001001010
01000101101010
00100010011111
00011010010000
11100100010111
00001001111011
11010110011101
00100101111000
11100010110011
00010000011000
11101110010011
00001111110101
11111100101001
00110010110100
00000111000101
00100111011011
11100100010101
00101000010011
11111111111000
11111010100001
10110011101011
11011010110011
11011011101010
00001101001001
11100110010111
00001010011101
11111100000100
00011101011100
00010001000100
01000011100111
00100001101110
00110100100011
11110100111001
00011111000101
11100100000001
00100111110000
11111111001101
00011000110111
11100000010111
00100000000111
11101000011010
00010111011001
11110001111100
00011111010000
11101010101101
00011111100000
11010000010000
11101000010011
10110101100101
11100110110110
11110100101111
00011100001111
00000011001010
00011101010010
11111101101111
00101011111101
00010111010101
00110100101101
00000110011001
00011010100110
11011111001100
00001000110111
11010110110100
00101000100011
11111110001000
00011000000000
11011010110111
00000000111011
00000110111100
00100101101000
00000000111011
01000011010000
11110011111000
00011111101010
11011000010110
11010010111001
10111110101001
00000001101000
11100111010000
00010100100000
11111111001110
00100101110111
00011000010000
00110010010101
00010000011101
00100101110000
11101011110000
00010000000110
11101110111111
00100000001110
11100010110010
00100101011111
11111100110001
00011000111010
11011000101111
11111110110000
00000000000101
00011010010000
00001111111000
00110001000110
00101000100110
00111100110001
11100101110011
11110101110010
11010010100011
00011111110000
00000010110101
00011101001110
11110001101100
00111000101011
11110001011101
00101100000000
00000111100011
00101111100100
11100010011100
11111101011000
11001111100011
00010110011110
11100110010101
00000100100100
11101111100110
00001000111010
11001110000101
00001000100100
11011000001000
00001000100001
11011111001001
00110101011001
00011000011111
00110101011010
11111111010111
00000000001000
11100101001100
00010111010011
11010111111100
00010101101010
11110110010000
00000111111111
11111011010110
00000111100011
11011010101011
00010011101011
11100011010110
11101010000110
11100100010101
00100001010001
11110101001000
00001101100000
11110000101101
00100010011000
11100110101111
00010100000000
11001000110101
11110111010110
11011101101001
00000111101101
11101111110001
00011000000000
11101000010000
00000100011110
11101011111100
00011011010000
11100111100000
00001010011100
11101001100010
00010011011101
11110010001101
00001010101011
11100101000111
00000010001000
11010100110110
00000111111110
11110101011000
00011101011001
11101100001100
00011001000100
11101011011111
00011101001101
11010000100100
00010101011111
11100000110001
11111010011010
11010111001000
11110110011011
11001010101101
00001111110001
11110000111000
00100101110100
11111001100111
00101010011110
11101000110110
00101001111011
11111101011111
00001000101100
11010001010111
11111010001000
11001011010010
11110010101011
11100000000010
00001001001111
11100000100101
00100111011001
11011101010000
00100100110010
11100110100000
00001000101100
11100110010111
11110011111010
11010011000100
11111011011110
11001001000010
11110111001001
11010101110000
00001110001100
11110101110010
00100000110001
00010010100100
00111011000110
11111101110110
00101000011011
11111000101000
00010111111100
11100011101101
00001110111010
10111110110100
11110011010001
11001011001001
00100010000001
11101101100000
00001100111101
11110111110101
00000010011100
11111000001100
00101001111101
11010011110100
00010110110001
11110001111100
00000011101001
11010101000101
11110010111000
11011000100100
00010010011101
11110100100000
00001011011101
00010110000110
00010111100000
00011011011000
00010010011110
11011001101101
00010111000010
11001011110010
11111011001010
11010100010110
00010100111110
11100110001111
00010000111001
11111110001000
00010000101000
11110011100010
00010001101011
11100010101100
00010011101010
11101001111011
00100000110011
11101001110010
00001011101010
11101001001111
00011011011000
11101100111011
00010101001010
11101010100000
00010001011000
11101100101110
00010011001100
11111110101101
00011100010010
11110010011000
11111110001010
11101001000110
11101110100000
11101110001101
00001111101101
11011110100010
00010011111010
11101100001100
00000010011100
11010101010001
00010011110111
11101101001111
00001001111110
11011001111111
00000011110111
11100001110101
00010000010110
11011101010000
00001000001110
11101010101011
00011110111011
11101101010000
00010110000100
11100100101001
00001011110001
11100111101111
00011010001001
11110001011111
00001101101101
11010110000000
00000110100001
11011000011001
00011010110110
11100000111011
00011000110111
11101100011011
00001000000101
11111011010101
00100110101101
11110101100100
00000010100010
11110001110011
00011101000001
11110011011010
00001000111000
11100011101000
00101111000111
11101010011111
00010101011011
11111101000010
11111011010011
11110001000000
00011011101101
11101101001010
00100000011010
11110000110011
00010001110010
11010101110000
00000111011101
11001101001010
00001111101011
11111100011100
00010000111110
11110000101111
00011001011100
11010011111010
00100010101111
11011110011111
00000011111110
11100011010111
00101011110101
11111001101010
00101100011111
11101000000011
00010010000010
11110000011100
00000101100011
11101100010001
00010111011110
11010010111000
00010000111101
11100011101000
00000001111011
11110001111011
00100101110011
11111101111011
00001111100110
11101110101100
00011111110001
11010011001110
00000110110011
11110101100010
00101100100100
11100111100111
00011001101111
11100110110011
00010111101100
11110000010101
00001101111011
11100100011000
00101100011001
11110011000010
00100010011010
11010110010010
00101001100010
11110111001011
00000000111110
11110011101101
00011001100101
11101000000011
00001110000100
11111100100101
00001000011011
11110001011110
00010011101010
11010110101000
00001111100011
11010110111110
00001001111101
11111100001001
00101000100000
11101111001110
