00000001001001
11111011100000
00001101100101
11110011100010
00100110010100
11100110010011
00100000000101
11010011111110
00101001100011
11111111101001
00010101101000
11011111100000
00001101000111
11100110001000
00011011101001
11110011110001
00010001100110
11101000000110
00000101101010
11011111010100
00100011010000
11010100011100
00010111100101
11101101011000
00011100111101
11100111010010
00100111111101
11011010101101
00001000011111
11010101001000
00001011000001
11110110011000
00000010100100
11100111011001
00010101110001
11010110100011
00000100101100
11110110010100
00100111101100
11111101100010
00001001100010
11101110101001
00100010011001
11101000100010
00101010000011
11101110001001
00100011000000
11110000011001
00101001011100
11010111010001
00000011010110
11100000000001
00100111100100
11100101000100
00000101110011
11101000010010
00000110110110
11111111000100
00010000001110
11110000101011
00101011110100
11100100110001
00011000110010
11111101001011
00000100111111
11111011101001
00100110011011
11101110111011
00000110111111
11010100011100
00000110101101
11100011101110
00000011110101
11110111001101
00101001011001
11110101001100
00010011111000
11011011110001
00010110001100
11101100001011
00011110010100
11100101011000
00000110010010
11100110100110
00001000110000
11110011111011
00000100010101
11110000011001
00001101000001
11101011010011
00011110011110
11110001010110
11111110111110
11101101101000
00000010010100
11101000101110
00000011111111
11101001001110
00001011000011
11100000011001
00000000101101
11011001000110
11111100111001
11101001111101
00100001101101
11111000110000
00001110111011
11100111000111
00100001001101
11111111010000
00100110111010
11101010011100
00011011000111
11111111101000
00000010001101
11011100001110
00001101001111
11111001010010
00000110101011
11100110011100
00011001100101
11010011110010
00011111000111
11011000001000
11110100100111
11100011110110
00010011111010
11100100011101
00001110111010
11110101111110
00111010000001
11111010111011
00001111010010
11010110110010
00100011010110
11110110111001
00000001001000
11110010011110
00011010111111
11011011111100
00001101110111
11101010010011
00001100101010
11010110110101
00010110010001
11110010101001
00100001010001
11100010000000
00011010110011
11011100011000
00001011000100
11101110110010
11111101111010
11010010001001
11111011110101
11010100101000
00001110001011
11011011100111
00000111010111
11101101101010
00001110001111
00000010110000
00001111000010
11111111111101
00001110010100
00000001101000
00010100001011
11111011011010
00001101111011
11111100111111
00101000100000
11100100011111
00011010010001
11111011110100
00011100101011
00000101010011
00011110101000
11111001000001
00100101011110
11011111110001
00000110001100
11111110111011
00000011100101
11010100101110
00010001100001
11100110100110
00100000010101
11100110101111
00011111000010
11101010011000
00011101100011
11110101001110
00110000100000
11101011001010
00100110010011
00000000001110
00011010001111
11110101101011
00000100100011
11011001100001
00010000011001
00000101100100
00011010100111
11101011011011
00010100001100
00000001010110
00100110101010
11100111110101
00101001100000
11111001111001
00011101010101
11011101000001
00011010110100
11110101100101
00010010010001
00000101000111
00101001110110
11101001000101
00101011110110
11111110111001
00011111110000
11111110110110
00011110100000
11101000111110
00100011111010
11110000100100
00010111111001
11110010010101
00100000011001
11100110110100
00010001110100
11100101100110
00011101001101
11011111110100
00011111110010
11100110101101
00110000000011
11100110101111
00010000100001
11101101000010
00010100011110
00001110110010
00100000110010
11111101001111
00000111110100
11100101101110
00010100001100
11100111111000
00100111011110
11111101101110
00011111100011
11110100100011
00010111001101
11110110101000
00100100101101
11110111011111
00011101100110
11110011100011
00011010011010
11110011000100
00011111100101
11011110110010
00001010111001
11101001110001
00100011111110
11011111001010
00001011100010
11110010011010
00100111101101
11101111101011
00011000011011
11011100111011
00010001001011
11110111101110
00000010011011
11110111001010
00001100100111
11111000001010
00100100010011
11011110001111
00100000100010
11101110001100
00000011000110
11111010100001
00011111110101
11011010110001
00000111111010
11101111001011
00000000100010
11110011000100
00001010100000
11110001001000
11111101010110
11100111011110
00010000111010
00011011101100
00100011010101
11101110100100
00000110100001
11101000000000
00110101000000
11101110000011
00000010111111
11101101011001
00010111010101
11110110110000
00001101001010
11011001000101
00100001110001
11010100110100
00011110101000
11101111110101
00010111010111
11100000111100
00010110011010
11010000101100
00000100010111
11100110010011
11111111101000
11101110001001
00010100110010
11100010000001
00010111110001
00000100110001
00111100011100
00000101000111
00010100100111
11100001011110
00001101001111
11011110001110
00000000000001
11100010110011
00001111010100
11011011000111
00000101101001
11100110111111
00000111001100
11110010111000
00010100011001
11011001100111
00010100010010
00000001001101
00010010010001
11101101101000
00011111011011
11110111101111
00100000100010
00001000011101
00010110010010
11011001011110
00100110110101
11111000101011
00100011010001
11111100011100
00011111001101
11111101111011
00000101010000
11001101010001
11101000010111
11001001100010
00010010101110
11100001000100
00011000000011
11100010001001
00010110110000
11100011111111
00001010100100
11100010111101
00101110010001
11101111001110
00101001000001
00001010101010
00100111111000
11011001001110
00100101100110
11110011101100
00000010101000
11100111110000
00100001100011
11111010010000
00011110011001
11111001111101
00010011101100
11101010110011
00001110011010
11101111001100
00001111111000
10111111011001
00000111001101
11010010011101
00010100011100
11110010011111
00011100100010
11111111111001
00101011110110
11111001100110
00011100111000
00000001010000
00110100111101
11111111000111
00111010001110
00000111000011
00101001110111
11011111011001
00001110101101
11011100011000
00100111011101
11111000011001
00011000010100
11110101001011
00101100001101
11111010010101
00110110111100
11111100010110
00000111101011
11101000110000
00000110000000
11010001101010
00001110110100
11100000011001
00101011001110
11011100010010
00000001011100
11100100100000
00011110000110
11001001100001
00100000011011
11110001010011
00010010011110
00000101010011
00011111000010
11110110010000
00111111011110
11100111000110
00011011001111
00000011100101
00100111000001
00001000111000
00110000011100
11111010111110
00011111101110
11111110101011
00010100000100
11010111001100
00100001000111
11101101111011
00001110100011
11111011010001
00001101010011
11100010001000
00100111000111
11110001110110
00001010110010
11000110000010
00001011011100
11011010010010
00010110010100
11101110101010
00110100100000
11110110110011
00101000010010
11101110011100
00101001111111
00000000011000
00100100111101
00000001000100
00100111000101
00001011101011
00110100010100
00000110000011
00100100001110
11111011111100
00011100011101
11010011101000
00101000101010
11100010111010
00000110011010
11110100001000
00100101001000
11101101011110
00100000111100
11001011001001
11101110100111
10111000100011
11001111100110
10111010001101
11111100111101
11100001111110
11111011101000
11101111011100
00001000101110
11110110000010
00010010011000
00000100011011
00010111110101
11011011000110
00000111100110
11010001000110
11111100001111
11100100101000
11110011101001
11010100011000
00010010010010
11011001110010
00011100001001
11101111101000
00011001100000
11100110001001
00011011100100
11011000000000
11011001101010
10101111110000
11000010000101
10011110010001
10101111111101
10110110010010
11001101000101
10111100100100
00000111100001
11010110110001
00001000001000
11011111011000
00011101111010
11100000100000
00001010101010
11011110111001
00010011110100
11000011000101
11111111011010
11010100001010
00010010100000
11101110011000
00011010101010
11011010101101
00001101011010
00000001101100
00010100000111
11011001011000
00010011100010
10111001001110
11000000011011
10110100010111
10111110010000
10100101101101
10110101111111
10111100111100
11101010100100
11001100111110
11110100101011
11100110011000
11111010101000
11011100111001
00011011101011
11101001101100
00000010110100
11011011110011
00010001011010
11110111001000
00010011100001
11111111000100
00101001101101
11011010010101
00010011001100
11101110110110
00101000111001
11011111101101
00010110100100
11001111000111
00001011110011
11001111000111
00000000111011
11001101101000
11110011111010
11011000011001
11110101001000
11100101010100
11111100011011
11101011101100
00010011000000
11010101110000
00011000111100
11001111000110
00001111001101
11011001010110
11111111100110
11010011111110
00000010000100
11011010110010
00000100011110
11101010101000
00100101111110
00000001101011
00011001001001
11110000010100
00001010101111
11010111010101
00110100000111
11111101110000
00101011010000
11110101000000
11111011110110
11011010110000
00010000011100
11101101011111
00000111011111
11010101111110
00000010001101
11101111101110
00000101101000
11010101111001
00000100101010
11010011011010
00011010100011
11011000111001
00011000110001
11011100011010
00100101111000
11100101011001
00011100010110
11010110111101
00001010000100
11101101000100
00100000100001
11101100110011
00100101010110
11111100110001
00100110011001
11110100100100
00100001100001
11100101010101
11110101110100
11010101001011
00011100011110
11100010010101
00011111101110
11100010011000
00010110000010
11000011100001
00011101110010
11010000110001
00011100111001
11110101100001
00101001100111
11110000010011
00000011110111
11101010100010
00000110100010
11011000110110
00010001100110
11110000101000
00110000110000
00000010110100
00001010111101
11101110000110
00101001101111
11100010001111
00001110100100
11001010100100
00001101000100
11100101001100
11111101100111
11100111101111
00000100010001
11111011010011
00000110101000
11110010001011
00001111001110
11110110111001
00101010001111
11101001000000
00000110001110
11100010001001
00100000000111
11111100110110
00000001000011
11100000011101
00100101110101
00001111010010
00111010101001
11111011000101
00101110110100
11101110111110
00100101101100
11110001110001
00001101000010
11110010001110
00001001100010
11011000100110
00000101110010
11011001001100
11110111101010
11011110001110
00001000000101
11101110100010
00001011110010
11010100101110
00000101100110
11010100100010
00000100000101
11111001110000
00010100011010
11110101100110
00100100000111
11111001100010
00010001110111
11100101001101
00111010110011
11101110110101
00111110111000
11111000000000
00101011111001
11101110101000
00100001010110
00000111111100
00010000011111
11011110111001
00010011100101
11101101100011
00010100111000
11011000110101
00000001111101
11100001010100
00001000000111
11100100110011
00100110100011
11101000010100
00011001000001
11111110001111
00010110000101
11100010111001
00001000000010
11010101100001
00101000011110
11010101100001
00001000101000
11111011011010
00100111001100
00000000010001
00000111100100
11100001010110
00100110011100
11101011001001
00100010000100
11111100100010
00100100011000
11011110001000
00101001000101
11110001010000
00000010011101
11101000010101
00000011000000
11110111001101
00001001101101
11110110010111
00100100101000
11111100010110
00100001101100
11101111001001
00000101011100
11110101000010
00000001001011
11110010100110
00001000101111
11010111100001
00001100111111
11110010011101
00000101000010
11111100001111
00010010101101
11111010110101
00101000111000
11110111110000
00011101110111
11100110010101
00010000001000
11101110001110
00010010010010
11110101010101
00011111100000
11101010000101
00100010010101
11011101100001
00011110101010
11010011111011
