00000111110000
11011100101110
00011001001101
11111111110010
00011000100001
11011111101100
00010010001111
11100100111000
00100011110010
11111011110010
00100100111100
11111001010110
00011100011110
11110101100100
00001010010011
11010110101000
00100101011100
11010011010111
00000101011001
11110111111111
00100001100111
11011011010001
00100100000001
11110000110000
00000110001111
11111110000111
00101010111100
11101000110110
00011110010100
11110011001110
00011000000011
11011001111100
00000011010001
11111011100100
00100110010011
11100100001011
00100100001001
11110011111100
00001010001011
11100100000011
00001111110100
11111101001101
00100010011010
11010100001010
00001101101111
11010011001100
00101000001100
11111010001100
00101011111111
11111101010001
00001101001011
11011110101011
00100110011000
11111011100100
00000011110010
11010011011001
00000110010101
11111110000101
00010110111110
11011011010111
00001110101101
11111101110010
00011101111001
11101101110100
00000101101110
11101000111000
00000000100100
11010101101001
00100011111000
11110011100000
00010110111101
11110100110010
00001000001101
11101010001110
00000000101101
11100010000001
00001100101111
11111010100110
00011100110011
11110000001011
00000100111101
11010100100011
00000100000101
11010101110100
00000011111100
11111000001001
00101010000000
11110101110000
00001001110010
11101011111010
00000010000111
11100111111111
00010110010010
11100011110100
00110000000111
11101011101111
00010010110000
11011000010010
00011000100110
11111111100100
00001101000111
11110101111001
00000011110110
11100011001101
00010001110111
11101011000110
11111110111110
11010101000011
00001111011110
11011101100100
00001011101100
11101100111001
00100010101000
11110000001110
00010000100000
11011001011110
00010111110110
11110010110001
00000011101100
11011110001011
00100001101010
11111101010110
00010101110110
11111011001001
00101011001000
11111000111000
00110000000101
00001000011010
00010100110010
11110011011111
00010000110001
11110101111001
00100001101000
11101101100001
00100010100000
11101100100000
00010110001100
11111110010001
00001001011100
11010111100100
00100100011101
11101011001011
00001110110101
11100110010101
00100101011001
11100000110101
00010010011111
11101110000101
11111001011111
11100110111111
00001001100101
11100011101101
00100000100010
11110111100111
00001001011100
11111000011011
00100011000000
11011110010000
00100010101010
11100010000100
00010101101010
11011110000110
00000010001110
11101010011010
00100011001011
11110011100001
00010100011000
11100111000100
00001010010011
11100010001101
00010100100111
11111110101111
00000110111110
11011100011110
00011001011110
11010000111101
00010000000111
00000000111100
00010101011110
11110011011110
00100110000010
11111101100010
00011010010100
11111110100000
00100001110011
11100101111011
00011100101110
11111001110110
00010000110010
11101101011011
11111100101000
11001111111100
11110101100110
11100100000001
00100011000110
11111001001101
00011110111010
11110100000011
00011111111000
11010110111100
00101011001001
11110111000001
00101010011010
11111000100100
00101001010001
11101110010001
00010000101110
00000010110010
00110001110000
00000110000010
00111100010111
11111111110001
00011111110100
11101000100111
00001110011100
11110101111011
00011011110000
11110001010101
00100000101010
11001011111100
00001110101001
11110010010010
00001011100100
11010011101110
00011001010010
11111100000111
00000110000001
11110101001101
00010001110010
11011011011111
00001000010010
11110001001111
00000101101100
00001011110001
00100000110100
11101100110101
00111001001110
00000110111010
00101011101001
00000111100110
00100100111000
11110010101000
00100010011010
11111100101101
00011101011110
11111011011011
00101000101100
10111111010101
00000001001111
11010100100010
00011011000000
11101001110100
00100000011100
11010110111010
00010101010010
11110101100001
00000100110010
11101001000000
00011011111001
11110010011101
00010111110010
11101001001110
00100001001100
11110110111110
00100110000010
00000010001101
00100011001011
11111011010011
00010110010001
11100001001100
00101001010010
11111001011000
00001010111101
11101011110011
00010110111101
11001101111010
00010001110010
11101100111010
00011101010110
11100100010100
00100101000011
11110001100010
00000100100000
11101000111001
00001101100011
11100110000110
00100010110110
11101110100101
00000100110011
11100100000110
00001011110110
11001111101101
11010111111011
11010010010001
00000010100101
11011110100001
00000010101111
11100011010001
00010100011111
11101000100001
00010110001010
11111011110011
00100110011100
11100011110110
11111111000101
11111010100100
00000111000001
11111000111010
00001001000010
11011001000010
00100010010011
11111111011001
00001000101001
11001111000001
00000100001000
11010101000001
11111100111001
11001100110000
11110000100011
10110110110001
11100001011010
11001011010001
00011000101100
11101001110000
00001000110001
11101001010010
00101110000100
11110101111001
00110110011111
00000010101101
00011001010101
11110110111000
00101001100001
11111100010000
00011010101011
11111010001111
00000100111111
11011100111000
00001100110010
11110001011001
00011010001001
11100101011010
11101000000001
10111011001101
00000000000110
10111010110011
11011110101100
10110110001110
11001101101100
11001010011101
01000101111001
00000001100011
11110010110000
11110111010000
00001101111011
11110101010101
00101101110101
11100100001101
00001111001001
11100011100010
00000111100100
11111101101010
00010010110110
11110101111011
00000110111011
11111111111100
00010000000101
11110100001101
00011011101010
11000100100000
11101000111101
11000110110111
00000001110100
11000101100001
11101110011001
10111111100101
00010011101111
00000110001011
01000101000000
11110100001100
00000010001010
11011100110111
00011001000101
11100101110001
00001010000001
11101100001101
11111111100101
11001100001111
11111011011110
11110100000011
00100101110001
11100110101111
00001101011100
11110110111000
00100011111111
11101011001110
11111111010011
11011011010100
11111001010111
10111110010100
00010000110110
11100101000001
00000010111110
11101000011010
00011100111010
00010101100010
00100101000000
11111110001100
00000010111101
11110111001010
00000111000000
11010011101101
00011100101101
11010100100110
11111100100011
10111010011100
00010110000111
11110100000110
00010111110110
11110110010001
00010011010011
11110011011000
00100011100100
11011110110110
00010000111101
11010110111101
11110001111101
11001111000000
00001010111110
11001110000010
00010111001101
11100110101111
00011010110111
00100110110010
00100100010010
11111100000101
00100001011011
11101111110000
00001011101000
11110010011111
11111010111101
11001001101111
00000101101001
11011100010111
00000000001100
11101010000101
00000110011000
11110101001100
00011110010110
11100110101100
00010100110110
11111100011001
00100111011111
11110100100010
00011010001000
11100011001001
00011001000001
11111110110100
00000011110011
11101010110000
00111000100011
11110111101001
00011101000100
00001100111101
00110010000110
11110111100001
00001000111101
11011011011001
00000010111011
11101001000011
00001000110101
11001101110000
00011111000001
11101100001000
00101011011110
11111100101100
00000010100101
11010101110011
00001110101110
11100010111000
00011100100010
11100010011011
00011101101100
11101001111000
00000010011101
11100001101011
00010111000000
11011101001000
00110001100001
11111000011010
00101110011001
00000011010001
00100110110001
11100010011101
00010111110110
11101100010010
11110011100111
11011100001010
00010111110011
11100000111111
00011001100001
11110010111101
00010000101111
11111000110100
00000011110101
11111000110111
00001010101111
11111110000000
00001010101111
11101111001011
00100000101010
11100011001010
00001100101001
11010010101110
00011011110001
11110100101101
00100000110010
11111111100100
00101011100011
00010100011111
00011101111110
11101001101010
00011100111111
11011111100010
00010011011010
11011001010000
00011111110110
11011111110000
00110110001001
11100111111010
00010011010111
11110101111011
00001100110100
11011111111110
00010010010011
11110100011101
00110000000110
11101010000000
00010000011110
11011001101010
00000111010010
11100100000010
00001001000001
11011011110010
11111110111111
11110001110100
00001001100000
11110000001010
00010010101011
11111101000010
00011000000101
11100101000011
00001101000101
11100111101100
00001111000010
00000110001110
00110111100000
11111011101000
00101101010010
11011111000111
00000010011011
11101111001001
00101100100001
11111001000111
00010011110110
11111100011010
00100110100111
11100001011101
00000011100111
11100111111101
00010001111001
11011011010000
00000001111011
11011010101110
00010111000101
11010010011010
11111010010101
11010011000111
00000100001110
11101110111101
00001010101110
11011100000011
00110010001001
11101110100111
00011011000001
00000001001101
00101100101000
11111010110001
00010001110010
11010101101101
00100110111000
11110001100010
00011001101101
11100111011010
00110010011000
11111101010111
00001111110110
11101010011001
00000111101100
11100000111011
00000110010000
11011100100000
11111011010000
11010011001001
00010000110110
11100010100010
11111010000001
11010011110000
00001010111110
11110110001111
00010110010010
11101010011110
00010010000101
11011000110100
00011110101110
11101110000000
00000100001110
11100010010100
00010111011101
11101100010000
00100000001111
11111000001100
00111010110010
11101011110000
00010101000001
11100111000011
00001100111111
11100011110100
11111000110000
11001111011000
00001101110001
11000100110000
11101111000001
11101101111110
00001111101110
11011011101101
00010110111100
11110011001110
00101000010101
00000010101000
00100011001101
11011001011011
00101001011011
11011001100000
00100111001001
11100100110111
00001011110000
11010101011101
00001110011000
11011111111101
00011110000000
11101011010100
00011000100011
11110110001110
00011111010111
11100110011000
11111110011100
11110001111110
00011010101000
11101010101101
00100110000110
11110000011011
00010101101101
11011101101110
00011101100000
11100100001110
00100000111011
11110000011010
00000010110100
11101101011011
00010100000110
11100000011001
00001111000101
11101111100001
00011001010010
11110110010101
00101011110000
11011011100110
00001011011011
11111011101110
00100001011100
11100110010001
00000110000001
11100010011110
00001001100101
11011000111110
00000101001010
11111011001110
00001000100001
11011111110010
00011101000101
11011010011001
00010001110001
11011011001111
00100001100110
11111000111101
00010111111100
11101101000101
00010110001000
11100111111000
00100110111001
11010101111000
00001010111100
11110110100010
00001101101011
11011011110111
00010011011001
11110100010111
00011111001110
11100111000110
00011000111000
11111001111010
00010001101111
11100101001000
00000010100100
11111000011101
00011110110100
00000011100011
00011011110010
11101001101000
00000101101011
11010100110110
00010101011110
11101010010100
00100110110001
11110101011100
00011010011100
11101110110001
00011101111101
11111100010000
00101001010111
11100111111101
00000001000100
11111000011100
00100001010000
11110001011010
00101101011100
11111011010001
00011110010010
11101000000010
00100100100000
11111101001010
00101011110001
11010111100000
00100101101111
11011101011100
00001111001010
11110011100011
00101101101010
11100010000001
00101010101001
11111110011001
00011110001101
11101100000001
00010110101000
11100111111000
00011110100011
11111011110000
00101001010111
11110000010011
00001000000000
11011010000110
00100111101111
11110110111011
00000000101001
11100100001000
00011000100000
11010011110101
00100011010010
11111001010101
00011011011001
11101000001010
00001101000110
11101011110100
00010110111101
11111100110111
00001101101011
11011110000000
00010010010111
11110011000011
00010011111111
11101111111011
00001110101001
11111010100111
