00100001110000
11010111110011
00100010111110
11101101111001
00010010110011
11101100100101
00101000101001
11101001100110
00101011101110
11011011110011
00001111110001
11100010011101
00000110101101
11101100110000
00000010011001
11111110100010
00000101000101
11010101111011
00000101101100
11100111111000
00000111110111
11110011011101
00011110110100
11011111000101
00001100100101
11111010011000
00000111000111
11100000101010
00010110100110
11100110000100
00010100011010
11110100011101
00010101010110
11110101011100
00011110110011
11011001101111
00011110110000
11100111000101
00010010011100
11100011110111
00010010001010
11011111111001
00001100010011
11101001100000
00001001011000
11110000101111
00011001010101
11110010010010
00001101110101
11100001111111
00100110010011
11101010110100
00101010110101
11100111110011
00001001010101
11110101011010
00011101110101
11101111100100
00101001111101
11111000011000
00101010010111
11101110101011
00010101001000
11110001101110
00100000000100
00000000011001
00010101011000
11111001110111
00100110100000
11101001000010
00110001000101
00000111010111
00011101010101
11111100101010
00011111000001
11100111000101
00011101100000
11111100011010
00101100000010
11010111110000
00100010111011
11011010110110
00010000111101
11011111001001
00010000100101
11100101101110
00101011011101
11111110100001
00101010101110
11011001001000
00001101101110
11100000111101
00010111100110
11110010001111
00011111011010
11100111100001
00110100011001
11110101010111
00011101011001
00000101001011
00011110110000
00000111110110
00100100111100
11101101000111
00011110100101
11011100010011
00011011000011
00000001101011
00000011110110
11101011010111
00101001100011
11011001110111
00001100101111
11110010010100
00011010001100
11100010110011
00101000001010
11101011000001
00100111001011
11101001000011
00100100000010
11101100011001
00110100001001
11110001101010
00100011101111
11111101110100
00100101101100
11111101001010
00101000000110
11101001010111
00110111101101
00010010111110
00010011001010
00001001001110
00101011001110
11101101100110
00000010111000
11110001001101
00010110111101
11111011011110
00100100000011
11101100010101
00101010101110
11111100001010
00100010000100
11101100110001
00101011111000
11110000101111
00010100100010
00000001100000
00101101011000
11111101100110
00011110110011
00000000010111
00100001000111
11110101111101
00101000101110
11101110001100
00011101111110
11101010100100
00110111101111
11101011101111
00001001001000
11011001001000
00100101110100
11010110011001
00010101010111
11011010101111
00001100010001
11010100000111
00101001101011
11111101001101
00010100001011
11011011110100
00001111000111
00000010101101
00011101001000
11100000110110
00100111001000
11101111111011
00011011000110
11110110110111
00001001010000
11101001001001
00010011000000
11110000011100
00011010000001
11011100001001
00001100010111
11011100001101
00011101000110
11110000110111
00010100111110
11011011111010
00001101001100
11110111100000
00100010100101
11011111010010
00000001010101
11111101011000
00011111110101
11011000110110
00001101101101
00000110001000
00100110011000
11101000010101
11111111100010
11100100100110
11110011111101
11100001010101
00010001000101
11010111101011
11110010010001
11000101101000
11101110100000
10111110000001
11101000110001
11000000110001
00001010100010
11010111010010
00010110000000
11110000100100
00101101100111
11011100011011
00001110110011
11110110010100
00101011011111
11111001001101
00100110111111
00000010100110
00001110000001
11101100001010
11111010001001
11100100111100
00001011111010
11000110101101
11101111011011
11010111000100
11100001111001
10111011101010
11011000110010
10111010110111
11011100101110
10111101010110
11111011010111
11001011101011
00000010101001
11110000110011
00010010110011
00000100010011
00100111011000
11100001100101
00011011100111
11011101001001
00010100000000
11010010010000
00101000100010
11101111000100
00000110001000
11010010100100
00000101011011
11011111001000
11111101001101
11001100001100
11101011001111
11000110011001
11110011001100
11011011111001
11101010100110
11000110110110
11110000011011
10111011011011
11101011001010
11100101101100
11111101000100
11100100110100
00100000100001
11101100111000
00011100110110
11011000011010
00100100000011
11101110010101
00011001010111
11101011010011
00000011001010
11111100100000
00001010000101
11101001101111
11111011010001
11010001101101
11101101001100
10111011001000
11111101101001
11010001011111
00011000111101
11110101010001
11101111101101
11001001101011
11100001100100
11010001101001
11111111000101
11001111100110
11111110010000
11010000110101
00101110001100
11110010101010
00001100011010
11100011110010
00000111000000
11011001111010
00010110111100
11010100010100
00000111110000
11110101101011
00000000100001
11011011101011
11110110011110
11010010001011
00000000101100
11010001011111
11111011000110
11101110110111
00101110010111
11100011011011
00010000101011
11111001000000
00011100100101
11101001100101
00100000010001
11010010001100
11110110010011
11101100111110
00100100110001
11110010010110
11111111001101
11011001001111
00100110110011
11110010000000
00010110001011
00000001111110
00000110111000
11001101101101
00011101101101
11101001010000
00000110100000
11110000111101
00001011000111
11101111111000
00000100010010
00000100101101
01000000100111
00001010100100
00001000110100
11111000111001
00000001101011
11101101110011
00010010011100
11010101011101
00011110000001
11101111101101
00101011011011
11111100101110
00001111100001
11011111011010
00010100111100
11101110111000
00011011000111
11110110010000
00011110100000
11110100010101
00000010110011
11011100100100
00001000001101
11111100100100
11111000000100
11110100010011
00100001111000
11110111111001
00110101111000
11110010111110
00001000101111
11111001001100
11111111110011
11111010110110
00011010011111
11110111000100
00010110000001
11011000000001
00010100100100
11100011010111
00000011001100
11010110011111
00100100100000
11101101100111
00011101010110
11110110100110
00011101110001
11100111010000
00010000111011
11101001111000
00001010000101
11010111001010
11111010011001
11100010110000
00001100101101
00000110101111
00101110101011
00000110101110
00000110110111
11010001000010
00100000100000
11011110010000
00000100011110
11011011001110
00100100101011
11101101100000
00010001000101
11100011011100
00010001110010
11111010011001
00010101011100
11101011011100
00000010011000
11110011101110
00011101111011
11010001111101
00001101010101
11010110001100
00001111111110
11100000111100
11100110111000
11100110001000
00001001111011
00001001010111
00111000001100
11101010010110
00010110101001
11110000001101
00000110100100
11110010101010
00110000011011
11111011110011
00100010100001
11010100111001
00010001001110
11011011101110
00010110101000
11110010110101
00011111001001
11010110101100
00010011010111
11111010001111
00001100001101
11011101110101
00000001010110
11011111010100
11100011000000
11100001111111
00000110111010
11101111111001
00001000010000
00010001001010
00100111101000
11101001011110
00000100001001
11000110001111
00011001011011
11110111001110
00001010110111
11110111111110
00011000011100
00000000100011
00100100110101
11101100010011
00000000000100
11011010100000
00011000100111
11101000011100
00000110010101
11111001011101
00010011101000
11100000000101
00000110001111
11001101010001
11110001100000
11000110100111
11110101001011
11110000110110
00100110000111
11111111111010
00001110001100
11110100111100
00000000001100
11101010011011
00011101110101
11111101001111
00101001011100
11111000111110
00101001110111
11101011100101
00100001110110
11100101111001
00011001000110
11110011111110
00001001111011
11100110010000
00000101010101
11100100101110
00001001111011
11110011111110
11111101100001
11101100011100
00101001110010
11111111000110
00100110111100
11110101010100
00100000110001
11110100001101
00101100000100
11111110001101
00100101001010
00001011110111
00101001011100
11111011000111
00110000001001
11100110011001
00001110011110
11111010001001
00010000101110
11111011010011
00101000101101
11011000000001
00100001101111
11101011000001
00001001011011
11011011010001
00001010100001
11111000001000
00100100000010
00001110001001
00101001001001
11111110110001
01000010100111
00101000101111
00110011011111
00010100010011
00001101011111
11111101111101
00110000111100
11110001010001
00110100111011
00001101000000
00010110110011
00001001011010
00100101001000
11011111001000
00110011100110
11011011100001
00001110011110
11110101110110
00101011010111
11110110001001
00000110110011
11100110101001
00101001001111
11111011001001
00101010010111
11111100000100
00110111101100
00010000111001
01000000100100
00100110100110
00110001111110
00000101000101
00101000010100
00000001001000
00101111011100
00000100010101
00111110010100
00001101010101
00011010001111
11101011110001
00010101100001
11110110100010
00100110001111
11010110011001
00010101110100
11011111000011
00100010101010
11011011101111
00101011110000
11100011110110
00001100000011
00000011010010
00100100100111
11111110000111
00101110110100
00001111100010
00101110101010
11110001011011
00111011001110
00010101011010
00011110110000
11111101100010
00111001110110
00001001110110
00100000111101
11111011000001
00100010100010
11111111101111
00101011011001
11011001000101
00100001111110
11111101011001
00010110001011
11101010111000
00000000010110
11010100000101
00001001101000
11100000100001
00101101110001
00000010111011
00011110001110
11100111111100
00010111010101
11011110101101
00100100101110
11101001001011
00000101100011
11010110100011
00011101111110
11101100000110
00010001000111
11110001000001
00011101101010
00000000111110
00101101110011
11100011100001
00100101101001
11100101011101
00100100001010
11100111010001
00011001010100
11100111101101
00011011100010
11111101011000
00000000110000
11100110000000
00000111111010
00000000110001
00011001010001
11011000011011
00001110011000
11010111010010
00001110111001
11001100010010
00001100010001
11100001010100
11110010011111
11110010110001
11111001011111
11010111011110
00100010101011
11101110100111
00010001101111
11101101111001
00011101000101
11110000011010
00000010011100
11101010110100
00101001001110
11011001001110
00000001000011
11101010100010
00010010001010
11100011110110
00011001000111
11101110001011
00001001100000
11100000001101
00010101000101
11100010010100
00001011001010
11101100110101
00000100101001
11100110111111
00001011011011
11011111000110
11111111011000
11010000100100
00001111000001
11100100011111
00011011101101
11101011010001
00100101110011
11110010111000
00011110001110
11100101000101
00011011110100
11011111111111
00000011100001
11101000000101
00011010000000
11111011011101
00000000000110
11010001010010
00011100001101
11100001000111
00001011011010
11001100001010
11111001101110
11101111010110
00001110010101
11010110110101
11110100100000
11100110101101
00000111000001
11010000011111
00010001101101
11010000010000
00011000111000
11101100110100
00001000111010
11100101000101
00011100101100
11111001011110
00100110011111
11110010010000
00100001101010
11101010100110
00000000111111
11011010110100
00000000011001
11100100101110
00101001000110
11111101111000
00011000111001
11011111111101
00010110101001
11111100101111
00011010101100
11011101111000
11111110001010
11101011111101
00000101000110
11110011101110
00010100110010
11010110110010
00100110101010
11110000101001
00011101100000
11100010001001
00011100101101
11010111011111
00001010111011
11110011010100
00000010010010
11111011011100
00011010011101
11011100000100
00011001111110
11100100100101
00011100010011
11100101011011
00001001100000
11100110101000
00011011100110
11011011111111
00001010010110
11110111000010
00100011000011
11010110100010
00101000000010
11011000111101
00001001111000
11111001010101
00000000000001
11011011001011
00101011100010
11010110101101
00000111010110
11100011110101
00011010001110
11011011111101
