00011101100010
11011001110101
00011110001000
11101001000100
00100010111110
11011000101101
00010101011110
11111001111010
00010101101101
11011001010110
00001001010111
11101010000100
00011011011111
11110101111111
00011011000110
11101011011010
00011111101111
11010100010011
00011000110110
11100010011100
00100010110101
11110001101000
00000101101101
11110011010011
00011001110000
11100001000110
00000100010110
11101000000001
00001101110001
11100111101010
00010100110110
11010100101101
00010001101110
11111001110101
00010101000110
11110111100101
00000000101110
11010101001110
00001101011101
11101001101100
00100100000101
11101000000011
00101100010001
11101100011001
00011110101101
11100101000000
00101000000001
11101011110001
00011001110001
11101100011110
00000101000000
11110000011001
00100010011110
11110101010010
00011100001111
11110000100110
00101001101000
11011111011011
00100111011010
11110101011011
00001100000111
11110000100011
00001000110101
11100000111110
00010100011001
11100000111110
00100100000000
11100110000111
00011000010001
11110011001001
00101000111010
11101011000011
00011100011011
11010010011100
00101001000100
11101101110001
00011010010110
11011101111000
00100111101101
11111001010001
00001010011010
11010011111100
00010110001010
11111111110010
00001001111100
11111010011010
00001111101001
11111001001111
00100110001011
11110101010010
00010000011010
11110110110111
00010011011100
11011100100110
00010101101110
11101010110001
11110110100101
11001011110000
00000100111010
11001000111001
00010011111001
11011111011011
00001100110111
11101010010110
00011001110001
11110111001011
00101011100010
11111100011101
00000001111000
11011110110010
00001011101101
11110011011000
00100000101100
11011110001011
00001100110101
11010101010101
00100111001010
11100001000101
11111110011101
11010100110001
00010101010101
11010010110110
00001010011010
11010101000110
11101110111111
11010011011001
00001101001001
11101001001110
00000001101010
11101101010100
11111001110101
11110100101101
00010111100101
11100110110101
00011011101001
11111111011011
00101011000010
11101111110110
00001010101101
11010110011110
00000110001101
11101001101010
00001001010001
11011000001010
00001000010111
11100001110101
00010111000110
11101000110011
11110001110110
10111111010011
00001101111001
11001010101111
00001110010010
11010000011001
00000110110001
11011100001001
00001001011101
11001011011001
00010010100100
11011100111101
00100100010100
11110011000110
00100000011011
11110001101110
00101010001010
11111011110101
00100000101010
11100101111100
00011010101111
11010110100001
00010110101011
11011011111110
00001100011011
11010011010101
00000111001010
11001101101100
11110000101111
11001001100011
00000010001110
11101000000001
00001000011000
11010111010111
00010010100001
11101000110000
00011100000000
11101100000001
00001010101111
11100010101111
00011100010001
11110101000110
00010011110001
11111011010110
00100101000111
00001101101010
00010001101101
11011010110010
00001101000000
11010110101100
00010011000001
11010001111101
00010111011101
11000001101000
00000010101010
11011110101011
00001001010001
11011110101100
00010110011010
11001111110011
00001010001111
11001110000001
00001101000010
11100010010101
00010111111100
11100110001101
00010000011100
11010001101111
00010010110000
11011110100100
00011111010001
00011000011100
00101100101100
11101101001001
00101011111001
11110110100101
00000011010111
11111101110110
00000001000111
11101000110011
00011000100010
11010010001011
11110111000011
11001010001110
00000100000000
11001111100110
11110100001011
11011001000101
11100110110011
11101011111010
11110000000001
11000100011001
00001011010101
11011011011111
00001110011101
11101011110010
00001100110001
11111101110100
00000110101011
11111011111100
01000000110111
11111101100101
00100110111100
11101000101101
00011101010011
11100111010001
00011110011010
11010110001001
00001010001110
11001101101001
11111110100111
11100000001010
00001010100000
11110001101111
00001011101101
11110011010101
11111101101100
11010111000011
11010100111010
10111011010111
11101001000100
11010101110000
11101101011101
11100100110011
00000111111101
11101010100010
00011000001111
00000100000011
00101001011111
11111010111111
00101001010111
11011101110110
00001001011011
11100110011101
00001001011110
11001111110001
11111101100001
00000000010100
00100101000110
11110100010100
00111001111101
11111100110111
00011100101000
00000001011010
00011111010010
11110010111111
11111100100100
11001001000101
11011000110001
11001001111001
11111111011001
11011100011001
00000001010111
11100000111100
00011101110110
11110110100111
00011110011000
00000101100110
00010110000101
11011110001001
00100010010001
11110100100000
00010100111111
11001101001011
00100101110001
11101100000101
01000001111010
00001001100001
01000110101101
00010000110111
00111010011111
00000111000100
00111110010100
00011111000011
00111011101110
11111011001111
00000000111100
11100111100101
00001001100100
11100011010110
11110110000001
11110010010100
00011111111011
11100110100110
00011101111011
11100110110111
00010110101101
11111010100110
00101010001111
11010111010000
00100101101011
11011100001111
00001011110100
00001010000111
01000111010011
00010001010110
00110010101000
00011000101110
01001010001100
00110001010100
01010010011110
01000010001000
01011101010001
00011100111110
00010010111100
11100101011100
00010010110010
11100110010010
00011000110101
11101001000000
00001000011010
11011010001000
00010110011000
11110000100001
00100110101110
11110000011000
00000011010000
11110001010011
00010010111110
11111100101110
00010100110101
00001110111111
01001000110100
00101000100010
01000101001001
00011101010100
00101011010011
11111011010001
01000100010110
00100110110110
00111110110011
11111010111110
00101101001010
11100110011100
00100111111110
00000101010111
00110011101101
00000001001010
00000000110010
11100011111001
00011101101100
11101001110010
00100110001001
11100011010110
00100001111011
11011111001111
00101010010000
11011001011101
00001011110011
00000001111000
01000011001101
00001110011111
00111000101011
11110100000000
00101111110001
11111010001010
00111010101111
00100011010000
01000000000110
11110110100000
00100011011111
11111001011010
00001111011011
11110101001111
00001010110110
11010010000101
00000011011011
11101001110000
11111000010000
11101101111101
00010100111001
11111111110001
00011111010111
11101100111010
00011011001001
11101001010101
00000100110110
11100110001101
00001011010011
11110011000011
00001101001010
00000010100010
00011101000000
11110100011011
00111010000011
00011101000101
00101100100111
11110110111011
00011111011010
11011001100101
00001111011101
11011101011111
11110010110110
11010010001110
00001000100101
11010101111011
00000010010010
11010110001100
00100111001111
11110010011010
00000011100011
11101001110100
00001101000111
11011010011011
00011101000110
10111111110000
11101010010111
11110000100011
00100011110000
11111011110001
00011101001001
00000001010110
01000001110101
00000111111001
00101100111101
11111010110010
00101010010001
11100000110111
11111011100001
11100010111111
00000001100111
11001101110100
00001101001100
11001100010011
11110110010011
11101011011011
00011000000001
11110011001010
00101011001011
11100101110011
00011001101010
11111000011110
11101110010011
10111000111111
00000010100111
11001001011100
00100100101110
00010000010000
00011100010011
00010010011010
00111110001111
00001101010110
00101100101110
11101110100111
00000010000011
11100111110111
00001111100111
11101100110011
11110101010101
11011011011100
11111100101001
11010100010111
11110111000110
11000110111101
00010010111101
11110001001010
00000010000111
11111001000100
00011011010100
11110111100011
00000110101000
11010100011100
11101001101100
11001001111110
11111001100110
11100111000101
00110110011010
11101100011100
00110001010100
11011011101100
00001001110001
11100111001011
00001001000110
11110100010001
00010100001011
11011111110100
00000110000011
11011111101001
00000011011101
11010101111000
00010110010010
11010000101100
00000000011011
11110011110101
00011010010011
11100111000111
00011010111000
11011001111111
00000100100000
11011010000010
00000111111010
11010101000011
11111111011111
11011101011011
00000001101010
11011010111010
11111110001110
11101000001000
00000111000101
11101110011000
00100110010011
11101011100110
00001000001011
11101101000001
00001101111100
11001101011100
00001101011000
11101010110110
11110110111111
11110001111011
00010010111011
11110111110000
00100010000110
11101001111001
00010100100000
11101001001101
11101010000100
11011101110011
00010011010110
11010001100110
11111111111100
11010111111011
11110101011100
11000011010101
11110100111110
11011111011000
00000100100011
11100000010110
00011110100110
11111000111011
00011001010101
11011010000011
00011101001100
11100000010000
00011000011101
11010111000100
11111110000001
11100111100001
00011000000100
11100111110010
00010010011111
11111110011010
00100000011101
11110011110000
00001010011110
11100100010011
00000100101001
11011011100111
00000010001111
11101000011110
00000110000000
11010101010100
11111000011001
11100010000010
00000011110010
11101110111110
00000110110101
00000001001101
00001101100011
11010101001100
00010000100001
11010101110011
00000110110101
11100101000000
00001000111011
11110111000111
00100111011010
11011011111111
00010011100010
11101011011011
00001111100100
11011000011100
00010011001001
11110101110111
11110101101111
11101111101100
00000101110101
11101000001011
00011101000101
11101100010110
00001000001100
11111011010100
00011010100000
11110000000110
00011000011101
11011111011100
00011111010100
11011011111110
00000011100111
11110111000000
00010000011100
11100111101000
11111111010111
11011011010111
00100110001011
11101001110111
00100111001101
11011110111101
00001101000111
11110001011001
00001000110100
11100010111011
00001000011000
11100000100010
00100111001010
00000100000111
00101001011011
11101000001101
00100110101000
11111000011010
00001001010101
11011011001011
00011010100001
00000010011111
00110010010011
00001110110101
00010111110110
11100101010000
00101000000100
11111001101101
00100010100010
11110001001011
00100001110100
11011010001011
00000101101101
11100101000111
00001111001001
11111111110110
00001101101010
11011111011001
00001101110100
11101010000000
00001110110011
11110001100011
00011001100000
11100100001001
00011001011010
11000111000111
00001101000011
11100100101101
00001100100001
11110101001011
00010000101000
11110011000000
00101100000110
00000101010011
00101010000011
11011111010100
00100011010111
11100101101011
00000101010101
11100101011011
00101000101011
11011000110011
00010011100111
11111110111010
00010100010100
11011010111111
11111111101101
11011011010101
00001100111110
11101110101111
00001111001011
11011100010111
00010111111111
11010101001000
00000100101110
11011111000001
00010100011101
11100001110010
00100011100111
11100010011001
00111000011000
00001010011010
00100000011001
11101000100110
00000110011001
11110000111100
00010100001110
11010101111010
00101001000010
11100110000111
00010111111000
11011011000110
00010100010101
11010101000001
00100111100110
11010111001001
00100000000000
11011010100111
00011011011000
11101010111101
00000000111010
11101111011110
00010001011100
11101000100000
00001110100010
11011100011110
00001110001001
11110101010011
00001001111011
11110000000111
00000011001011
11111011011011
00010010111011
11100100000001
00011111101001
11100110100111
00101010111101
11111000110001
00010110101100
11011000110101
00100001001000
11111110001111
00011111010000
11110111001011
11111111111000
11100110001100
00000011111010
11011011001110
00010000101011
11010110010011
00100100010010
11011100101010
00100111101110
11011010100110
00011111010110
11100011110011
00001101011010
11110001011000
00100100011100
11101011101111
00100000100100
11011001000111
00011001010101
11111001010100
