00100111111010
11111101101001
00010001000011
11100000110001
00000001010110
11100111100001
00100101100011
11011000101010
00011110110110
11110110001011
00100010011000
11111011000010
00100100010000
11110100110001
00011010000100
11110001100101
00011000010101
11100110001100
00010100110100
11111000101101
00000100000010
11010110100110
00100101101010
11100100010110
00000111001100
11110010010000
00001111110011
11100000001101
00000001101001
11111010101000
00000011011011
11010110011101
00000111110000
11101011100010
00011011111111
11110110111010
00000000001000
11101011001111
00000011100100
11100000101101
00011110010011
11011001100111
00100011011100
11101001010100
00000100100011
11101110110011
00100100010110
11100011001100
00101010111111
11110011100010
00100100000010
11111101101100
00001001000010
11100011000101
00011101111011
11101111110010
00101010101011
11111111000101
00000011001110
11010011101100
00000110010011
11111001010111
00101001000100
11110001100100
00011011001110
11101000000001
00010110110001
11100100000101
11111111001100
11100011110011
00001001111101
11011100100110
00001111111111
11110111100001
00000101001100
11100110000000
00010100010011
11010011001001
00001000000110
11101011110101
00001100000001
11010011100010
00010110010110
11101010111110
00011100100111
11111000100010
00100101010000
11100101011011
00001000011000
11010111111011
00011011000100
11110010010001
00000100100010
11101101111010
00100000100111
11100110100011
00000110010000
11111100100110
00001110011010
11111101111111
00011111101100
11100101101111
00011111010101
11111001000111
00100001111010
11011011111100
00100011100101
11111000101010
00100111110010
11010110001001
00011011000110
11111000101101
00101001011110
11111011010111
00011100010101
11100110100110
00001011111101
11101100010100
00001000110011
11101110101111
00010101001011
11100101011100
00100110011010
11110001110010
00001110111000
11101101000111
11111110010000
11101100000001
00010101010010
11101101001111
00001010011100
11101100011000
00100110011000
11111111001100
00011001101001
11100111010010
00101010001011
11110001100101
00100000001111
11011010010000
00001001101100
11110000111011
00000000001110
11111001111001
00010100011000
11100110000101
00100101100111
11101010111111
00001111111000
11101001010101
00001111011001
11110000000111
00010110011111
11000001101101
00010100101110
11011100000010
00100110000100
11100110010011
00000100100001
11010101110001
00001010000000
11110000010111
00011000110110
11111110101010
00010100101101
11010111010111
00100010111101
11101110000000
00000101011000
11101000101110
00001010110011
11110001101000
00100111000110
11111010011011
00011110001010
11111100000101
00101110010110
00000000110100
00000011110010
11000100101101
11011001110000
11000001111111
11001100101000
10111000010111
11100010010011
11011000010000
11101111000111
11011010011011
00000011001010
11110000110001
00101110010111
11110111001111
00110011000001
11011111010010
00100110001000
11101100001001
00011011000101
11100100100000
00100101101111
11011111101111
00000110000001
11111111100010
00000101110110
11010101110111
00001011011101
11101001010111
11101101110010
10111111011100
11010101011000
10110110111111
10111110101101
10101101101000
11000010010110
10110010111000
11011001100110
11010000110111
11110100010100
11011110010000
00010111010110
11111011111111
00011110001100
11101100001100
00101011101100
11101100001111
00001111011010
11011110001111
00100111110110
11010100111100
00010000000101
11100100011001
00011110101000
11101011101011
00010111110111
11011011110101
11111101101111
11010000011000
11011110110111
10111100111101
11001001000000
10100111010001
11000111011101
11000011110010
11101110101001
11100000100101
00001100011110
11111101001001
00000011111110
11110101001101
00000111101010
11111010110100
00011010000000
11101001001000
00100100101100
11101010001011
00101011000100
11110111010101
00001110001110
11011101000011
11111100011000
11011000010111
00001000000000
11011000101010
11101001100011
11010001011010
00001110000101
11001100101101
11001100100000
10110110001011
00001001001111
11011101011000
00000101110111
11110000111101
00010000111100
11100110010110
00011110001101
11010010110010
00011011011010
11111010000011
00101000001100
11011110101010
00010000111101
11101010000010
00001100010001
11110100010001
00101001010110
11101111101111
11111000010111
11011101110101
11110010011101
11011110100000
00000111000100
11001110111000
00001000100110
10110111111000
11101000111000
11010110010110
00100001011011
11101111010110
00000010110001
11011110000011
11110010101011
11011111011111
11111010111001
11001010000101
00011110100100
11110000001011
00010101000100
11101000001111
00010110111001
11101101110110
00001100001101
11010101101110
00011111101000
11010101001000
11100100100100
11000101101000
00001011100000
11010111110001
11111101001000
11100010010000
00101111111000
10111010000110
11100011110001
11111000101000
00110100101111
11101010001001
00000110001011
11011010101101
11111000000110
11001101010110
11110010011010
11100101000110
00010110101011
11011100001001
00100110010011
11100110110000
00000101010011
11110000100100
00000011010001
11100001110101
00010100101100
11011001111010
00000011010001
11100101000110
00011111101010
11100100001111
00100010111011
00010110110101
00101101000110
11100011011100
11110110011100
11101011001001
00101000010100
11010001011011
11100110110110
11010001001000
11100001001111
11100101010010
00010001001010
11001111111010
00010011000100
11111000000110
00101000000111
11111000011011
00101001101101
11011100010000
00011111101101
11111000111111
11110111101110
11010111001010
00101010001110
11110000001001
00011101000100
00001101000010
01000000111101
01001000000110
01010100001110
00001010000101
00001100101011
11101000011011
00100111101010
00000000011010
00001100101010
11100110111111
00011000111011
11010111111011
00011100100000
11100000110010
00110010000100
11110010010101
00100100001100
11110000100010
00011010001101
11011111011000
00010110110011
11100101110010
00001111101001
11111110000010
00110000010110
00001001100001
00101010001101
00011010101110
01000010010000
01000010110101
01001000101000
00000110010001
11111000101111
11110101010101
00010100110010
00001101100100
00001011010000
00000000100101
00011101000100
11101011100111
00111000100011
00001000000100
00101001110100
11101111010010
00000011110110
11100000111111
00100100111100
11010111110101
00000010011010
11110001110010
00011100001100
11110011001011
00111100110111
00010000111111
00111010001001
00001111101110
00111000110110
11111101011101
00111100110100
00000011010011
00100110111101
00100010010001
00101011001100
11111100001011
00100101010101
00001011100011
00100101101101
00000010111001
00100011010000
11110010001101
00010011111010
11111101010000
00100100100010
11111000111000
00010111101110
11010111010111
00100110000100
11110101010001
00100111110010
11101011000110
00111010000101
00000011100011
00100101011101
11110001101101
00010110001000
11111010101001
00001111000111
00001011011110
01000100110001
00100011111011
00111100110010
00010001100100
00010011011000
00001111111111
00101111110100
00000000111011
00110000011101
00001001110111
00110110100101
11011011101111
00100111000000
11101111100100
00000010000010
11100010001011
00011000011011
11101001011100
00100100111110
00001010000110
01000101011011
00010100101101
00100110001101
11100111101000
00010100010101
11011010111110
00010010111110
00001111010100
01010010011100
00100010010001
00111100011001
00001010000110
00100101110001
11111100000000
00010110011010
11111010101100
00101101100011
11101001100101
00001111100100
11110000101000
00000010011010
11111101101010
00010010000110
11011000110001
00010011011010
11101110111000
00100010111000
11101011101111
00011011000110
00011000010000
00100101110111
11100011011010
00010010001101
11100100100000
00111000100111
00010110110010
01000001101111
00110000101100
00111010000110
11111000111110
00011111001010
11101010100010
00000101110000
00000011011011
00001011000001
11111100010100
00101110110001
11100100011111
00010011111011
11100001100000
00001010010110
11101011001101
00100000011000
11100110010001
00010110010011
00000011000000
00010010100001
11100101100001
00010000111010
00000001110100
00101000101111
11110110010001
00010101101110
00001001001000
00110000000111
00001011100010
00101101100010
11111000001101
00100000001000
11011111110100
00001000110000
11101100101010
00101010011100
11100100111010
00100000111111
11011001101111
00010101010101
11111111100001
00100001100001
11010111010111
00011110111011
11010100100011
00001111001011
11100111000010
00011011011010
11100011110011
00011101100010
11011111000110
00010110101101
11101010101011
00110000000101
11110000100001
00010101001111
11100010101111
11111001011000
00000100111100
00010111111110
11010110110000
00001000000000
11101011100011
00001100100001
11111111011111
00100011100110
11110100101011
00000010101101
11111110011111
00001011111100
11101000110100
00000010000000
00000000000111
00001110011110
11010000001011
00011010111101
11010000000010
11111101000001
11010001110011
00000110011010
11100011100101
00001001011100
11110100110001
00010001001100
11110001011010
00000111111110
11101110110000
00101000010101
11100001000101
00010100100001
11011101100111
00010101100100
11101110111110
00101010001000
11010110100110
00011000000011
11101000001001
00001010100101
11100101101100
00011001010011
11101010000011
00000001011010
11011001000110
00000010100100
11010001100011
11110010010000
11000101010100
11110000001101
11010101100001
11100100011001
11001011101011
11110010100001
11010010001101
00000111101100
11011011101000
00001101110000
11100111100000
00001101001010
11011110100101
00000011111101
11100100101000
00000100111011
11010111110111
00100100011100
11010011100100
00100101101111
11110000100010
00010111100000
11111100110001
00101000000110
11110101110110
00001100011100
11100111101100
00000010011111
11100000011100
00000001011000
11100100011011
11101011000111
10111100001001
11111010010001
10111011001001
11111110100100
11111110110000
11111110001100
11011101101101
00011101000011
11010010111101
11110100011100
11100001001101
00001001011111
11101110010111
00101000010100
11110000111010
00001100110010
11100000001011
00001110101110
11111010001101
00000001110001
11011000111110
00000010111111
11000110010110
00010100110000
11001011000001
00000001000001
11010110010010
00001001110001
11011010100010
00010010100010
11011000111100
00000001001110
11100101010001
11111101000001
11101000110001
11111011001100
11010110101001
00001111001011
11101011011000
00000011001011
11011101100001
00100100010110
11110001111011
00000111010111
11100000010011
00011101001011
11101011110111
00010010011010
11010010011101
00010011110100
11011100101011
00001001010000
10111111000000
11111101101010
10111111000001
11101100100101
11001100010001
11111100001010
11010000011110
11011101100100
11010000001111
11111010001111
11000100000011
11111001000011
11100001100100
00010010110111
11010001010101
00011000010101
11110001001101
00001100111110
11100011011100
00000100110100
11111011101110
00101010101001
11110011110101
00100011100100
11100011111011
00011011011011
11101110000110
00001010000111
11100001100101
00001011111011
11010010001100
11100111001111
11100100001010
11101110011011
11001011110101
00000011010000
11001110000000
11101100110000
11001100110100
00010110100001
11110101001100
00001000001001
11110000011000
00001010101000
11010111100000
00001101000010
11011100011100
00001010100101
11100110001000
00010011010100
11110000100110
00011110001011
11101110110101
00011011100011
11101010011000
00101010100011
11101111000011
00011100101011
11100100001001
00011000100010
11101011101110
00100111011100
11011110100011
00010111010011
11110110010111
00001111001001
11110110001011
00100010101111
11101001110111
00101000101111
11100101110010
00011000011000
11111000101111
00101001001001
11011101000000
