00010111111001
11110101000111
00011000110100
11011101001100
00000100011101
11100111110001
00100010100111
11011010100101
00010011101000
11110111000110
00000000100010
11100100111001
00011010010101
11101101110111
00010110011011
11100110000100
00011100100111
11100110010001
00000100010000
11110110101000
00000001100010
11101011101011
00100010011110
11110011010100
00010100011110
11101010001111
00001101101101
11100100001001
00011110101011
11111101101000
00100001110101
11110110001111
00001101010001
11110010001011
00101100100101
11101110010011
00100110000101
11011101100111
00001010010110
11110011000111
00101011010011
11110101001000
00101000000010
11100111001110
00011101000001
11101110010111
00000101111110
11110011001100
00101011011000
11110101110010
00010110001100
11111111111001
00011110100010
11110100001010
00001100110011
11111001110011
00100001100111
11100101100001
00100010000100
11101100100000
00011100110111
11101000111010
00011101010001
11010101111000
00100100111011
11100010111101
00001111000011
11100001110110
00010010101100
11100110101011
00101011000111
11101111000000
00100100011110
11011010000010
00101010000010
11101011100010
00001011001100
11111100111000
00100001010000
11110110010010
00001101010110
11110101011000
00001001110101
11010100000111
00010110011111
11101001011001
00000101010011
11110100101101
00000100010100
11011000101001
00011110110110
11011110111010
00010001101101
11110000101100
00011110011101
11110110010001
00101100100000
11111111100011
00101000010000
11101110011011
00011010110001
11011010100111
00100100001111
11101110101110
00011111110011
11011111100001
00100101111111
11010101001010
00100011101001
11100101100110
00000111110100
11111011110110
00100101000010
11101110010111
00000011001111
11110001010010
00101000010001
11110111011111
00011010000101
11010011100100
00000011000001
11110011111111
00100000101111
11101010111011
00011011101001
11101110110010
00100000101101
11100111110010
00010101001101
11101000000001
00000001001011
11111111101000
00010011001010
11011100101100
00010010110100
11111010101011
00010111010001
11110100101111
00000100000111
11110010000101
00100101101111
11110100000101
00010010000101
11100010000010
00011101100100
11101010101011
00101100110100
11100111010110
00011110100011
11100111001000
00011001011001
11011111011011
00100110111100
11110110100000
00001110010001
11110001001101
00100010110111
11011010101111
00000100011100
11111010110011
00010101100000
00000000000111
00001001001000
11011010100110
00100110011100
11100111010001
00000000011101
11101111101100
00100100001110
11111011011100
00011110001111
11100010110111
00010000110001
11111100111001
00001110101011
11111111101001
00011010000011
11110011001110
00011011100100
11110110111100
00101001100001
11111110111000
00110010001100
11100110011001
00011000011000
11111100111011
00001100001111
11111100010010
00000011111111
11111000001101
00001111010001
11101100110111
00001110110100
11101101101100
00001111111011
11111000111111
00101011100010
11101111101011
00010111010100
11011101000011
00010101011110
11111000000101
00010100010000
11011101000111
00001110110101
11100000110111
00101000100100
11011100000000
00000101000001
11110001101011
00001001010101
11011100100010
00011111111011
00000011111011
00100010111110
00000010000100
00001010000111
11011011100001
00001001111101
11111010010111
00001000101100
11101110011010
00011101110100
11101011001100
00100101000101
11111111001101
00011011110100
11011100001100
00010010000010
11111010101010
00011011110111
11011101000101
00010001111101
00000010000001
00100001010001
11100111100001
00100110011010
11101110010101
00011010010001
11100001100010
00110001010100
11101110001001
00100110110111
11101001110101
00011011010001
11101110001101
00011101101111
11100101011001
00010011101110
11011111111011
00100101010011
11100110111000
00000110110001
11101001110110
00000001001010
11010100000000
00010111110110
11100100100011
00100100110011
11011010011010
00100101011001
11110010100001
00100100000101
11111110001100
00010101001101
11110011011110
00100111111011
00000000011010
00101111111000
11111011111101
00101111000011
11011010110010
00100100001111
11100010100101
00011011010000
11111010110101
00001100101010
11111010011111
00100100011011
11100010101000
00100111010111
11100011010011
00001001110000
11111110111000
00000111001010
11110110100110
00000001101110
11100101000001
00101001100001
11011111001110
00011011011110
11100111010011
00001100010000
11111001100011
00101011000111
11110010000111
00100101100000
11101100000011
00100010001101
11101000010100
00100110000100
11101000001000
00011110110001
11101111001101
00010000100110
11110111111110
00011001011001
11100100111010
00001110101110
11101111011110
00001011101101
11110111010010
00000001110100
11101011111000
00001011100000
11111011010010
00100010011000
11110111011110
00100111000100
11101011010010
00000111010101
11110111111011
00010101001000
00000010011001
00100010010010
00000000100101
00100100011011
11110111011001
00100000111101
11110011010000
00000010000011
11110000001101
00101010100011
11100011010010
00100010110011
11110011001011
00100101111100
11110001001010
00100111111110
11111000111001
00100000111111
11111010001110
00010010001011
11100010010100
00011110011010
11100111000111
00101010101110
11110110110101
00101100000011
11101010100100
00110011111001
11100001001111
00110001001001
11111001101110
00001000010001
11101001110111
00010010001111
11011111000010
00101010101110
00000000011101
00000100100010
11010110011110
00010000111011
11111110101100
00011010101100
11111001011010
00001110001111
11101100110111
00010111001011
11110111101001
00011100100110
11111010000000
00010010000011
00000010111101
00101101101000
11011011001101
00100010000010
11100111100110
00011000110110
11110100001100
00011000001001
11111000010110
00010101110101
11110010111010
00011011001110
11101100101110
00101100000111
11010111000110
00001010101001
11011000110000
00101001110011
11110001101101
00100100111011
11110010010011
00001111101010
11101101110111
00010101111101
11100011010010
00100111101010
11011000001101
00101001111011
11101110111101
00001011100110
11111100011001
00011100011011
11011101000110
00010101010101
00000110100111
00101001011001
11101100101010
00011110100111
11111101010110
00101001111000
11010110000000
00010110111001
11101100010101
00010011110101
11101100011111
00010001011001
11100010101111
00001110101011
11110001110011
00101011100110
11111001110101
00011101001111
11110011011101
00011011111111
00000000000101
00110000101111
11110011000111
00001000000010
11100000000000
00101111111001
00000101000010
00001111101000
11111001001000
00001101001000
11110110110101
00011010011110
11011101111011
00101010001010
11111101101101
00101100101111
11011101110000
00000011001101
11101011111110
00001010111100
11101010000100
00101000001000
11100011110110
00000110011010
11110110000000
00101010111101
11111100011010
00010011101110
11101011000101
00011001010011
11011011111010
00100010000010
11110000101011
00010110011110
11101100011100
00010110111000
11111100011000
00101000011000
11110100011011
00100100100100
11011110000000
00100001100101
11111001000100
00100010010011
11100110001110
00001100111110
11100000100111
00010000111100
11110001000010
00000111001101
11100100010101
00100100111100
11111101011101
00001011001001
11010101100100
00001111001000
11111011101100
00001000010011
11100111000100
00100110101000
11101100101111
00100001001110
11110111100011
00110100100110
11011101011100
00000111100110
11111011010100
00010010000110
11100000001001
00011110000011
11010110101110
00100001001101
11110011010001
00000111101000
11101100000000
00101000010111
11101100101011
00000111000000
11110011101011
00100010010111
11110001110100
00101000000110
11100110011000
00010011100001
11111101011100
00011100011001
11100110001111
00010011100110
11100111110101
00010100011000
00000101011001
00010001101000
11011110011010
00011001101001
11111111101101
00101100001100
11101010101010
00010000111101
11111001111000
00010010010010
11010110101100
00000110111001
11111011110101
00001011010011
11110010111110
00011000100010
11111001010000
00100000011010
11100000100000
00010011000001
11101011000000
00000011011001
11110100101110
00000110100011
11110001101101
00011001110101
11101001010001
00001010011110
11100110101110
00010101011100
11110101101101
00101010111010
11110000010100
00010000011001
11110001110001
00011010000110
11111010000011
00101010011001
11011000101001
00001110110100
11110001111011
00100101100100
11101011011010
00010010100011
11111011111111
00100001101001
11010100111001
00001010101101
11101011101111
00011111110001
11100100100000
00101101100011
11100101001011
00110001011101
00000100100100
00001011011101
11110100001100
00100101010111
11111111111101
00001101101000
11011000111001
00011001100010
11111100111100
00010100010111
11011111010101
00010110001110
11010100111000
00101000110110
11101101010100
00100110101001
11110101100010
00100000110111
11100000101000
00011111000101
11111001010101
00100011010001
11101100110110
00000110000100
00000000001011
00101011001110
11011111100100
00100011001110
11011111011110
00011011111100
11100111101100
00101111011110
11101101011010
00001001101000
11100111011000
00011111111000
11110001100110
00011011101001
11111001111001
00010101001010
00000000001110
00101000101111
11010101011000
00101011011101
11011011010111
00010000100001
11011010101101
00000010010100
11111011011000
00010111110101
11011110101011
00001011101000
11110011001100
00001010011001
11110010001101
00010011100110
00000001110100
00001100110000
00000010110001
00110001001010
11101010101000
00100100000100
11011000011000
00000111110011
11011011000010
00011000101110
11011100001010
00001001101111
11111010110100
00101011010101
11100001101101
00000101010111
11011000110010
00011100000110
11111011111110
00011111000011
11010011010111
00101001011111
11011111010110
00000101100001
11101100110000
00010111011000
11110010101111
00100110001011
11100111000001
00100011110110
11111101001100
00100111000000
11011110001010
00001010100100
11011111001010
00010101001010
11011000011100
00011111111101
11100110101110
00100010101110
11110101101110
00010001000001
11010011111100
00001111101100
11110000100001
00011101100100
11101010111110
00001001111010
11110011001011
00011001110001
11011000011001
00001101110110
11101011100000
00011110100111
11110000000111
00101011100000
11111010111110
00100001110100
11100001110101
00100111011001
11101110101011
00101000000011
11100101111001
00001110000101
11111111111001
00010010000010
11100000101010
00101010011101
11111100000011
00001100010010
11011111110100
00001110010101
11100010101111
00011111011101
11100001111111
00101100110000
11101111111010
00000110110010
11110110011010
00011101000100
11100000110110
00000110010010
11010110101001
00001000101101
11011100111011
00001110100000
11111011010001
00101010010111
11111110100000
00100110000101
11011101110000
00010101000001
11100001100000
00010001000011
11011110101111
00100000000110
11011101010000
00010011111110
11100010010101
00100110110000
11011111110000
00010001000100
11110111101111
00010000101101
11111100010010
00100110010010
11101111010101
00010011111011
11010011011111
00011010101100
11111011111101
00011111001000
11011111110001
00000001101001
11011001001110
00010111011100
11110001001010
00101100110011
11101011011111
00010000101111
11011010111101
00001001111111
11011010000010
00010110111101
11100100100101
00011010011010
11110101110100
00010001011001
11111110011011
00100111110111
11110100101011
00100001110100
11110011111000
00010011100110
11111010010010
00001111110110
11110010111011
00010110011001
11011100001111
00001100110100
11111011111001
00100111111101
11010100001001
00100100101010
11010110111101
00100110010000
11110000111010
00001011010101
11011010000110
00100011101100
11100011110101
00011110001110
11111110110111
00010101010101
11110111101011
00011100100100
11111101000101
