01100011100110110110010001010011101000101001111010100000110000100000111010110101
10100101111011000100010010100001010110101111100110011110101100100011000000011111
01000011011001101111101110110000100101000110001000111100111111111011011110111111
10011010110001011001110001110000001010111001100101000011000000010101001110011001
00010011101100011010101110111010100101101110110101011000010000011101111001101000
10110100100110011011011110101010110100011011101010100111101001101011001110111010
00001110100101000101010110100000010100100101001001011010100110111111110110110111
01101001111010111001000001001010000110010010100110101101111001101010001001010001
00100000001100011111010011000000110010111100000000000100011010100100110110100100
00010000010111000101011010011111001000001010111001011101100100110000110110111100
00010010010010010001100001011100100110011111001110011100001101110100111110101101
10111101001000100101100110100110111001101110100010010110011000001011101100110001
10111010101001100110001101001101100111100011010110101000100111101101111101100001
10111000100111111011011010100000110010101010111010110111101010011101000110110000
00000101100111101011111011100110001001100000111010110100110101010110101000001010
10001111010101111100001011110100011000001001000101010100001001111111101001010100
01100010011001011001101100011001001110110100110011101100100110110100110110011111
11101011100111110010100110011100100110011111010001100001010010010011001110101001
10001111101010011100110101001101000110100111000011100100010001001110101010101100
11001111001101011100110111011001111110011011110000011011000100111001001011010000
