000011000
111111011
000111010
110101011
000100001
111100011
000011011
111000010
000100101
111000011
000110111
111110000
000111100
110111011
000000100
110100111
000111010
111011000
001010110
110110010
000100100
111011101
000010111
111111111
000000110
111100001
000011011
111100110
000000001
111000110
000111010
111101000
000111111
111100101
000010011
111111001
000110111
111010001
001000100
111111101
000010001
111011101
000010011
110110000
000001100
111101000
001001100
110111001
000111101
110110101
000111010
111110110
000010011
110101111
000001010
111100110
000010110
111011011
000110100
111101001
000000101
111101100
000101110
110111011
000101110
111000000
001001101
111110111
000011100
111001110
000001100
111001110
001001010
111001111
000001011
111100011
000101001
111100010
001001000
111011110
000000001
111010000
000101000
111101011
000101000
111001110
000101111
111000010
001010111
111110111
001010101
000000001
000100111
111101000
001011110
111010001
000101101
111011000
001010000
111000101
111111111
111001001
000011010
110111000
000001001
111000111
000000010
111100101
000100111
111110001
000101110
111010011
000111111
110101010
001000010
111110011
000101011
111100001
001000100
111010011
000110001
111011110
001010100
111110110
000111111
111110110
000111100
111101001
001010011
111010100
000110010
110111111
000011000
110011011
000000110
111011110
000001000
111001100
000100111
111001000
001000011
110101010
000001011
111010111
001001010
110011111
000100110
111100011
000101000
111111101
001100101
111101101
000111100
000000010
000111010
000000010
001010001
111011101
001000000
110011101
111111000
110101010
000110001
111110001
000110101
111111101
000010110
110110011
000110101
111000010
000101011
111011110
000101101
110110101
000111100
111011010
000111111
111111011
001110001
111100011
001100000
110110111
111111101
111110010
000000001
111000100
111111111
111100000
111100101
111011000
000111101
111011000
000001001
111010111
000011010
110100110
000100010
111001011
001001101
110101000
000010001
111010101
000011010
110111001
001100010
000001010
001001000
111110101
000110100
111010010
111100001
110111111
111111110
110111100
111111100
110111000
000011011
110101110
001001101
111011100
000010010
111010101
001000011
111001010
001000001
111110110
000110110
111110110
000111100
111011010
000001011
000000110
001001001
111101100
001100010
111100000
001000110
111100011
000000110
110101100
001000111
111011110
111111011
111011101
000010101
111000101
000011110
111010111
000101101
110101101
000000110
110110001
000001101
110110010
000101101
110111001
000001001
000001000
001100000
111001110
000110011
000000001
001001011
000010101
001011000
111100010
001001110
110111100
000101111
000011110
001011011
000011000
000101110
000010010
001001110
111110000
001001111
111001111
000000110
111010111
000010110
111110001
000100000
111100011
000010100
111010100
000101110
000010101
001101010
000000101
001011110
000010000
001000101
111010011
000010011
111010001
000111000
000000010
001000111
000001001
001100110
000011110
001011100
111011110
001001011
110110111
000010111
111001010
000010110
111100000
000001000
111011011
000111011
111111100
001110001
111111000
001000100
000001100
000111110
111111011
000000101
110010000
111011001
110111000
000010101
110111011
000001001
000000001
001111110
000011101
010000011
000101011
000111010
110110001
001010110
111111010
001000010
111101101
001000000
110110010
001000011
111011001
001010000
000100110
000110110
111100000
000011001
110101011
111010101
110000011
111000101
110000010
000011000
110011100
111101111
000010101
001111001
000100100
001100011
000101100
001000101
110110110
000010000
110110010
001001001
111110111
001011000
111010101
000101011
111100010
001010101
111100011
001001000
111101110
111010111
110101001
111011010
101111101
111110000
110001101
111100100
110011011
000011110
111110000
001000101
111010001
001000111
000011001
001001010
111001101
000001111
111110101
000101011
111100110
001011011
111101001
000110000
111001110
001111110
111111011
001010001
111001010
000010100
110001101
111100101
110101000
111111100
111000001
000111001
111001011
001000001
111001101
000111001
111011110
000001100
111101111
000011000
111100101
000110110
111000100
001010110
111000000
001000110
111011011
001100001
111100001
010000010
000101001
001101110
111110000
000001011
110111011
000101011
110010100
111101100
111101010
000110100
111110000
000100001
110111011
111110100
110010100
000100100
111111010
001010011
111001011
001000110
110111100
000000101
111100101
000100100
111111100
111111111
000010001
001101101
001000101
001001011
000111010
001010001
111001010
001000011
110110011
000111010
111010101
000110110
000010011
000000001
110101011
111110100
110110101
000010011
110111111
001100010
111111011
000010110
111010010
001011000
110110001
000010111
111110100
000001001
111010100
000101011
000100111
010001110
001000011
001110001
000011000
001111110
111110101
001011001
000000100
000101000
111011101
000001110
110111100
000010110
110101110
111101111
111110111
001010011
111100000
000011000
111100001
001010100
111100101
001001010
110011001
111111100
111110010
001001111
111110001
010000101
001011001
010001010
000010001
010000100
000010001
001110100
000000001
000011001
111010101
000101110
110111010
111101001
110000111
001000101
000011101
001000000
111001101
000100011
110111010
000101100
111010110
000001000
111000110
000100101
111101010
111111010
110100001
000011011
111110100
000110111
000010010
001001100
111101001
001110010
111010101
000110001
110110000
111110000
110100010
000001001
110110001
000101110
111101100
001011101
000001110
001000011
110110000
001001111
111111111
000111010
111010011
000010101
110100111
000101100
111010010
000101100
111001110
000000001
111110101
001000111
111011111
000011111
111101010
000011000
111011110
000010100
110110010
001000010
111010100
001101100
000001110
000111101
110110100
000000110
111111111
000000001
110111101
001001110
110100111
000101010
111000110
000001000
111001101
000001000
111101101
000011000
111101000
000000011
111000101
000100100
111010101
111110111
111000000
000001110
111000111
000100110
111000110
001000100
111101110
001001010
000000001
001010110
110101001
001011001
111111110
001010110
111110101
000101110
110100110
001001011
110111110
000011001
111100110
000101101
111000010
000100100
000010111
000110001
111100100
000101111
111000000
111101110
111100010
001001110
111110011
001000110
111101011
000110000
110110110
001010111
111111100
001001101
110101101
111111111
110101000
000111001
110000111
000110011
110100111
000111001
110101100
000000010
111010100
001000001
110110101
000100000
111100000
111101111
111000100
000011010
111110100
001010001
111100011
000011100
111001101
001011010
111000011
000000110
111011010
000101111
111111100
000101000
111010101
001001010
111000011
000000001
110001110
000001100
111001011
000001100
111001000
000110011
110100101
000101111
110110011
001000011
110101001
001010111
000001010
000101001
111100111
000010001
111110010
001001101
111100100
001001010
110110011
001011001
110101111
000011001
111010000
001010010
110111010
001001111
110101010
000000111
111010011
000100011
110101111
000010110
111100000
000010111
000000100
000101111
111001011
001011010
111110111
001001101
111000110
000010100
111101110
000000001
111011111
000100010
110110010
000111101
111101101
001000001
111000100
000001010
111111110
000001101
111110110
000111110
111101010
001001110
000000011
000100001
111001001
001011000
111100000
000100101
110111111
001000011
111001101
001000000
111010011
001000111
111001111
000010010
111111111
001000011
111101101
000100010
111110100
000000111
111111011
000011111
110111000
001000001
111010111
001001000
110101101
000101110
111001101
000000100
111010110
000110101
111100110
000011100
111100110
001010000
111001111
000010000
111010010
000010000
110110001
000000100
110101010
000100110
111101010
