000111011
110110100
000111100
111010010
001000110
110110001
000101011
111110100
000101011
110110011
000010011
111010100
000110111
111101100
000110110
111010111
000111111
110101001
000110010
111000101
001000110
111100011
000001011
111100111
000110011
111000010
000001001
111010000
000011100
111001111
000101010
110101001
000100011
111110100
000101010
111101111
000000001
110101010
000011011
111010011
001001000
111010000
001011001
111011001
000111101
111001010
001010000
111011000
000110100
111011001
000001010
111100001
001000101
111101011
000111000
111100001
001010011
110111111
001001111
111101011
000011000
111100001
000010010
111000010
000101001
111000010
001001000
111001100
000110001
111100110
001010010
111010110
000111001
110100101
001010010
111011100
000110101
110111100
001001111
111110011
000010101
110101000
000101100
111111111
000010100
111110101
000011111
111110010
001001100
111101011
000100001
111101110
000100111
110111001
000101011
111010110
111101101
110011000
000001010
110010010
000101000
110111111
000011010
111010101
000110100
111101110
001010111
111111001
000000100
110111110
000010111
111100111
001000001
110111100
000011010
110101011
001001110
111000010
111111101
110101010
000101011
110100110
000010101
110101010
111011110
110100111
000011010
111010010
000000011
111011011
111110100
111101001
000101111
111001110
000110111
111111111
001010110
111100000
000010101
110101101
000001100
111010011
000010011
110110000
000010001
111000100
000101110
111010010
111100100
101111111
000011100
110010101
000011101
110100001
000001110
110111000
000010011
110010111
000100101
110111010
001001001
111100110
001000001
111100011
001010100
111111000
001000001
111001100
000110101
110101101
000101101
110111000
000011001
110100111
000001110
110011011
111100001
110010011
000000100
111010000
000010001
110101111
000100101
111010010
000111000
111011000
000010101
111000101
000111001
111101010
000101000
111110111
001001010
000011011
000100011
110110110
000011010
110101101
000100110
110100100
000101111
110000011
000000101
110111101
000010011
110111101
000101101
110100000
000010100
110011100
000011010
111000101
000110000
111001100
000100001
110100011
000100101
110111101
000111111
000110001
001011001
111011010
001011000
111101101
000000111
111111100
000000010
111010010
000110001
110100100
111101110
110010100
000001000
110011111
111101000
110110010
111001110
111011000
111100000
110001001
000010111
110110111
000011101
111011000
000011010
111111100
000001101
111111000
010000010
111111011
001001110
111010001
000111011
111001111
000111101
110101100
000010100
110011011
111111101
111000000
000010101
111100011
000010111
111100111
111111011
110101110
110101010
101110111
111010010
110101100
111011011
111001010
000010000
111010101
000110000
000001000
001010011
111110110
001010011
110111100
000010011
111001101
000010011
110100000
111111011
000000001
001001010
111101001
001110100
111111010
000111001
000000011
000111111
111100110
111111001
110010010
110110010
110010100
111111111
110111001
000000011
111000010
000111100
111101101
000111101
000001011
000101100
110111100
001000101
111101001
000101010
110011010
001001100
111011000
010000100
000010011
010001101
000100010
001110101
000001110
001111101
000111110
001110111
111110110
000000010
111001111
000010011
111000111
111101100
111100101
001000000
111001101
000111100
111001110
000101101
111110101
001010100
110101111
001001011
110111000
000011000
000010100
010001111
000100011
001100101
000110001
010010100
001100011
010100101
010000100
010111011
000111010
000100110
111001011
000100110
111001101
000110010
111010010
000010001
110110100
000101101
111100001
001001101
111100001
000000110
111100011
000100110
111111001
000101010
000011110
010010010
001010001
010001010
000111011
001010111
111110111
010001001
001001110
001111110
111110110
001011010
111001101
001010000
000001011
001100111
000000010
000000010
111001000
000111011
111010100
001001100
111000111
001000100
110111110
001010101
110110011
000011000
000000100
010000110
000011101
001110001
111101000
001100000
111110100
001110101
001000110
010000000
111101101
001000111
111110011
000011111
111101010
000010110
110100100
000000111
111010100
111110000
111011100
000101010
111111111
000111111
111011010
000110110
111010011
000001010
111001100
000010111
111100110
000011010
000000101
000111010
111101001
001110100
000111010
001011001
111101110
000111111
110110011
000011111
110111011
111100110
110100100
000010001
110101100
000000101
110101100
001001110
111100101
000000111
111010100
000011010
110110101
000111010
110000000
111010101
111100001
001001000
111111000
000111010
000000011
010000100
000010000
001011010
111110110
001010101
111000010
111110111
111000110
000000011
110011100
000011010
110011001
111101101
111010111
000110000
111100110
001010110
111001100
000110011
111110001
111011101
101110010
000000101
110010011
001001001
000100000
000111001
000100101
001111100
000011011
001011001
111011101
000000100
111010000
000011111
111011010
111101011
110110111
111111001
110101001
111101110
110001110
000100110
111100010
000000100
111110010
000110111
111101111
000001101
110101001
111010011
110010100
111110011
111001110
001101101
111011001
001100011
110110111
000010100
111001110
000010010
111101001
000101000
111000000
000001100
110111111
000000111
110101100
000101101
110100001
000000001
111101000
000110101
111001110
000110110
110110100
000001001
110110100
000010000
110101010
111111111
110111011
000000011
110110110
111111100
111010000
000001110
111011101
001001101
111010111
000010000
111011010
000011100
110011011
000011011
111010110
111101110
111100100
000100110
111110000
001000100
111010100
000101001
111010010
111010100
110111100
000100111
110100011
111111111
110110000
111101011
110000111
111101010
110111111
000001001
111000001
000111101
111110010
000110011
110110100
000111010
111000001
000110001
110101110
111111100
111001111
000110000
111010000
000100101
111111101
001000001
111100111
000010101
111001001
000001001
110110111
000000100
111010001
000001100
110101011
111110001
111000100
000001000
111011110
000001110
000000010
000011011
110101010
000100001
110101100
000001110
111001010
000010010
111101110
001001111
110111000
000100111
111010111
000011111
110110001
000100110
111101100
111101011
111011111
000001100
111010000
000111010
111011001
000010000
111110111
000110101
111100000
000110001
110111111
000111111
110111000
000000111
111101110
000100001
111001111
111111111
110110111
001001100
111010100
001001110
110111110
000011010
111100011
000010010
111000110
000010001
111000001
001001110
000001000
001010011
111010000
001001101
111110001
000010011
110110110
000110101
000000101
001100101
000011110
000110000
111001010
001010000
111110011
001000101
111100010
001000100
110110100
000001011
111001010
000011110
111111111
000011011
110111111
000011100
111010100
000011110
111100011
000110011
111001000
000110011
110001110
000011010
111001001
000011001
111101010
000100001
111100110
001011000
000001011
001010100
110111111
001000111
111001011
000001011
111001011
001010001
110110010
000100111
111111110
000101001
110110110
111111111
110110111
000011010
111011101
000011110
110111001
000110000
110101010
000001001
110111110
000101001
111000100
001000111
111000101
001110001
000010101
001000001
111010001
000001101
111100010
000101000
110101100
001010010
111001100
000110000
110110110
000101001
110101010
001001111
110101110
001000000
110110101
000110111
111010110
000000010
111011111
000100011
111010001
000011101
110111001
000011100
111101011
000010100
111100000
000000110
111110111
000100110
111001000
000111111
111001101
001010110
111110010
000101101
110110010
001000010
111111100
000111110
111101110
111111111
111001100
000001000
110110110
000100001
110101101
001001001
110111001
001001111
110110101
000111111
111001000
000011011
111100011
001001001
111010111
001000001
110110010
000110011
111110011
