001001011
111000101
000101100
110101101
000110100
110110101
000001001
111011010
001000001
111100100
000101000
111100000
001001011
111011001
000001100
110100111
000000011
111000100
000011001
111010100
000010000
111100000
001000111
110101100
001000100
111111001
000100010
111110101
000100101
111010011
001010011
111101011
000001111
111011011
000001111
110111101
000010110
111101000
000010000
110101001
000110011
111001001
000011111
111011100
000000100
111010110
000100101
111111001
000001100
111000001
000110010
111100100
000000101
111100000
000010110
110110111
000100111
111000111
001010100
110110100
000001100
110110010
000001000
111100100
000010111
111100111
000000011
111001101
000101100
111101010
000101001
111110011
001000101
110110001
000101011
110110000
000011010
110101010
001010101
111011010
000111010
111010001
001000010
111000010
001001110
110100111
000101110
111100100
000111000
111011000
000001110
110111011
000011010
111100110
000000011
111001101
000110100
000000011
000011011
000000010
000001111
111000011
000010010
111110011
000101100
111000100
000000011
110111101
000110100
111111111
000010000
111101011
000101111
110101101
001010100
111011101
001010010
111010111
000111111
111001110
001001010
110101001
000011010
111110110
000010111
111111000
001100111
111101110
001000001
110111011
001000011
111000100
000111100
111001011
001011011
111111010
000100101
111111110
001000110
110101001
000000100
110101010
000010010
111001101
001001111
111110000
001001010
110101011
000100011
111000101
000100011
111011110
000101110
111001000
000101000
110110000
111100001
110110100
111110011
111000010
000100100
110111010
000010011
110100100
000111000
111101010
001011011
110100111
000011111
110111011
001010111
111011110
001000011
111110111
001001101
110111101
000101011
111010000
000111101
111010111
001011000
111101110
000111011
000001011
000110010
111111000
000101111
111010110
000110100
000000110
001001000
110111010
001100111
111111001
001010101
111010000
000110010
110110010
000110001
110110101
001000101
111100110
000011100
111100010
001010101
000001000
001101100
111001110
001000010
000000101
001100101
111100000
000100000
111111011
001000000
111010000
001000000
111100000
001011000
111011101
001101011
111000100
001000000
111000000
000001100
111010001
000011010
111001001
000110100
111001011
000111111
111111100
000110000
110111101
000100101
000001011
000101010
111111110
000100010
111110000
001000111
111001001
000100010
000011100
000110101
000101110
001001110
000000100
001101110
111100101
000001110
111010011
000101001
110111101
000010100
111010001
000011110
111100100
000101001
111010100
000110011
110111100
000101010
111001110
000110100
111111001
001100000
110111011
000011110
111110001
000110111
111101000
001010111
000010111
001001100
111101010
001001001
000011011
000010011
110100111
000110100
111101101
000101101
000000011
001100000
111010100
001001101
000001111
000101101
110111011
001000010
111011110
000111100
111110001
001010110
111110111
000110101
111010111
000110100
111100011
001001110
111110101
001101111
000010100
001110010
000000110
001011011
111110111
000010110
111111101
000001011
110111110
000101010
111101000
001101110
000100011
000111111
111111101
001001011
000000010
001001111
001001001
010001011
000111010
001000001
000010000
001000001
110111110
000101001
000100100
000100100
111011001
001010100
111000101
001001000
111010011
000001101
111000100
000111001
111101000
001011001
111101010
001000001
111100010
000110010
000101110
001011011
000010001
001101111
000110110
010010011
001000111
000011011
000011000
000100110
000011100
001010001
111011111
001000110
111011010
001001110
110110100
001010010
111000110
001001001
111000110
000001111
110110101
000111000
111010100
000101000
000000110
000100011
111110101
000101100
111110011
001100111
000111100
010000000
000110011
010000101
000000111
001000011
111011000
001011001
111110100
000111001
110000111
000001011
111000111
000011000
111100000
000101111
111110001
000000001
111100111
001010101
111110001
111111010
110111101
000001000
110011100
111111000
111010100
000100000
000100101
001011011
000000111
001001110
000000010
000100011
111111000
000010000
111100100
111110000
110100001
001000110
110101010
000111011
111011110
000101111
110101011
001000010
111111111
000001101
110100110
111101111
101101001
111011001
101101100
111001011
101111111
000001100
111111111
000110101
111111101
000100010
111101000
000111011
111011000
000011110
111100000
001001011
111100110
000001100
110100110
001001001
111101000
001000110
111010000
000111100
111101100
000110001
111000011
111100001
110001100
110111110
101110101
111100100
110100101
111101110
110100101
000110100
110111100
000011100
111010101
111111011
111101010
000101111
110111110
000111101
111000011
000110011
110110101
000110100
111111101
000101101
111010100
000011111
111110001
000000110
110010101
000011000
111001101
000001010
110010011
111001100
110001001
111111110
110010001
000000100
111011100
111101111
110111010
000100110
111101111
000100001
111101011
000001010
110011100
000001001
110010111
000100111
111101110
000101100
111110111
000011011
110111101
000111001
111000101
000100010
111010001
000101001
110111011
111110110
101111110
111100100
110110001
111111100
110111011
000011011
110100001
000100010
111110011
000100011
111000001
111111010
110010001
111011011
111001110
000110010
111010000
000010010
111111110
001001000
111010100
000010000
110110100
000111010
110111101
000011101
110111111
000000010
110100100
111100101
110011011
000011000
110101100
000011110
111110111
111111111
111010000
000011010
110101001
000011111
110100101
111110101
111101000
001001100
111001001
000011111
111011010
000010000
111010100
000100111
110111000
000010110
111011101
001000000
110110001
111110100
110001110
000001011
110101101
111110111
110110010
111100101
111100000
111111001
110101110
000010111
110110101
111100010
110001011
111101110
111100100
001000100
110111000
000010011
111000101
000100100
111001011
000001001
111011000
000100101
111011111
000011101
111001000
111110010
111000111
000000011
111000110
000001110
111011010
111100001
110010000
000010101
111011101
111111101
111010111
000001100
110000001
000010100
111100111
000010111
110111010
000100100
111111010
000110010
111000100
000111011
110110000
000100011
111000100
000100001
111000101
000010110
110011111
000101100
111010100
000101000
111000100
001000100
110101111
000101000
110001000
000100010
110011011
111010111
111010100
000101110
110101001
001001001
111110001
000001100
111110111
001010011
111001111
000010110
111011011
000011110
111000000
000101001
111000011
000010010
111011011
000110000
000101011
001001011
000011100
001001100
000000101
000000001
111000111
111111001
110011010
000011001
110011111
000110010
111001010
000000010
111100100
000101100
110110100
000101011
111001100
001011101
111101000
000101100
000011001
001110110
000000111
010000011
000001010
001111010
000100011
010000010
000011011
001100111
111111100
001001111
000000101
001011100
111011111
001001101
110101110
000101101
111100101
001010000
111110011
001001100
110101101
000101000
111100011
001000111
110110100
001100001
111010101
001000011
000100110
001111100
000100001
001100011
111111111
010000000
000101000
001011001
000101010
001011010
000011000
001101011
111010100
000111011
111000111
000011111
111100110
000111000
110110100
000110011
111010001
001011001
111011010
000101001
111011001
001001000
111110001
000101000
111001000
001100001
111010000
001011000
111001110
001101110
111111010
001000111
111010110
000110110
000001000
000001000
111001110
000100000
110110101
000100111
110111000
000101111
110111011
000001000
111110011
000110111
111000100
000111101
111001010
000001001
111110101
000000100
110110011
000100001
111011100
000110110
111100110
000001110
111011100
000001101
111111001
000111111
111000001
001001011
110100111
001001001
110110100
000111001
111110111
000111111
111111010
