000010110
111000000
000110111
111111000
001010110
110110010
000001111
111010101
001000100
110111010
000000001
111001100
001000010
110111101
001010011
111110111
001000111
110101011
000001001
111100111
000010101
110110111
000001001
110111101
000011001
111110000
001010100
110111100
000001001
110101000
001001100
111100001
000111110
111010111
000100111
111000101
000011101
111001010
000001011
111111001
000100010
111110101
000111110
111111001
001001111
111001011
000010011
111000100
000101111
111100100
001010100
110111011
000001011
111111101
000101110
111011100
000010011
111010111
000001110
111100100
000100111
111111111
000111010
111110100
000101000
111110100
000111111
110110011
000110110
110101000
001001100
111111001
000000001
111010000
000001111
110101001
000000011
111010111
000110010
111000101
000111110
111010000
000100100
110110110
000110100
110101101
000010100
110111001
000100001
111011110
000001000
110110110
000011111
110101101
000111100
110010110
000100100
110011100
000010011
110110010
000011001
110110110
000010100
110101011
111110010
110101110
000101101
111101101
000001001
111101110
001000110
110110100
001000010
111110000
000111100
111100100
000000111
110101100
000000101
111001100
000000010
110111101
111011101
110001111
000001011
110101000
111111100
110010001
000111000
111101000
000010101
111010111
001000001
111001001
000101110
111011000
000111111
110110110
001001001
110111010
000000011
111001011
000110111
110111011
000111100
111010101
111101101
110010001
111100010
110110010
111100111
110111010
000000110
111000100
000010010
111101001
001011100
111101111
000110011
111100010
001101111
000011010
001100000
000011010
000101101
111001100
000000111
110101111
000100111
110110001
000111100
111010010
000011100
111000111
111101011
111000010
111111111
111000000
000000111
111001000
000011111
111010100
000100110
110101111
111110011
111100001
000011010
000010000
001111010
000110000
010001110
000011010
001100110
111111100
000001001
110101010
001000101
111110110
001001011
111100111
001000111
110110100
000011101
111000101
000101111
110100100
000111000
111010010
111111000
110011111
111111111
110100011
111101100
111001100
000101101
111010111
001001010
111110111
001111110
000110101
001000011
000000001
000010110
111000010
000101000
111101101
000111011
111101010
000001110
111000001
000010010
111101001
000000100
111101001
001011000
111000100
001010010
111001100
111111010
111000110
111111011
111011101
001001010
111000111
001000011
111101110
001001000
001001100
001011011
111101100
001011110
111110111
001001110
111110100
001001100
111100111
000100011
111011010
000111011
111011000
001100001
111010010
001001110
000110101
000110000
111001101
000101011
111010111
000001010
111110100
000011001
111001001
000101111
000000101
001011110
001000000
001111101
111101101
001010100
111001111
000010010
110111010
001000001
111111111
001100100
111101100
000111101
111111111
001110000
111111111
001101000
000000001
010000001
111110110
001001001
111000110
111111011
110100011
000101011
111000001
111110001
111100010
000100101
111110111
001000111
111010100
000001010
111000001
000011111
110110011
000011110
111010100
001000111
111001000
001011100
111101000
001001001
000111111
010000010
111111100
001011001
000000011
000111100
111011111
000000110
110111100
000001110
110110110
111010010
110010110
000110101
111111111
001010111
111110111
000111100
111110011
001010011
111000100
001010010
111101111
000111101
000011001
001101100
000000101
000110001
111111010
001101000
111101110
000111001
111001110
001101100
111011010
000010010
110111110
000010011
111010110
111110010
101111111
000011110
111010110
000101101
111010000
000100011
111010011
000111110
111111111
000111100
111001001
001000101
111110110
001101100
111111111
001010001
111011110
001010001
111000000
111110010
111100000
000011010
110101011
111001001
110110000
111110100
111100000
000000110
111001111
000100011
110111101
000001000
111111011
000001101
110111101
000110000
111010001
000010111
111100111
000101101
111001000
001100000
111111100
000110111
111011001
001000100
111000000
111101100
110101110
001011110
111000100
111011000
110111100
111110101
111000010
000011101
111010110
001000011
111001010
000111100
110100100
000111010
111000110
001011000
110111000
000100100
111001100
000010101
111001100
001000000
110110100
000101111
111001100
111101010
101110101
111100011
111001010
000001011
110101110
111111000
110001011
000001101
110110110
000000111
111000010
000100101
111101011
000010000
110110001
000101010
111010001
001000111
111110100
000001110
110110011
001001011
111001111
000010011
111011010
111101010
111000110
111010001
110001010
000010000
111111111
001010100
110100111
000011001
110110111
000110111
111101000
000110101
111100111
000001010
111010001
001010101
111011000
000100001
110110010
000001101
110110011
000100010
110100010
001001110
111100001
001010001
110011100
111000111
111001101
111100011
111010001
111111111
111111111
000011000
110111111
000010101
111010001
001000000
111101111
000101001
111001111
000110000
111111110
000100111
110111000
001001110
111100010
001011000
111101010
000010001
111100011
111111100
111011011
000011101
111101011
111100001
110100000
000111111
111010011
000110110
000000001
000110100
110110000
000010101
111010111
000011111
110101011
000010001
111011111
111111110
110110001
000010110
110110110
001001011
110110111
000100011
111000010
000001101
111001001
001000111
111110010
001000000
111110110
001001111
111010101
000001101
111111011
000100010
000001000
000100110
111110000
000010001
110100111
000110011
110110011
111110111
110111001
000100101
110110000
000011111
110111100
000110010
110111110
000101000
111011110
000110011
110100000
111101001
111000110
000100001
000010100
000101111
111111110
001000000
111010011
000101010
111111001
000000100
110111100
111111111
111000110
000010101
110100001
111100101
110110000
000010110
110111010
111111001
110111000
000110001
111011101
000101011
111111000
000001011
110011110
000010010
110111101
001010110
111110001
001011010
111011101
001011000
111110011
000101101
110110111
000011011
111101110
000100111
111001001
000010001
111001001
000110010
111011001
000101111
111110011
111111110
110111000
001000111
111111101
000110000
111100010
000100100
111101111
000010101
111001110
001100000
111010000
001000111
111101101
000110011
111011001
001001000
111001000
000011010
111101011
001000010
111101011
000010100
111001111
000110101
111100011
000001100
110110011
000101001
110110010
001001000
111010010
000111001
111001011
000101110
111100110
001001011
110101111
000011001
111101011
001000101
000010110
000110101
111100011
001100100
111101010
001001010
111111000
001010111
111101101
001011000
111110000
111101100
111000101
000001101
110100000
000101100
111001000
001000001
110100111
000101010
111010001
000101011
111110100
000000110
111111011
000011011
111101111
111110011
111000111
000010011
110110110
000100101
110111000
000010110
111001001
000001010
111000110
000010001
110111111
000001110
111101110
001000000
111011001
000101001
111110011
000011110
110100110
001000100
111111011
001011001
111101100
000110011
111010001
000010111
110110111
000011100
110101011
000101000
111001000
000000001
111101001
000000101
110110101
000101101
111001101
000010001
110100100
000001001
111011111
000111100
111000111
000011100
111001111
001010101
110111001
000111110
111100111
001000111
111011000
000011100
110110111
000111010
110101100
000010001
111110001
000110101
111000101
001000100
111101001
000100111
110111111
000101100
111010100
000101011
111101010
001010011
111000000
000010010
111101010
001010101
110101100
001001010
111101001
000101100
110111011
000000101
111110000
000000100
110110100
000111000
111011101
000111000
111100101
000011011
110110001
000011111
110110011
001000000
110101011
000010111
111110111
001000001
110111100
000110101
111110001
000000001
111001100
001001100
111101100
001001001
110111001
