001010001
110101110
001010000
111010111
000101000
111101010
001000101
111111010
000010101
111111010
001001010
111110001
001011001
111111101
000010010
111101000
000111010
110111101
000110000
110111001
001001110
110110001
000010101
110111001
000010101
111110010
000000001
111100011
000000101
111011101
000111010
110101010
000011011
111010000
000100101
110111100
001000110
111101111
001001001
111111111
000010111
111000110
000010001
111101011
000111101
111011101
000101110
111100010
000001100
111111100
000001011
111111111
001010011
111100000
001000111
111110001
000101101
110111000
000101100
111001101
000010001
111110100
000101111
111010011
000111100
110101100
000010111
111011000
000001100
111111011
000101100
111011111
001000001
111000101
000110111
111011100
000000100
111110100
001000001
111110000
000010000
110110100
000010001
111110111
000010010
110101000
000011000
111000000
001000111
110111100
000011001
110101000
001010001
110111001
000101101
111010001
001000110
111000001
000000101
110111000
001001101
111010110
000010110
111001110
000001100
110110010
001010100
111101111
001011001
111000011
000100001
111110000
000101111
111001101
000011001
110111111
000110001
111010000
000101001
111100010
000011101
111000010
000100010
111110110
000110100
110111100
001001000
111101111
000110111
111000000
000001010
111011011
000010010
111011110
001010100
111011111
000010100
110110001
000110011
111101100
000110010
110101100
000100100
111111001
000101101
111000100
001001010
111111101
000011000
111110001
000101101
111011011
001011101
111000101
001000101
111011011
000110110
111011101
001000011
111110001
000001100
110110011
000110000
111011101
000010011
111010110
001000101
111011000
000011111
111100010
000111100
110101111
000011001
111111011
001011010
110111110
001001001
111000011
001010100
110110010
000001011
111110100
000110001
000000111
001011010
111110101
000101110
111001110
000101111
111101000
000111100
110111111
000001010
111101110
000001011
111100010
000111100
110110000
001000110
111111111
000010110
111011010
001010101
111011010
000111000
110111011
000100001
111101110
001000100
111111111
000011101
111000111
000100011
111000110
001000011
111100101
001001000
111100111
001001001
111011101
000101110
111010100
000001010
111001000
000111110
111101011
001010110
111100000
000001110
111000001
000100111
111101010
000011110
111110010
001010101
111000111
000011001
111111110
001100000
110111000
000011010
111110100
000111010
111010000
001010001
111011110
001001010
110111110
000110111
111000101
000001001
111110011
000001110
111101101
001000101
110110100
000101010
111000011
000011001
111010110
000110111
111011000
001011010
111001100
001010111
111000010
000101001
111111111
001010110
111100100
001011011
111111100
000111010
111001110
000111010
111010001
001010010
111010101
000010101
111001111
000001110
111100010
000111101
111100101
000110100
111011100
000010100
110110001
000011101
111101001
000111010
111001110
001011111
111011100
000100111
111000001
000100100
111001001
001011110
111111101
000010011
110110100
000010110
110111100
000101000
110110001
000011001
111011111
000100010
111010011
001010001
111010001
001001101
111001110
001001111
111100110
000001111
000000111
000101000
111110011
000101101
110111001
001011110
111110000
000111000
111111101
000100101
111010010
001011111
111110100
001000110
111110011
000000110
110101000
001010001
111010010
001001111
111110001
001001111
111101010
000111111
110111011
001001010
111011101
000101010
111001101
001010110
111100010
001000110
111110110
001001000
000001001
000100001
111100011
000111010
111011001
001001100
111000011
000010000
110111010
001001111
110101101
001010001
110101010
001010100
110111001
000101010
110111000
001011001
111100010
000001000
111001111
000010100
110111010
000010101
111011100
000111001
000001010
001011111
111111010
000100111
111100001
000101110
111100101
000010001
110111011
001010101
110101110
000110000
111110110
000111010
111011001
000000101
111001111
000100011
110101001
000100001
110110010
001000110
111101010
000011100
110111011
001011101
111101011
001001111
000000110
001011000
111110010
000011010
111010010
001000100
111101100
000100001
110101110
001000010
111011110
001001001
111000110
000010111
111011111
001000100
110101110
001000111
110111000
000101010
111101110
001000111
110111110
000001101
111010110
000010101
111110100
000110110
000000110
000111101
111110101
000011110
111101110
001000100
111110101
000001101
111101001
000110001
111100011
000011101
111101100
001000000
111110101
001001111
110101001
000101100
111000111
001001111
111100011
000100110
111100110
000110101
111110010
000010011
111010101
001010000
111101101
001001011
111110001
000101101
111110001
001000001
111011111
001000000
111100110
000111110
111000011
000111101
111110000
000000011
110101010
000100101
110111101
000001000
111100110
000111111
111000111
001001111
111001011
001010010
111100010
001011000
111100011
000111010
111111101
001011000
111100110
000101101
111010101
001010101
111001010
001010110
111010110
000001110
111010011
001010000
110111010
000010101
111010001
001010111
111101000
000101100
111011110
000000001
111001000
000110110
110111100
000010000
111010000
000100010
000000010
001011100
111101110
000101110
111011000
000101011
111110111
000010010
111000111
001010000
110101100
000100110
111000100
000110010
111010101
000011000
111011101
000011000
111010100
001010010
111101100
001000011
111011010
000110011
110110111
001010111
111101011
000110011
111111011
001011000
111000010
000011101
111000011
000010100
111011100
000110110
111100100
001001011
111001110
000010001
111010001
000111011
111011000
000011101
111110010
001010011
111001011
000110001
111101111
000000111
111010110
000100110
110110100
001001101
111111111
000111011
110111100
000100101
000000010
001100101
111111101
001011101
000000001
000010010
110110100
001000100
111010011
000101001
111100000
000010111
111010110
001011001
110110001
001010011
111100011
000000100
110110011
001010001
111001011
000000110
110101010
000000110
111010111
001001111
110110110
000111000
111100011
001001110
111000010
000111110
111001110
000010000
111011111
001001100
111110110
000101100
111011100
001000011
110110100
001001011
110101000
000011101
110110101
001001101
111101010
000001111
110101110
000001000
111111011
000101100
111110100
000001000
111010110
001000000
110111000
000110000
111111010
000100110
111110111
000000110
110110011
001001011
111111010
000100011
111001010
000010101
110110110
000000101
110101001
000111100
110110000
001010110
110100111
001000010
110111000
000010111
110110010
001000001
111100010
001010110
111110000
000101110
000000011
001001000
111111010
001010101
111110100
000011110
111101101
000011111
111100100
000001100
111110010
000100101
111010011
001000111
111000111
000011110
110110101
000110111
111111111
001000011
111001111
000000011
111011010
000100101
111101100
000011111
111110111
000110101
111101011
000100000
111111101
000011110
111111111
000010110
111110011
000010110
111010011
000100101
111001110
001001100
111001111
001000001
111101001
000000100
111010010
001010000
111011110
000100000
111010011
000100011
111111001
000000111
111011101
000110001
111011000
000111011
110110110
000110110
111110001
000010000
110110100
000011101
111011100
001010011
111010010
000110101
111110010
000000101
110101000
001000000
110101111
000101111
111011000
000001110
111001100
001010110
111111100
001010110
111100100
000110001
111100001
000100100
111001010
001000100
110101111
000001001
111100001
001001010
111001010
000110111
110101100
000101100
110101111
000100000
111011011
000101001
110101101
000110011
111010011
001010010
111100110
000100101
111011000
001000001
111001101
000000010
111000011
000110111
110101000
001011001
111110010
000011110
111011101
001000101
111111001
000011110
110110101
000101001
111110101
000101010
111111010
000000111
110101010
001011001
111011011
000100010
111011000
