000000010
111110111
000011011
111100111
001001101
111001101
001000000
110101000
001010011
111111111
000101011
110111111
000011010
111001100
000110111
111101000
000100011
111010000
000001011
110111111
001000110
110101001
000101111
111011011
000111010
111001111
001010000
110110101
000010001
110101010
000010110
111101101
000000101
111001111
000101100
110101101
000001001
111101101
001001111
111111011
000010011
111011101
001000101
111010001
001010100
111011100
001000110
111100001
001010011
110101111
000000111
111000000
001001111
111001010
000001100
111010001
000001110
111111110
000100000
111100001
001011000
111001010
000110010
111111010
000001010
111110111
001001101
111011110
000001110
110101001
000001101
111000111
000001000
111101110
001010011
111101010
000101000
110111000
000101100
111011000
000111101
111001011
000001101
111001101
000010010
111101000
000001001
111100001
000011010
111010111
000111101
111100011
111111110
111011011
000000101
111010001
000001000
111010010
000010110
111000001
000000001
110110010
111111010
111010100
001000011
111110001
000011110
111001110
001000010
111111111
001001110
111010101
000110110
111111111
000000100
110111000
000011010
111110011
000001101
111001101
000110011
110101000
000111110
110110000
111101001
111001000
000101000
111001001
000011110
111101100
001110100
111110110
000011111
110101110
001000111
111101110
000000010
111100101
000110110
110111000
000011100
111010101
000011001
110101110
000101101
111100101
001000011
111000100
000110110
110111001
000010110
111011110
111111100
110100100
111111000
110101001
000011100
110110111
000001111
111011011
000011100
000000101
000011110
111111111
000011101
000000011
000101000
111110111
000011100
111111010
001010001
111001001
000110101
111111000
000111001
000001011
000111101
111110010
001001011
111000000
000001100
111111110
000000111
110101001
000100011
111001101
001000001
111001101
000111110
111010101
000111011
111101010
001100001
111010110
001001101
000000001
000110100
111101011
000001001
110110011
000100001
000001011
000110101
111010111
000101000
000000011
001001101
111010000
001010011
111110100
000111011
110111010
000110110
111101011
000100101
000001010
001010100
111010010
001011000
111111110
000111111
111111110
000111101
111010010
001001000
111100001
000110000
111100101
001000001
111001110
000100100
111001011
000111010
111000000
001000000
111001101
001100000
111001101
000100001
111011010
000101001
000011110
001000010
111111010
000010000
111001011
000101000
111010000
001001111
111111011
000111111
111101001
000101110
111101101
001001001
111101111
000111011
111100111
000110101
111100110
000111111
110111110
000010110
111010100
001001000
110111110
000010111
111100101
001001111
111011111
000110001
110111010
000100010
111101111
000000101
111101110
000011001
111110000
001001001
110111100
001000001
111011100
000000110
111110101
001000000
110110110
000010000
111011110
000000001
111100110
000010101
111100010
111111011
111001111
000100010
000110111
001000111
111011101
000001101
111010000
001101010
111011100
000000110
111011011
000101111
111101110
000011010
110110010
001000100
110101010
000111101
111100000
000101111
111000010
000101101
110100001
000001001
111001101
111111111
111011100
000101010
111000100
000110000
000001010
001111001
000001010
000101001
111000011
000011010
110111100
000000001
111000110
000011111
110110110
000001011
111001110
000001110
111100110
000101001
110110011
000101001
000000010
000100101
111011011
000111111
111101111
001000001
000010001
000101101
110110011
001001110
111110001
001000111
111111001
000111110
111111100
000001011
110011011
111010001
110010011
000100101
111000010
000110000
111000100
000101101
111001000
000010101
111000110
001011101
111011110
001010010
000010101
001010000
110110010
001001011
111100111
000000101
111001111
001000011
111110100
000111101
111110100
000100111
111010110
000011101
111011110
000100000
101111111
000001110
110100101
000101001
111100101
000111001
111111111
001011000
111110011
000111010
000000010
001101010
111111110
001110100
000001110
001010100
110111111
000011101
110111001
001001111
111110001
000110001
111101010
001011000
111110101
001101110
111111001
000001111
111010001
000001100
110100011
000011110
111000001
001010110
110111001
000000011
111001001
000111100
110010011
001000001
111100011
000100101
000001011
000111110
111101101
001111111
111001110
000110110
000000111
001001110
000010010
001100001
111110110
000111111
111111101
000101000
110101110
001000010
111011100
000011101
111110111
000011011
111000100
001001110
111100100
000010110
110001100
000010111
110110101
000101101
111011101
001101001
111101110
001010001
111011101
001010100
000000001
001001010
000000010
001001110
000010111
001101001
000001100
001001000
111111000
000111001
110100111
001010001
111000110
000001101
111101000
001001010
111011011
001000010
110010110
111011101
101110001
110011111
101110100
111111010
111000100
111110111
111011111
000010001
111101100
000100101
000001001
000110000
110110110
000001111
110100010
111111000
111001001
111100111
110101001
000100101
110110100
000111000
111011111
000110011
111001100
000110111
110110000
110110011
101100000
110000100
100111101
101100000
101101101
110011010
101111001
000001111
110101110
000010000
110111111
000111100
111000001
000010101
110111110
000101000
110000110
111111111
110101000
000100101
111011101
000110101
110110101
000011011
000000011
000101000
110110011
000100111
101110010
110000001
101101001
101111101
101001011
101101100
101111010
111010101
110011010
111101001
111001101
111110101
110111010
000110111
111010011
000000110
110111000
000100011
111101110
000100111
111111110
001010011
110110101
000100110
111011110
001010010
110111111
000101101
110011110
000011000
110011110
000000010
110011011
111101000
110110001
111101010
111001011
111111001
111010111
000100110
110101011
000110010
110011110
000011110
110110011
111111111
110101000
000000100
110110110
000001001
111010101
001001100
000000011
000110010
111100001
000010101
110101111
001101000
111111011
001010110
111101010
111111000
110110110
000100001
111011011
000001111
110101100
000000100
111011111
000001011
110101100
000001001
110100111
000110101
110110010
000110010
110111001
001001100
111001011
000111001
110101110
000010100
111011010
001000001
111011010
001001011
111111010
001001101
111101001
001000011
111001011
111101100
110101010
000111001
111000101
000111111
111000101
000101100
110000111
000111100
110100010
000111010
111101011
001010011
111100001
000001000
111010101
000001101
110110010
000100011
111100001
001100010
000000110
000010110
111011100
001010011
111000100
000011101
110010101
000011010
111001010
111111011
111001111
000001001
111110111
000001101
111100100
000011110
111101110
001010100
111010010
000001100
111000100
001000000
111111010
000000010
111000001
001001100
000011111
001110101
111110110
001011110
111011110
001001011
111100100
000011010
111100100
000010011
110110001
000001100
110110010
111101111
110111100
000010000
111011101
000011000
110101001
000001011
110101001
000001000
111110011
000101001
111101011
001001000
111110011
000100100
111001010
001110110
111011110
001111110
111110000
001011000
111011101
001000011
000010000
000100001
110111110
000100111
111011011
000101010
110110010
000000100
111000011
000010000
111001010
001001101
111010001
000110010
111111100
000101100
111000110
000010000
110101011
001010001
110101011
000010001
111110111
001001110
000000001
000001111
111000011
001001101
111010110
001000100
111111001
001001001
110111100
001010010
111100011
000000101
111010001
000000110
111101110
000010011
111101101
001001001
111111001
001000011
111011110
000001011
111101010
000000010
111100101
000010001
110101111
000011010
111100101
000001010
111111000
000100101
111110110
001010010
111101111
000111100
111001101
000100000
111011100
000100101
111101011
000111111
111010100
001000101
110111011
000111101
110101000
