001000100
110110000
001000110
111011100
000100110
111011001
001010001
111010011
001010111
110111000
000100000
111000101
000001101
111011010
000000101
111111101
000001010
110101100
000001011
111010000
000010000
111100111
000111110
110111110
000011001
111110101
000001110
111000001
000101101
111001100
000101001
111101001
000101011
111101011
000111110
110110011
000111101
111001110
000100101
111001000
000100100
111000000
000011001
111010011
000010011
111100001
000110011
111100101
000011100
111000100
001001101
111010110
001010110
111010000
000010011
111101011
000111100
111011111
001010100
111110001
001010101
111011101
000101010
111100011
001000000
000000001
000101011
111110100
001001101
111010010
001100010
000001111
000111011
111111001
000111110
111001110
000111011
111111001
001011000
110101111
001000110
110110110
000100010
110111110
000100001
111001011
001010111
111111101
001010101
110110010
000011011
111000010
000101111
111100100
000111111
111001111
001101001
111101011
000111011
000001010
000111110
000010000
001001010
111011010
000111101
110111001
000110110
000000011
000001000
111010111
001010011
110110100
000011001
111100101
000110100
111000110
001010000
111010110
001001110
111010010
001001000
111011001
001101000
111100011
001000111
111111100
001001011
111111010
001010000
111010011
001101111
000100110
000100110
000010010
001010110
111011011
000000110
111100010
000101110
111110111
001001000
111011001
001010101
111111000
001000100
111011010
001011000
111100001
000101001
000000011
001011011
111111011
000111110
000000001
001000010
111101100
001010001
111011100
000111100
111010101
001101111
111010111
000010010
110110010
001001100
110101101
000101011
110110101
000011001
110101000
001010011
111111010
000101000
110111000
000011110
000000101
000111010
111000010
001001110
111100000
000110110
111101110
000010010
111010010
000100110
111100001
000110100
110111000
000011001
110111000
000111010
111100010
000101010
110111000
000011010
111101111
001000101
110111111
000000011
111111011
001000000
110110010
000011011
000001100
001001101
111010001
111111111
111001001
111101000
111000011
000100010
110101111
111100101
110001011
111011101
101111100
111010010
110000010
000010101
110101111
000101100
111100001
001011011
110111001
000011110
111101101
001010111
111110010
001001110
000000101
000011100
111011000
111110100
111001010
000011000
110001101
111011111
110101110
111000100
101110111
110110010
101110110
110111001
101111011
111110111
110010111
000000101
111100010
000100110
000001001
001001111
111000011
000110111
110111010
000101000
110100101
001010001
111011110
000001100
110100101
000001011
110111110
111111010
110011000
111010110
110001101
111100110
110111000
111010101
110001110
111100001
101110111
111010110
111001011
111111010
111001010
001000001
111011010
000111010
110110001
001001000
111011101
000110011
111010111
000000110
111111001
000010100
111010011
111110111
110100011
111011010
101110110
111111011
110100011
000110010
111101011
111011111
110010011
111000011
110100011
111111110
110011111
111111101
110100010
001011100
111100101
000011001
111001000
000001110
110110100
000101110
110101001
000001111
111101011
000000001
110110111
111101101
110100100
000000001
110100011
111110110
111011110
001011101
111000111
000100001
111110010
000111001
111010011
001000001
110100100
111101101
111011010
001001010
111100101
111111110
110110010
001001110
111100100
000101100
000000100
000001110
110011011
000111011
111010011
000001101
111100010
000010110
111100000
000001001
000001001
010000001
000010101
000010010
111110010
000000011
111011100
000100101
110101011
000111100
111011111
001010111
111111001
000011111
110111111
000101010
111011110
000110110
111101101
000111101
111101001
000000110
110111001
000010000
111111001
111110000
111101001
001000100
111110000
001101100
111100110
000010001
111110010
111111111
111110110
000110101
111101110
000101100
110110000
000101001
111000111
000000110
110101101
001001001
111011011
000111011
111101101
000111100
111001111
000100010
111010100
000010100
110101110
111110101
111000101
000011001
000001101
001011101
000001101
000001110
110100010
001000001
110111101
000001001
110110110
001001001
111011011
000100010
111000111
000100100
111110101
000101011
111010111
000000101
111100111
000111100
110100100
000011011
110101100
000100000
111000010
111001110
111001100
000010100
000010011
001110000
111010101
000101101
111100000
000001101
111100101
001100001
111111000
001000101
110101010
000100010
110110111
000101101
111100110
000111110
110101101
000100111
111110100
000011000
110111100
000000011
110111111
111000110
111000100
000001110
111100000
000010001
000100010
001001111
111010011
000001000
110001100
000110011
111101110
000010110
111110000
000110001
000000001
001001010
111011001
000000001
110110101
000110001
111010001
000001101
111110011
000100111
111000000
000001100
110011011
111100011
110001101
111101010
111100010
001001100
111111111
000011100
111101010
000000001
111010101
000111100
111111010
001010011
111110010
001010100
111010111
001000100
111001100
000110010
111101000
000010100
111001100
000001011
111001001
000010100
111101000
111111011
111011001
001010100
111111110
001001110
111101011
001000010
111101000
001011000
111111100
001001010
000011000
001010011
111110110
001100000
111001101
000011101
111110100
000100001
111110111
001010001
110110000
001000011
111010110
000010011
110110111
000010101
111110000
001001000
000011100
001010010
111111110
010000101
001010001
001100111
000101001
000011011
111111100
001100010
111100011
001101010
000011010
000101110
000010011
001001010
110111110
001100111
110110111
000011101
111101100
001010111
111101100
000001110
111001101
001010010
111110110
001010101
111111000
001101111
000100010
010000001
001001101
001100100
000001010
001010001
000000010
001011111
000001001
001111101
000011011
000110100
111011000
000101011
111101101
001001100
110101101
000101100
110111110
001000101
110110111
001011000
111001000
000011000
000000111
001001001
111111100
001011110
000011111
001011101
111100011
001110110
000101011
000111110
111111011
001110100
000010100
001000010
111110110
001000101
111111111
001010111
110110010
001000100
111111011
000101100
111010110
000000001
110101000
000010011
111000001
001011100
000000110
000111100
111010000
000101111
110111101
001001001
111010010
000001011
110101101
000111100
111011000
000100010
111100010
000111011
000000010
001011100
111000111
001001011
111001011
001001000
111001111
000110011
111001111
000110111
111111011
000000001
111001100
000010000
000000010
000110011
110110001
000011101
110101111
000011110
110011001
000011001
111000011
111100101
111100110
111110011
110101111
001000101
111011101
000100011
111011100
000111010
111100001
000000101
111010110
001010010
110110010
000000010
111010101
000100100
111001000
000110010
111011100
000010011
111000000
000101010
111000101
000010110
111011010
000001001
111001110
000010111
110111110
111111111
110100001
000011110
111001001
000110111
111010111
001001100
111100110
000111100
111001010
000111000
111000000
000000111
111010000
000110100
111110111
000000001
110100011
000111000
111000010
000010111
110011000
111110011
111011111
000011101
110101110
111101001
111001101
000001110
110100001
000100011
110100000
000110010
111011010
000010010
111001010
000111001
111110011
001001101
111100100
001000011
111010101
000000010
110110110
000000001
111001001
001010010
111111100
000110010
111000000
000101101
111111001
000110101
110111100
111111100
111011000
000001010
111100111
000101010
110101110
001001101
111100001
000111011
111000100
000111001
110101111
000010110
111100111
000000101
111110111
000110101
110111000
000110100
111001001
000111001
111001011
000010011
111001101
000110111
110111000
000010101
111101110
001000110
110101101
001010000
110110010
000010100
111110011
000000001
110110110
001010111
110101101
000001111
111001000
000110100
110111000
