000001111
111010111
000011110
111100100
000101111
111011101
000111011
111100011
000001010
111110101
000001100
111111100
000111001
111000010
000000111
111110101
000011000
111011101
000100101
111001100
000010110
110101000
001000100
110111011
000001110
111000111
001001001
111110110
000000101
111111011
000000110
111101100
000101110
111011011
000110000
111111101
001001000
111101111
000100001
110110000
000011100
111010011
001010100
110101001
000001111
111111110
000000111
111011000
000100111
111010110
000000101
111000100
000101010
110111000
000100111
111001000
000100111
111101010
001000001
111010100
000011011
110111000
001000001
110111001
000010110
111101010
001010000
000000001
000101001
111110001
001011111
111001101
001001100
110111010
001001000
110111000
001011100
111000100
000101000
111100101
000011000
111011001
001011001
110111111
000010110
111011010
000011111
111000011
000111100
111111000
000001111
110101010
001010000
110110010
001001000
111110011
000001000
111001011
000011111
111100100
001010010
111111101
000100100
111100100
001101101
000011011
000111010
111000000
001001111
110110000
000001110
111111010
000011101
111110011
001000111
111001101
000110100
111110010
000010100
111100111
000010010
111010010
000000010
111011100
000001001
110100001
111111100
110101011
000010111
111010000
111111110
111100111
001000000
111111010
000011000
111110111
000100100
111001001
000000011
111100111
000100111
111101110
000011111
110111100
000011111
111110010
000011010
110101011
000010110
110111111
111101001
110011101
111011001
110111011
000010001
111001001
000011111
111010010
001100011
000100001
001100011
110111010
000110010
111100010
000010001
111000000
000101001
110111001
000001010
111001110
000000111
111010001
001000101
111011100
000100001
000000110
001000101
111000100
111101101
110001110
111010111
110110001
111100101
111001011
000101110
111000100
000110010
110110110
000011101
111001111
001001010
110110110
111110010
110110101
001000010
111001000
000000101
111011101
000100101
111111000
001011101
111011110
001010001
111100010
001101010
000010000
000110100
110111011
000101011
110100011
111110100
110001111
111101100
111010011
000010011
111001000
111110100
110011011
000010000
111011100
111001000
110011010
000100110
111100100
000001010
111010111
001010110
111111111
001011110
111111010
000110110
111011000
001010010
000000111
000110000
111010111
000010001
111011101
111101101
110110011
000001100
111101111
000101010
111011010
000100110
110010100
000011100
110110101
111010110
110011110
000010001
111100101
000000110
110101100
000111011
000000110
001000100
111110000
000110111
111101011
000111001
111000000
000011100
111001000
001001100
111010000
000010100
110111001
001010110
111110100
000101010
111110001
000010100
111000110
111110010
110100011
000000011
110110100
001000100
111111010
000111101
111100111
000100110
111001111
000101111
111000010
001011000
111000101
000010111
111011101
000001100
111011101
001010000
000001000
000100011
110101001
001000000
111011001
001000010
111010011
000100000
000000011
001011011
110110011
111111000
110111100
000010100
111111101
000110001
111101011
000001110
111110101
000111010
111100001
001011111
110110110
000001111
110111000
001000010
111001001
000100100
110111110
111100011
110101010
000110111
111101110
001001110
111101000
001000101
000010000
001010101
111111101
000101010
111001101
000010010
110111011
000111000
111001101
001001100
111110110
001001011
110111001
000101110
111101011
000100011
111110001
000010111
111100001
001000100
110001010
110011100
110101101
001000111
000000001
000100100
111001000
000010101
111101111
010001111
111111000
001110000
111100011
000100001
111011010
000110001
111000101
000010100
111110001
000010011
110111001
000111111
000010111
001011111
111001011
001000101
000010110
000001011
101100011
111001000
111011000
001100101
110111010
000101010
110101010
000011001
111100010
010001011
001000101
000110100
111001001
000010100
110101101
001001100
111000110
000100001
111011101
000100000
111111001
001100110
000001110
001001111
111001001
001010001
111111111
111110101
101100111
110110110
110110111
000011010
111001101
000010101
111111000
000111011
000100010
010000111
001000011
001101001
111101010
000111110
111001000
001010000
111111110
000110010
111000001
001000000
111010001
000101111
111100100
000111110
111010101
000111111
110100001
111010001
101101011
111001110
111101001
000111000
000000110
000111011
111111011
001011000
000101111
001101001
000001101
000110101
110111110
000010010
110101110
001010001
111111100
000110000
110110110
000000010
000001110
001001011
000000010
010000110
111101000
000111111
110110001
110100110
101111101
000000011
111001110
000101001
111111110
001001100
000110000
001100101
000100001
001001011
111010111
000100000
111011110
001000000
111000110
001001011
111111010
000110010
110110001
111111110
000000001
000110100
000100000
001100010
001010001
001111010
111001100
111101100
110100101
000111111
000000110
000111010
111100011
001110001
111100011
001011000
000001111
001011111
111000101
111111011
110011111
000101101
111001101
000001001
111011111
000010010
110011100
000010001
110110000
000010001
110111110
001101011
000110001
001101011
111111111
000000001
111001010
000101111
110110000
000101011
111101100
000010000
111110111
000001111
110110101
000100111
111000111
111010100
111001001
001000011
111101010
000011011
111100001
001000101
111001101
000101000
110010010
111101111
110111011
000001111
111100000
000110000
111010001
000001001
111011000
000110110
111001111
000010101
111010011
000100111
111100100
000010101
111001010
000000100
110101010
000010000
111101011
000111011
111011000
000110010
111010111
000111010
110100001
000101011
111000010
111110101
110101110
111101101
110010101
000100000
111100010
001001100
111110011
001010101
111010010
001010100
111111011
000010001
110100011
111110100
110010111
111100101
111000000
000010010
111000001
001001111
110111010
001001010
111001101
000010001
111001101
111101000
110100110
111110111
110010010
111101110
110101011
000011100
111101100
001000010
000100101
001110110
111111100
001010001
111110001
000110000
111000111
000011110
101111110
111100111
110010110
001000100
111011011
000011010
111110000
000000101
111110000
001010100
110101000
000101110
111100100
000000111
110101010
111100110
110110001
000100101
111101001
000010111
000101100
000101111
000110111
000100101
110110011
000101110
110011000
111110110
110101001
000101010
111001100
000100010
111111100
000100001
111100111
000100011
111000101
000100111
111010100
001000010
111010100
000010111
111010010
000110111
111011010
000101010
111010101
000100011
111011001
000100110
111111101
000111001
111100101
111111100
111010010
111011101
111011100
000011111
110111101
000101000
111011000
000000101
110101011
000101000
111011010
000010100
110110100
000001000
111000100
000100001
110111010
000010000
111010101
000111110
111011010
000101100
111001001
000011000
111001111
000110100
111100011
000011011
110101100
000001101
110110001
000110110
111000010
000110010
111011001
000010000
111110111
001001101
111101011
000000101
111100100
000111010
111100111
000010010
111000111
001011110
111010101
000101011
111111010
111110111
111100010
000110111
111011010
001000001
111100010
000100100
110101011
000001111
110011010
000011111
111111001
000100010
111100001
000110011
110101000
001000101
110111101
000001000
111000111
001011000
111110011
001011001
111010000
000100100
111100001
000001011
111011001
000101111
110100110
000100010
111000111
000000100
111100100
001001100
111111100
000011111
111011101
001000000
110100110
000001110
111101011
001011001
111001111
000110011
111001110
000101111
111100001
000011100
111001001
001011001
111100110
001000101
110101101
001010011
111101110
000000010
111100111
000110011
111010000
000011100
111111001
000010001
111100011
000100111
110101101
000011111
110101110
000010100
111111000
001010001
111011110
