000010100
110110101
001011001
111011111
000101000
111000101
000000100
111111100
001000100
111110000
000001000
111001001
000110000
111010011
000010010
110110011
000111000
111001000
001010110
110111110
000011011
111000100
000110101
111100101
000101010
111011000
001010100
111001110
000001101
111111111
000101001
111011111
001001011
111011000
001000010
111101000
000001100
110111011
000011110
110110011
001010110
111011011
000101011
111010100
001010100
111000100
000011111
111001111
000011101
111100101
000011010
111001001
001010111
110110001
001010010
111011001
000011101
110110011
001011001
111010110
001001101
111011000
001001100
111000101
001010101
111010011
001100000
000000111
000101100
111110100
001011101
111110100
001001100
111100111
001001011
111001100
000001010
111111010
000011001
111100110
000101001
111010011
001010101
111011100
000100011
110110010
001001011
110111111
001000001
110110110
000010011
111010000
000100010
000010101
000101010
111111110
000111100
111111000
000101100
111010101
001010000
000001010
000101100
000000011
000111110
000011001
001101010
111101001
000010110
111110000
001000010
111001011
000111011
111000010
001011001
111111011
000110001
110110100
001000011
111100110
001000001
110111010
001010010
110010101
000111110
111100000
000001101
111011010
000101101
111011010
000110001
111001110
001001000
111011111
000101000
111000101
000111110
111101000
000001011
110101000
000011110
110110001
000110011
110100101
000101111
111000101
111111000
111100111
000100000
110110101
000000001
111000011
000100010
111010110
000010010
111000000
000000001
111001101
000010000
111001110
001000010
111001001
001000111
110101001
000100101
111110011
000101010
111010010
000010001
111001000
000101100
111001101
000100100
111101000
000011000
111101100
000100101
110111101
111101101
111011001
111111001
110100001
000000110
111011110
000010111
111010000
000110101
111010111
000010011
111001110
111100100
110010100
111101000
110010010
000011011
110101001
001010111
110110001
000101010
111101011
000011110
110001111
000101010
111110100
000000001
111101001
111110111
110101110
000010000
110111001
000011101
111010000
000101100
110011101
000011100
110011010
000101011
110110010
111101001
110111010
000000110
110101110
000111100
110101001
000101011
111110100
001001111
111010000
111110110
111001110
000110000
111001011
000100010
111110010
000100011
111011000
000101100
111100000
111110110
111011010
111011110
110101101
000010100
111100110
000001111
110010111
000100100
110010011
111001111
110111110
000100000
110110001
001000110
111101100
001001000
111100110
000011100
110111110
001000100
111100011
000010000
111101000
001000111
111100011
001101010
111111011
001010101
111101110
111110000
110001111
000000110
111001000
000001111
110001101
111011011
110101000
111100101
110111011
000011100
110110001
000100101
110101001
000111110
111101010
000001101
111010100
000110011
111011001
000101000
111110111
001011011
111110000
000111000
111000001
001001001
111101110
111111010
110010111
111110100
110101100
000001001
110111101
000110111
111011000
111111101
110001001
000000110
111101010
000001001
111000100
000000111
111001111
000111011
111000110
001010100
111010000
000110111
111111111
000100110
111010000
000010010
111000111
001010000
111010001
000011011
110110011
001001010
111010000
000111011
000101010
001000110
111000101
001000101
111110000
001010001
111100000
001011010
111110001
000110101
111110110
001001111
111001101
001000110
111100101
000101011
111100110
111110011
110001010
000000101
110101011
000110111
111101011
000101001
111110111
001000111
111110100
000110111
000101100
001010100
000000011
001001110
111011001
000100000
111010011
000101101
111100001
001001101
111010101
000110010
111011000
000110001
111011001
111111001
111011010
000001011
110001000
111111110
111110001
001000110
000110111
001100101
110111101
001000111
000000010
000111001
000011010
001100010
000001101
001100100
111000111
001001000
111001000
000001101
111110001
000001011
111001001
000101101
110100001
000010001
111101011
000000001
110010010
111011101
110100110
000100101
111111010
001001001
000010100
000111111
111010000
000011001
111000110
000101110
111110011
000110110
111010010
001001111
110110111
000001001
110111110
000110001
110110000
000011111
111000100
000000011
111010010
000101101
111001110
000010011
110100011
000001000
110100111
000101000
111101011
010001010
000111001
000111100
111001111
000101000
110101001
000000001
111100011
001001001
110110111
000110100
111110011
000111110
111011111
000000110
110111001
000000110
111001000
000110111
111010011
000100110
111001111
001011001
111001111
000110011
000110000
001010100
000010110
010001010
000100010
001001110
110100001
111111001
111011110
000001010
111000110
000101000
110101101
000011111
111010111
001001100
110101011
001000000
111001100
000011001
110110101
000010001
110111111
000001001
111111111
001101000
000011011
010100100
001010111
010001111
010000001
010000101
111111000
000011100
110000110
111111101
110010111
000000010
110111100
000110111
110101000
000100100
111001011
001001000
110111001
000001101
111000001
000111111
110101001
111111111
111001000
111101111
110110000
000111111
001101000
010101010
010000010
010100101
001000111
001001001
111110000
111110011
110110010
000000001
110111001
000110111
111001110
000001100
111101011
000110000
111011111
000001010
110101110
000000100
110101100
000111100
111011111
000010111
110100001
110111010
110001011
000010101
111100010
001100011
111110011
001101011
000001010
000011011
110111101
000010100
111000111
000011001
111011010
001000001
110100110
001000011
111001110
000010011
111101000
001010010
111000111
001000011
111111110
000101110
110101101
000110111
111000111
000110100
110111101
000010100
111011011
000011110
111101001
000111100
111101011
000001100
111011000
000001101
111001001
000101110
111110101
000001001
111111100
000110010
111000100
000001101
111100100
000110000
111110010
000111110
111011001
001000100
111010100
000011000
111001010
000000101
111011010
000100011
111101011
000001110
111101001
000010100
111010101
000101001
110101011
000110101
111000101
000100101
111000000
000101010
111000101
000011101
111101011
000001111
111001111
000010111
111111001
001010100
110111010
000010011
111000100
000001001
111110110
111111111
111001100
000100111
111101001
000011001
111101110
000000110
111001001
000000100
110111001
000100100
110110101
001001010
111111001
001011010
111011101
000100100
111111101
001001001
111100001
000110001
110110110
001010101
110111000
001010000
110101100
000101000
111100111
000100100
110110110
000011101
111001111
000011110
110110010
000100111
110101110
000001101
111000100
000110010
110111101
000010010
111110010
001100100
111100010
001000101
111010001
000101001
110110101
001000001
111101110
000010011
111100111
000000010
111101110
000000001
110100111
111111111
111000001
000000011
111000100
000010110
111100011
000001111
110101010
000101100
110011100
000101010
111100110
000100010
111110010
000100010
111110100
000111110
000000010
001010101
111101110
000110111
111011101
000000100
111100010
000110101
111101001
000110111
111001001
000101000
111000100
000101111
111001110
000001110
110111000
001001011
110100010
000110000
111101000
001000010
111011000
000010000
111101110
001011001
111101100
000110111
111111101
000111011
111110001
000000110
111001001
000100001
111000011
000000001
111011010
000000010
111001011
000111110
111001010
000010110
111111010
000011111
111000000
000110101
111001011
000100111
111010001
000101001
111110100
000111110
111101110
001000100
111000101
000110100
111001110
000000100
111110101
000110111
111000001
000011011
111000011
000011101
111000100
000100000
111100011
000001000
111011111
001010011
110111011
001011001
111110011
001001101
111100100
001010001
111011100
001011000
111101100
001010110
111011001
000100010
111001011
000111101
111111000
000011011
111101100
000111011
111100001
