000101101
111111010
001000010
110110001
000010001
110101000
001010001
111010100
000010000
110110111
001000101
111010100
001010001
110110010
001010000
111111101
001000100
111110110
000111101
111100000
000101000
111111000
001000100
111000011
001000111
111101010
000101000
111001110
001010100
111011001
000110001
111011001
000101101
111100111
000011100
111000011
000011000
111101101
000010000
111011011
000000011
110101100
001010010
110101010
001001000
110110110
001010111
111001101
001010100
111000101
001010010
111011110
001000010
111000011
000000110
111010001
001010011
111010010
000001000
110110011
001010101
111001000
000011011
111011001
001010011
111001100
000010010
111110101
001001110
111101000
000111010
110110100
000011010
111010101
001001010
111111101
000100011
110111100
000111001
111100110
000100110
111001110
000111100
111110001
000010101
110111110
000111110
111110001
000010111
110111001
000000010
111101111
000101100
111101001
001000001
111101000
001010011
110111001
000101101
110111110
000010011
000000011
001000011
111101100
001000010
111100010
000101011
110101010
000010010
111111001
000011010
111001001
000111001
110101010
001000110
110110010
000111110
111010011
111111111
110100111
000010011
111110101
000000011
110110010
000000101
110010111
000101100
110111111
000100101
111011001
000001011
111000101
000110111
111001001
000010000
111110100
000001101
111010010
000010010
111100101
000110110
111010100
001010010
111101010
000100011
110110110
111111001
111010111
111111001
111011010
111101111
111000100
111111100
111011011
111110110
111000001
111111100
111111111
001011100
111010110
001000001
110111001
000110111
000001101
001000011
111011001
000011101
110111011
001011001
111010001
000000110
111000111
111110100
110001100
000100011
110110000
000011010
110010110
000100010
110111100
000100001
111110000
001000110
111111101
001010000
111100100
001001010
111111111
000011001
110111000
001010111
111001000
001010000
111111110
000000101
111011111
000110011
111011110
000001011
111000110
000110001
110111110
111010100
110000111
111110101
110011001
000011110
110111110
001011011
111010001
001101001
111100000
001011111
110111010
000011010
111001000
000001011
111100100
000110111
111011100
001101001
111101110
000111010
111001111
000100101
111000010
001010000
110010101
111010111
110111100
111110010
101111111
000000011
110110001
000110001
110110001
000001111
111011111
000100101
111110111
000111101
110100110
000100011
110110100
001001001
110111100
000100000
000001000
000100001
000001011
001001100
110110100
000100011
111010101
000100000
110100001
111011100
110100011
000011100
111011110
000011101
111010101
111110011
110111100
111100110
111011000
000100100
110110010
000001110
111001000
111110111
111010010
111111110
110011100
000001111
000000011
001011011
111000111
000010001
110110001
001000111
111111011
000111010
111010100
111111100
111000110
001001011
111001001
000110101
111010110
001010110
111010100
000000101
110101000
111000001
110100011
111010010
110100011
000001110
111000011
000010100
111100001
000111000
110111011
000010101
111111011
001000011
111110101
001000111
110101000
111110111
110110001
000101010
110110010
001010101
111111000
010000100
111110000
000111110
000000111
000000011
110000000
110001101
110000011
111101100
111000111
000010111
111101100
001001100
111001101
000101011
111100101
001010111
111100110
000001000
111110000
000011111
110110001
000010001
111011111
000101111
111101011
001011110
111100010
000110101
000011011
001010001
111111110
000101010
111011010
000001100
111000011
000110100
111111101
000101110
000000001
001100111
000000101
001011101
111101101
001010110
111101100
001011000
110111100
000101101
111111000
001001011
110100100
001010010
000001010
001110101
111101101
001100110
000010111
010000110
001100010
010001011
000100111
001101001
000001100
000111010
111101110
001000010
111110101
000011111
111011001
001001100
111100000
001010100
111110101
000101001
111001000
000011101
111011000
000011110
110101100
000110000
000000110
001101100
000001001
001100010
000010011
010001001
010000011
010001100
000001010
001011110
111110000
000111100
111101110
111100110
110100001
000111101
111011110
001010001
111001011
001011001
111101011
000111111
111000011
000011100
111101111
000011001
111000001
001000010
111111101
001101010
000111011
010010001
001000100
010000110
000111010
010001000
111001101
000101100
111111000
000110000
111101000
000010101
110111110
111101000
110001101
000001001
111111111
000001011
111111001
111111111
110100111
000010110
110111110
000111010
111001011
001100001
111101111
001101101
000101111
010001000
000100111
010001101
000100001
001011110
111001011
000001010
111100010
000001100
111001000
000100111
110010011
000011011
110011100
001001011
111101111
000011011
111100110
000011101
111010110
000010101
111011110
000100111
111010010
000100000
000101100
001100000
001001111
001011010
000111001
010000101
000010000
001001111
111001011
000000011
111010101
000111100
111100001
000010001
110101110
111101001
111011000
000001110
110100101
000110010
111011100
000001110
110100111
000101100
111001110
000100111
110110111
001101011
111100110
001011111
000111010
001000110
000110001
001010110
000011001
000010111
110101101
000101100
111101110
001000111
111101101
000010000
111101000
000100110
111001100
001010100
111000000
000101010
111011100
001000100
111110111
000111001
110100111
000000110
111100111
000111001
111111101
010000100
000000010
001001010
000100010
001001010
111001010
111111011
110110110
000100110
111000110
000001000
111100001
000101111
000011101
001001000
111110100
000110011
111011101
000110101
111011011
000010111
111111101
001000010
111111100
000001011
111001110
111111111
000001101
001011110
111111111
001100100
111101110
111111011
111000101
111111010
111000011
000101111
111100010
000001011
111100000
000111101
000001010
000011011
111100011
000101100
110101111
000111001
110111110
000100110
111101111
000001100
111000001
000010100
110100111
000111000
111101001
000101100
111011001
001001010
111011000
000100111
111001101
111111011
111011000
000110101
111011000
000110000
111011001
000010100
111001010
001101001
111101100
000100100
111111001
001010000
111001100
000000100
111010001
000011110
111010100
000111111
111010000
000000101
110011010
000001010
110010001
000010110
111100000
001001011
111000100
000101001
111101001
111111101
111000011
111111101
110101111
001001010
111110000
000101000
110111110
000100100
111101011
000100110
111011000
000100101
111100101
000000101
111010110
001001001
111011001
001000110
110110110
000010101
110101110
000001100
111110010
000010100
110111011
000101110
110010111
000010000
110111001
000010011
110010111
000100010
111110101
001011001
111110011
000111010
000000100
000101001
111001101
000101000
110110011
000000100
110110011
000001111
111110100
000010101
110010110
000001011
111000010
000011010
111010111
000100100
111100010
111111110
110100010
000001100
111000010
000000111
111010101
000110100
000001111
001000000
000010110
000110001
000000010
000110010
111000001
000011001
110100110
000011011
111000000
001001101
111100000
000110010
111111011
000100100
110101011
111111000
110100110
111110110
110101000
111111010
110110001
000010001
110110101
000010100
111100101
000001110
111101001
001011100
111011011
001000001
111111010
001000011
110110000
000011010
111100101
000110111
111001101
000011011
110101110
000011100
111110101
000100001
111000010
000100110
111011000
001000110
111101000
001001000
110101011
000101010
110011011
000011111
111010110
000110110
110111001
000110100
000000001
000000011
111011101
000111111
111000110
000110000
111010111
000110001
110110101
001000100
111110010
000100100
111111011
000000111
111000101
000010101
111100000
000110000
111010111
111111111
111011111
000110010
110110111
000001011
111010101
000110110
110111100
000110100
111001011
000011100
111101010
000110111
111011110
000111001
111100011
