000111001
111111100
000111011
111011011
000001001
110110101
000101001
110101011
000101001
110110101
000110011
110111100
000001010
111010011
000000111
111111111
000010011
111111101
000011000
111100011
001000010
111111101
001010011
110101111
000000100
111010010
001000011
111101000
000011101
111010000
000100111
110101001
000110100
111111000
000100001
111000000
001001110
110110000
000110100
111011010
000111000
111101011
000001101
110110111
000111100
111101010
001001001
110110000
000011000
111111000
000010010
111111111
000001011
111110011
001010001
111110010
000111011
111000110
000100110
110101000
000010000
110110011
001010100
110110101
001001001
111010110
000010111
110011111
111111010
111100100
000000011
110011101
000000001
111001101
000110011
110100100
000110011
111001110
001000110
110101101
000110100
111111100
001010010
111000001
000010001
110110110
001001101
110110100
000101010
111100110
001000110
110111000
111111000
110100101
000001101
111010101
111100010
110000010
000011011
110101010
000100010
111001101
111111010
111011001
000100111
110101101
000000111
111100100
000011101
110101101
000010101
110110000
001010111
111110010
000110101
111110001
001011000
111010110
111111010
111000111
000101110
110100011
111110101
110011100
000101100
111000100
001000010
110110100
000101001
110110000
000001000
111110000
000011101
111110000
000101000
110110000
000000100
111010000
000010100
111100001
000101001
111010111
000010110
111011001
000111000
110110110
000110001
110111100
000000111
110111110
111100110
111100001
000001011
111011011
000111010
111101100
001000110
110111101
001001001
110100101
001000011
110101011
000011001
111101110
000000111
111000001
000000100
111110101
000010011
111101000
000101010
111000100
001000011
111000101
000000011
111010101
000100011
110111000
000110000
110011011
000001000
110001101
000110100
111001011
000101000
111001000
001001101
111010001
001010001
111001100
000111011
111000011
000101101
110100001
001000101
111000000
000111101
110110100
001001001
110110000
000001100
111101010
000101110
110110010
000001101
111001100
111111110
111000000
000001010
111100011
000001001
110110111
000001110
111101100
000101001
111110110
000010011
111100011
001001110
110100010
111100111
110110011
000100100
110111010
000111000
111100101
000101000
111100011
000001110
111101011
000011011
111111010
001001010
111001111
000000110
111000100
000011110
111100011
111110001
110011010
000100101
111101111
001010110
111100011
001000001
000000011
001000001
110011010
000000001
110100101
000111010
111000001
000010001
111101000
000100110
110110100
000110100
110111101
000011011
111100000
000011101
111110010
001001110
111000100
000000001
110111000
110011000
110100010
001010010
000110010
001011011
111011010
000001000
000011001
000100111
110100001
111011000
110000111
000110101
110111111
000100100
111010001
000100001
111001001
001000101
111000101
000111010
111110011
001000010
111011010
111110011
110100010
000010010
101010001
110110101
111000011
001110110
001010011
001100111
000100100
001011110
111100101
000110010
111001110
000110010
111001101
000011011
111110110
000001010
111110001
001000011
111001111
000111100
111110111
000010000
111011011
001001001
111001010
000101111
110101111
111011010
101110011
000110011
000101000
010100011
000110101
010000100
000011101
010000100
000110100
000111101
110101100
000001110
111101000
000110000
111110001
000100110
110101000
000010011
111001001
000000100
111111000
111111011
110110000
111111011
111101111
111110110
111001000
000000001
111010110
010000001
000111000
010100000
000101010
010000000
000100011
010010001
000101000
000111000
111001011
000111000
111010111
000100100
111111111
000111000
110101001
000001101
111110111
001001101
111010011
000100100
111100110
000010010
110110011
000000001
110010010
000100110
000000011
001101100
000011100
001101110
000100110
001011001
000111010
001010010
111001100
000100000
111000011
111110110
111110111
000110101
111111010
000101100
110100111
000000110
111110110
001011110
111110100
000001101
110100100
000001111
110010101
000010011
111100001
000111000
111110110
001101010
000010100
010001001
000011011
001111000
000011011
000110000
110100000
111100011
110100010
000011101
110100101
000111001
111110110
001010010
111101010
000001111
111100000
000100111
000000010
000111111
111110000
000100111
110100100
111001110
111111100
001100000
001000010
001100010
000011011
010000001
000011011
000010011
111001001
000011011
110011100
111100011
110001110
000010110
111010101
000010101
111001110
000010010
110110001
000111100
111111011
000011010
111011010
001001010
000000001
000111001
000000011
000101000
111101000
010000111
000011110
010001000
001100010
001110100
000000111
001000010
111001000
111011110
111100001
000010000
110100010
000100101
111000110
000101101
111001110
001001001
110111101
000001011
000000011
001000110
111010111
000010100
111101000
001111100
000000101
000101010
111110010
010010100
000111111
001101000
000011100
000111111
111011011
111111000
110000010
111010011
110011110
000001101
111010011
000100101
111111001
000000100
111011010
000101111
111001110
001011000
111101001
000011111
111111111
000010111
111000001
001110111
000001110
001101100
000011101
001111101
000010100
000110000
110101111
000001001
110001111
111010110
110000100
000000001
101111010
000100000
110100101
000101000
111100110
000011010
111110111
000011010
111100000
000101111
110111110
001001111
111001001
111110110
111100000
000011101
111010100
000001001
110111010
111100011
110000110
110111100
110101010
111101011
110011100
111011001
110101101
110111100
110110000
000101011
110110010
000011100
111010101
001001011
110111000
001000110
111110011
001010001
111111101
000101110
111010000
000111101
111000000
000010001
110110101
111110000
110000110
111100000
101110101
110110011
110100100
111111001
111001010
000010110
111000011
000001100
110100101
000000011
110110111
000010011
110110000
000111101
111010100
000100101
111010001
000011011
111110000
000110100
111110100
000011101
111011111
000001100
111010100
000101010
111000110
111110111
111100111
111111110
110111101
000110001
111000110
000010100
111010100
000100010
111111101
000110001
111100110
001001000
111000110
000001001
111111111
000110011
110111001
000101101
110100111
000010101
110111001
000100101
110100111
000111011
110111111
000011001
111100010
000101011
111010001
000100100
111010001
000110011
111011101
000111000
111000100
000110011
111000001
000010110
111101101
001000100
111000101
000101110
111001101
000011101
111001001
000110011
110101111
000011101
111110110
001010011
111000101
000110010
111001000
000100001
110110110
000110001
111010011
000111100
111110101
000100110
110111011
001000111
111100000
000000100
111110100
000011001
111000111
001011001
111100100
001010111
111000001
001011001
111010100
000011000
111100100
000001000
110110110
000010100
111010110
001000011
111010100
111111101
110111110
000000001
110011011
000001010
110100010
000100011
111010110
000100011
111100000
001001011
111100111
001001011
110111011
000110100
110101100
000110100
111010010
000010111
111001111
000010011
111101001
000000010
111010100
000110010
111101110
000010110
110110010
000110111
111100000
000110101
110011110
001000000
110011001
000111110
111000000
000101001
111001100
000111101
111110110
001010100
111011100
000101100
111000010
000011001
111111100
000111000
110110100
000110010
110110000
000100100
110111011
000001011
111011000
000010010
110111011
000100101
110111000
000010000
111010100
000101010
111000111
111110010
110110001
000010101
110110010
000011010
110110011
000100110
110101100
001011001
111100010
000100010
111010101
000000010
111000110
000101111
111000101
000101101
111111001
000110001
110101111
001001011
111000010
000011101
111110101
000100001
110101101
000110111
110101110
000001000
111011001
000010011
111110001
000001101
111001101
000000001
111011001
000100110
111011010
000100010
111011010
