000011000
111000000
000101000
111011001
000010100
111100011
000001111
111101001
000000010
111011111
000011000
111001100
000101011
111111100
000000011
111100001
001010101
110111110
000011011
111000000
000101101
110101101
000000001
110110110
001000010
111010110
000110001
111001010
000000011
111000001
000001001
111100101
000100101
111001111
001000001
111000110
001001011
110101100
001001110
110101011
000010111
111101111
000101011
110111100
000010010
111010000
000001000
111110001
000010011
111011000
001001101
110111101
000011110
110110010
000110100
111111001
000011110
111110101
000111101
111011111
001001010
110111010
000111011
111100101
000010100
111010001
000111110
111100010
000010100
110110111
000000001
111000001
001001000
111000011
000010110
111100111
111111111
111001001
000010010
111011110
001001110
111110011
000001010
111101101
000000001
111000010
000011010
111100001
001001001
110101010
001000000
111000100
000111001
111010101
001000101
000000011
001011111
111100000
000101100
111111011
000110010
111010110
000110110
111000101
111101011
111100100
000100100
111101100
000101110
110101111
000101011
111011100
000000100
111001011
000110111
111111011
000011011
110110110
000110000
000001011
001100101
000011001
001110110
000001001
001110100
000001111
001101100
111111110
000110000
000000011
000101100
110110100
000010100
111001111
000000111
111000101
000001011
110100110
000110011
111000001
001010000
111111011
000001010
110101110
001000001
111010101
001111110
111011001
001011100
000000111
000110111
000001010
001001101
111101010
000101101
000101000
000111111
110111011
000110100
111000111
001000010
110101010
000011111
110110100
000111110
111110101
001001000
111111001
000000110
111011100
001000110
110101111
001000000
111011110
010000111
000100101
001010010
111001000
000100100
000000111
001000110
000111010
001101110
111010110
001011000
110101111
001001111
111101100
000111111
111100101
111011110
110000101
000101111
110110010
000001000
110110101
001001000
110101101
001010101
111000011
001001110
111111111
010000001
111001110
000110010
111001111
001011000
000001011
001111110
111111011
001011000
110101110
000110001
111010000
000110100
111000111
000010100
111001011
111110001
101101111
000000110
111011111
000111111
110111110
001001110
110110111
000111000
111010110
001111001
000001111
001011100
111111110
000001000
111100110
000111110
111010001
000101101
111101110
010000011
111110001
000111000
111100111
001001000
111110000
000111110
111011000
000000101
101101110
000001100
110101100
001000000
110111001
001000000
111010101
000110001
111011100
001000010
000011010
000011001
111011101
000000100
110010010
111001100
110001100
111001001
000000101
010000110
001101011
001111110
111110100
001100101
000001000
001100000
111000111
111100011
110000000
111001000
110111000
000100000
111111111
000001100
111110010
001001010
111000011
001010000
111100111
111111100
101101101
110110000
101100110
110011011
101100010
110100010
111000111
010000111
001001001
001011000
000011110
001110101
111111011
001011011
110111000
000000011
110010100
000000110
111001101
000100001
111100000
000000001
110111010
000100100
000000010
001100111
111011010
111111011
101011110
110010010
101110010
111010011
101111101
110100101
110010010
001011110
000101110
001101101
111110110
000111001
111110011
001011101
110011111
000100011
110010001
000100010
111101000
000110101
110101111
000111101
000000001
000011010
111001011
001010000
110100100
111010100
101100001
111010101
110001111
111111011
110111001
111001000
101111100
000001110
000011001
001001110
111010000
001010010
111110111
000010000
110000010
111001000
110010100
000100010
110101110
000100000
111101100
000010010
110101010
000001110
110110110
001010111
110110100
111010111
101110011
000100000
111011000
000011010
110010100
111100100
111000001
001110001
111111000
001010100
000110011
001010111
111101101
000101011
110100111
111011001
110010001
111111111
111100000
000001000
111111011
000011100
111011100
000011011
111010111
000100011
110111101
111101000
111000110
000111111
111000111
111111000
110000101
111110011
111010100
000111110
111011100
000111010
111110101
000100000
110111011
000011100
110111011
111101111
110101010
000000101
111100100
000001100
110111100
000111110
111110101
001001010
000000101
000110100
111110100
000011101
110110110
000111000
111000001
111101011
110010010
000010000
111101000
000011001
000000010
001101101
111101000
001000110
111100111
000100000
111010001
000010101
110101111
000111010
000000010
000101010
111110110
000101010
111011001
001001111
111111000
000111100
111010100
000011110
000001010
001000101
111000000
000011110
110100101
000100001
111111011
001010000
111101110
001000001
111010010
001000001
111100101
001000000
111101100
000111000
110111101
001001001
111110101
001001110
111011101
000110001
111111100
000110010
000001101
000111110
111110010
000100100
000010100
000000100
111010000
111011110
110011110
000010100
000011101
001010001
111110000
000001000
111011111
000000011
111000111
001001100
110111010
001101001
111110010
001011000
111111100
000100110
111100001
001000011
110100111
001000111
111111111
000011011
111110111
000101010
111011011
000101101
110111000
000011000
110101111
000111000
111100111
001111001
111000000
000011110
111001100
000100100
000010000
000010001
111001111
001011010
111001010
001010001
111000111
000101100
111100010
000010010
110111101
001000100
111001111
001100101
111011000
000011000
111001011
000100010
110111110
000001101
110110010
111001011
110111001
000101111
110110110
000100110
111101011
000110010
111111010
000101001
111110110
000110101
111101110
001010011
111101001
000101101
111011101
000011001
110110000
001000110
111111100
001110001
111110011
000100111
111100100
000101100
111000110
000000100
110110010
111001101
110101111
000000010
111110101
000101001
111011010
001010111
111001010
001011100
111001101
000100111
000000001
001010100
110111010
001000011
111010100
000011100
111110000
001010010
111100100
000110100
111110110
000100101
111100010
000000001
111010011
000000100
110101101
111011110
110110111
000010100
111010111
001001100
111000110
001001000
000011010
000111110
111011000
000001101
111100000
000011010
111100101
001001011
110110001
000011000
111001101
000100010
111011001
001011110
000010010
000111111
111101110
001011000
111100100
000101100
110101111
000000101
101111011
000001001
110010010
000110110
111010001
000101100
111100100
000111111
111001010
001000101
111101111
000011010
111001100
001001101
111011101
001011000
111000011
000011001
111101111
000101011
111101000
001111011
111011101
001011101
110101100
000100111
110010000
111010110
110010100
111110100
110000000
000100101
110111011
001001011
111000011
000100011
000010001
000100010
110101110
001000100
110110100
000010100
110100111
000101011
111111010
000100011
111010111
001001111
111100000
001101010
111011101
000111010
111011000
001000010
111010001
000001000
110110000
111110111
110101000
111110110
110110100
000100101
110100100
000101110
111100101
001000011
110111101
000101000
110101100
000111110
111110000
001001010
110101111
000001111
111100100
001011001
111010101
001010000
111010000
000100101
111100000
001000000
111010110
001011100
111000100
001000011
111010010
000100111
111000010
000011100
111011100
000110001
110111011
000101110
110101111
000010111
111101111
000111010
111000010
000001110
111100010
001001110
110101001
000010110
111111110
000011101
111110011
000111100
111111111
001011000
111000010
000111001
111010011
000101100
111100000
000101011
000001001
000001100
111000010
001001001
111110000
000011110
111101001
000000011
110110111
000001110
111100110
000000001
110111000
001011000
111110001
000001101
110110100
000001101
111011110
001010000
111011011
000110110
111010110
000101101
111010101
000011110
110101010
000010001
111001100
000110001
111011000
000111101
111010010
000010111
111010110
001000010
111001111
001000001
110111011
