000010011
111001100
000011011
110111001
000000001
111000110
000101001
111011101
000010111
110101100
000100010
111001010
000111001
110101011
000010101
111111101
001010011
110101011
000110100
111110110
000011101
110111011
001010001
110111000
000111110
111010100
000100000
110110100
000100101
111110100
001010010
111001000
000111111
111101100
000100101
111000000
001001110
110110010
000001001
111110101
001001000
111010101
000111110
111010100
000101000
110101010
000101010
111100000
001010010
111111100
000101001
111101011
001001010
111011111
000000100
111010010
001001101
111011100
000100001
111101000
000110000
111100111
001010000
111101011
000101101
111100110
001010110
111100000
000010001
111111101
000101100
110100110
000110010
111110000
000100111
110101101
000010100
110110010
000011100
111110111
001010011
110111011
000011110
110111101
000001101
111011110
000011000
111111111
001000110
111001000
000011000
111100111
001010110
111111011
000111111
111101100
000111100
111101000
001011000
111001110
001000000
111110100
001000010
000000001
000110010
111111110
000000011
111000100
001010001
111011110
001000101
110110110
000001110
111110111
000110100
111100101
000101100
110110101
000011100
111101100
000110011
111100000
001010001
111111011
001011010
111111111
000111111
111100001
000101111
111010000
001010101
111101010
000111000
111000010
000001010
111011000
000101000
111011111
000000001
111100001
001000100
110111010
000010000
110101110
001010000
110111110
000011001
111101011
001001110
111111010
001101010
000100111
000100111
111111011
000100110
110110001
000011111
111111000
000011010
110101100
000111011
110011000
111111001
110111010
000010110
111010111
001011001
110111101
001001111
111111111
000001001
111000110
001000111
111101111
001000001
111011111
000101100
111101110
000111011
111110100
001000010
111110010
001001010
111101101
001011001
000000010
000100101
111101011
000010110
111011010
000001010
111101000
000001011
111011110
001010000
111100010
001011000
110110001
000001000
110110011
001010001
111111001
001000010
111100000
001010010
000100100
001001100
111110100
001100001
111111110
000011011
000010001
000011010
110111100
000101010
111110100
001001100
110111101
000011010
111101100
001011111
111011000
000110110
110110100
000000011
111010100
000010001
111111111
000100101
111101110
001011100
111111101
001000011
111111000
001110000
111001110
000111011
111101101
000100011
111100101
001000111
110111100
000010110
111001000
000101010
111000100
001100001
000000110
001000100
000000100
000111100
111101100
000111100
111101000
000000111
111000001
001000110
111101101
001001001
000000010
001000101
111100001
001000000
000100011
001110001
111101100
000111110
110111101
000010000
111000110
000111111
111111110
001100010
000010010
000110000
000010011
001100100
110110011
000101001
111100111
000001010
111110111
000101101
110111010
000100010
111001111
000110010
000000010
001011101
000000010
000101011
000000101
001101100
111100010
000011110
110011001
000011000
111010010
000100010
111100010
001011000
111010000
001110110
111110010
001100110
111111011
000111010
110110111
000001001
111111010
000001001
111101111
000010000
111001101
001011111
111100000
000100011
111101110
001010111
000101110
001100110
111010000
000101011
110110010
000000101
110111011
000100100
111111001
000110111
111111001
000011101
111000101
000101010
000000110
000100010
111100110
000001010
111111111
000001100
111101110
000001001
111110001
000101011
111110101
001010111
111101100
001100101
000110000
001101111
111110011
111110011
110101001
000001001
111100010
000011011
111100011
001000001
111111011
000100000
111010101
001000011
111101100
000101010
111111110
000011000
110110111
000011110
111011111
001001101
111011100
000111001
110110100
000111111
000001011
000101111
000001010
000111110
110101110
111111111
110111011
000011000
111011010
001110010
111110100
000100001
110111100
000100110
111100011
000011000
111010111
000000011
110110100
001000110
111010111
001001111
111111101
000011010
111110010
000101001
111111100
001000001
000010000
001111100
000001010
000000100
111010110
000010001
111001111
000001000
000000110
001110111
000001001
001100000
111001010
001010001
110110101
000111010
111110101
000011101
110111010
000111001
111100011
000111000
111011011
001000111
111011001
000110100
000001001
001010000
111001100
000101000
111011111
000110010
110111011
000001000
111000000
000100010
000001011
001010011
000000110
001010001
111110010
000111000
111010110
001011100
111100010
000100111
111001001
000101011
110111101
000100100
111110110
000001001
000001000
001000101
111001111
001001111
110110101
001000100
111001010
000110100
111000101
000011011
111011110
000101101
000100110
001101100
111110011
001000100
111110011
000111110
111101001
000110011
111110101
001001011
111010001
000101100
111101000
000001101
110101010
000000111
111100001
000101111
000011110
001001011
111010000
000110001
111101000
000100001
110001111
000011000
000000100
010000001
111100101
001000001
000010111
000011000
000000100
000101110
111001001
000100101
000000101
000000011
110110101
000001110
110110010
000100001
111001000
000010101
111101110
001110010
000100001
000010000
110111100
000001010
111000111
000010001
111011100
001000110
111101110
010001000
000011111
001000110
111001100
001101001
111001110
001011011
000000011
001001111
111101100
001000110
111110011
000010110
110110110
001011000
111011101
001000101
111111101
000110101
111011010
001010101
111000000
001011010
110110010
000100000
111100001
000111011
000000010
001000011
000000101
001010010
111111110
000110010
110111100
000100001
111110010
001000101
111111111
000011100
111001110
000010110
111110101
000111110
111010101
001011001
111010011
001010111
111001100
111111101
110110111
000111111
111001000
000110110
111011000
001000111
111100010
001010000
111111011
001011000
111001011
001001001
000000111
000101000
110111101
000001111
111011000
000000110
110110011
000101010
111011100
000100110
111000000
000101110
111110000
111111111
110111111
000111000
000001001
000100011
111100110
000100001
111011100
001000111
111101000
001100101
111100010
001010110
111101100
001011010
000000001
000111100
111101101
000011101
110110011
000000111
111011000
000011100
111110010
000011101
110111010
000101111
110100111
000001011
111011010
000111101
111001011
001001110
000000011
001110110
111011100
000101111
111000001
000000111
111101111
001000011
000000010
000111011
111111100
001010100
111110011
000011111
111011001
000100110
111000101
000011010
111010011
000001001
111001011
000110111
111000001
111111111
111010011
000000011
111000111
000111011
111001011
001001000
111000110
001000000
111010000
000010111
110011101
000101001
111001001
001100000
110110101
000000110
111011110
000001001
110110001
000110011
111011001
000011100
111111111
000001000
111001011
000101111
111101101
000001100
111110011
001001011
111101111
001010001
111101010
001001110
111101011
001011111
000001001
000111111
111101101
000111000
111111100
000010010
110101110
001010000
111110111
001001110
110101110
000101101
110101001
001000111
111111001
000100100
111110111
000001000
111010101
001000001
111010010
001000111
110111110
001011011
111110100
000111110
000000111
000010100
000010011
001011111
111001000
000010011
111011011
001010101
110111100
000110010
111111000
000111111
111011000
000010001
111001101
000100000
111000010
000110001
111110011
001000100
110101011
000010110
110110101
000101101
110110001
000101011
111110111
001010101
111110101
000101100
111100100
000101001
111011001
000101001
111101001
000001110
111001001
001000001
111111000
000100001
111100110
000010000
111111010
001000010
111011111
000111010
111111000
000000101
111101111
000010101
110110111
000001101
111010101
000111100
111001011
000100110
111110110
001000001
111100110
000011101
111110010
000111111
111000000
000110110
111110100
001011001
110111101
001000011
111000000
001001100
111110110
