001001010
111010000
000110100
110101001
000001101
111110110
000000010
111000110
001010101
111101100
001001010
111101011
000111001
111110111
000000001
111100101
000111011
110101100
000100010
111110100
000000011
111111011
001000110
111110111
000000110
111100001
001001011
111011110
000010000
111010101
000101001
111111111
000000001
111111101
001010111
111110011
000001101
110100111
001000111
111110111
000010100
111001001
000011110
110110110
001000100
111100010
000001110
111011101
000011010
111010000
000101111
111100011
000110101
111100101
000100101
111000101
000111001
111101001
000000011
110110111
001000001
111010011
001001001
111000000
000110001
110111010
001010010
111001000
001001110
111001011
001001101
000000101
000100101
111111101
001010001
111111111
000101100
111111111
000100111
110111101
000110001
110101011
000000110
111110100
000010110
111010101
001000111
110110001
001000010
110110101
000111110
111011001
000100000
111011001
000011110
111000100
000101111
000001100
000111001
111111111
001010010
111110001
000010111
111111100
000100111
110100000
000000001
110101101
001010111
111010000
000111000
111010001
000101011
111000010
000111011
110111111
000001111
111010100
000110101
110101111
000011101
111110110
000111011
111100010
001100100
111101010
001001111
000100011
001011111
111000111
000110000
111100010
000010101
111011111
000100101
110110100
000011010
111001110
000111001
111100101
000001110
111101010
001001011
111000111
001010011
111001110
000011100
111110001
001010101
110111100
000011011
000000111
000110000
111110010
001101010
000011111
010000011
000100110
001000100
111101010
000111100
111110110
000001110
110111101
001000000
111001110
000011111
111110110
000010011
110101100
000100101
111100000
000010000
111100011
001010010
111101100
001001001
000000001
001000111
111011101
000010100
111011001
001000000
111010111
001010101
111010011
001001011
111101101
000110101
111011110
000110010
111101011
000100111
111100101
001010011
111111010
001011010
111101100
000010001
111101110
000010100
111010001
000111101
111101110
001100110
000000011
001011011
111011001
001001000
111001001
000101011
111111110
000010110
111111001
001001110
111011001
001100110
111110100
000111100
000001100
000111000
111010010
000100101
111001100
000001100
111100111
000111100
111111000
000111000
111000110
000110110
111101101
001100001
111100100
000110110
000100111
001010001
111110010
001111010
000001001
000111001
111111010
000110111
111110111
000110111
111101011
000101100
111111011
001111000
111111010
000111011
111101111
000001011
110110000
001001001
111101111
000011100
111101010
000111110
111110010
001010100
111110000
000111110
111001110
000101001
111100010
000101100
000001010
001010010
111101101
000011101
111110001
000110101
000011010
001101001
000001001
001111110
111111111
000101000
111010111
001010100
110111010
001000000
111111110
001000100
111011010
000011111
110110101
001010000
110111100
000001011
110111000
111100010
110100010
000110110
000011000
000001011
111100111
000010101
111101101
000110000
111010101
001011101
000011100
010000110
000011110
000101001
111100000
000110110
111001001
001001111
111010000
000011011
110111101
000000101
111000000
110111100
101111101
111111110
101101101
111111000
111010101
000111100
111011000
111011110
110111010
111110000
110101010
000011110
111001101
000010100
111100100
001111110
111011011
000101110
111000100
001000101
110111010
000000101
111011100
000001100
110000110
000001000
101110001
111010100
110011010
000001100
110110011
000010111
110111011
000101010
110110010
111000011
101111101
111100101
110010100
111101101
111010101
000111000
111010000
000110001
110111101
000111000
111101010
000101111
111111110
001010011
111100011
000101010
101110110
111101000
110100100
000010011
110111000
111101111
111011111
000110100
111100010
000111110
110001111
111011011
110011011
111111000
110111000
111010111
110101001
001001011
111110101
001001100
111001010
001010101
111110110
000101011
111010011
000100001
110100010
000010100
110110001
111011100
110110111
111110111
110110111
000110011
111110110
001001101
111100110
000101101
110101000
111010010
110011110
111000100
110011101
111111111
110100000
000000101
111010000
000101111
111100101
001001000
111110100
000000001
111000100
000010111
111010011
000000001
110110000
111111010
110100101
000111011
111010010
000010110
111101100
001010000
111011110
000010110
110101100
111000001
101111001
111110110
110001001
111011111
111011110
000111011
111011011
001100111
111111000
000010000
111101000
000110100
110110000
000100110
111010001
000110110
110111111
111101100
110100000
000000011
111011111
001000110
000001100
001001001
111101110
000010010
110111110
111100100
110100010
111100010
111001111
000001101
111011101
001010000
111110100
001000110
111011011
000001110
111100010
001001001
111101001
000111010
111101100
000100110
000001000
001010111
110110110
000100100
111100111
000111100
111010110
001101011
110110001
111100111
101111110
000001101
111000000
111110100
111011001
000011011
111110010
001100000
111100111
001101100
111110100
000100011
111101100
001001100
111010101
000110101
111010110
001100011
000010011
000110001
111011010
000100010
000000001
001000011
111000100
000010110
111100001
000001111
110001000
000101010
000000010
001011111
000000101
001010010
111100110
001111101
111100101
001000110
000000101
001000101
111111010
000100000
111110101
000011011
111110111
001010101
111011010
010000101
000111010
001011001
000001011
001011101
000101010
010000111
111001111
000000101
111011111
000101010
110111010
001100111
111101010
000110111
000001111
001001000
111110100
001000010
111001101
000111010
111000000
001000011
111011100
001000111
000000001
001001101
000100011
001010111
001001101
010011100
001100010
010001000
000011100
001101010
000000110
000100010
111110101
000001001
111110011
000110111
000011100
001011011
111101111
001001010
000000111
000111110
111110010
000000100
110101011
001001011
111000011
000111100
111010111
000100110
000000111
010000010
000011101
001101110
000110000
001111101
000101110
001001111
000101011
000111110
111100100
000101111
111011110
000111001
000001000
001110010
000000101
001100111
000001000
000100001
110110100
000101011
110110101
000000100
111010010
001000110
110110111
000100011
111111100
001011001
000010101
001100000
111110001
001010111
000001000
001000010
000000101
001011001
111011100
000111011
111111100
001000011
111011000
000111111
111000010
000010101
111011010
000010110
110111001
000111010
111001111
000111100
111110100
000100010
111000011
001000011
111111110
001000100
111000000
000101011
111101111
000010010
000010000
001000101
000100011
001010101
111111001
001000000
111010000
000111110
111001111
000111000
111010110
000000100
111010010
000001111
111101010
001011001
111011101
000000101
111000110
001010100
111000000
001000110
111011100
000011011
111000100
000010001
111110110
000011100
000100011
000111000
000000011
001010000
000001100
000110011
111011101
000110010
111101010
111100010
110111101
000011001
110101100
001000101
111000100
000011100
110101111
001010100
111100101
000011010
110100111
001010100
111100100
000111001
110101111
000010000
111100111
000100001
111010100
000110011
111111100
000011011
111101111
000101100
110111010
000011010
111010010
000111100
111001111
000001011
110100100
001000101
110111011
001001010
111010001
000101001
111110110
000100110
111011100
000100100
110111100
000011110
111010111
001001100
111110000
000001001
111100011
000100001
111110000
000101110
111100011
000111111
111010000
000110101
111001111
000000001
111011111
000111110
111111011
000111001
110101001
000000100
111011100
001000011
110110100
001010011
111101110
001010111
111100000
000110111
111011110
000000111
111111111
001000100
000000001
000001100
110110101
000101011
111100000
000001001
110101011
001000111
110111011
000101001
111010010
000010110
111001110
001001001
110101010
000110111
111011000
