001010000
111111011
000100010
111000010
000000011
111001111
001001011
110110001
000111110
111101100
001000101
111110110
001001000
111101010
000110100
111100011
000110001
111001100
000101010
111110001
000001000
110101101
001001011
111001001
000001110
111100101
000100000
111000000
000000011
111110101
000000111
110101101
000001111
111010111
000111000
111101110
000000001
111010110
000000111
111000001
000111101
110110011
001000111
111010011
000001001
111011110
001001001
111000110
001010110
111100111
001001000
111111011
000010010
111000110
000111100
111100000
001010101
111111110
000000110
110100111
000001101
111110011
001010010
111100011
000110110
111010000
000101110
111001000
111111110
111001000
000010100
110111001
000100000
111101111
000001010
111001100
000101001
110100110
000010000
111011000
000011000
110100111
000101101
111010110
000111001
111110001
001001011
111001011
000010001
110110000
000110110
111100101
000001001
111011100
001000001
111001101
000001101
111111001
000011101
111111100
000111111
111001011
000111111
111110010
001000100
110111000
001000111
111110001
001010000
110101100
000110110
111110001
001010011
111110111
000111001
111001101
000011000
111011001
000010010
111011101
000101010
111001011
001001101
111100100
000011110
111011010
111111101
111011000
000101011
111011010
000010101
111011001
001001101
111111110
000110011
111001111
001010100
111100011
001000000
110110100
000010011
111100010
000000001
111110100
000101001
111001100
001001011
111010110
000100000
111010011
000011111
111100000
000101101
110000011
000101001
110111000
001001100
111001101
000001001
110101100
000010100
111100001
000110010
111111101
000101001
110101111
001000110
111011100
000001011
111010001
000010110
111100011
001001110
111110101
000111100
111111000
001011101
000000010
000001000
110001001
110110011
110000100
110011001
101110001
111000101
110110000
111011110
110110101
000000110
111100010
001011101
111101110
001100110
110111111
001001100
111011000
000110110
111001001
001001011
110111111
000001100
111111111
000001100
110101100
000010111
111010011
111011100
101111111
110101011
101101110
101111101
101011011
110000101
101100110
110110011
110100010
111101001
110111101
000101111
111111000
000111100
111011000
001010111
111011000
000011111
110111100
001010000
110101010
000100000
111001001
000111101
111010111
000110000
110111000
111111011
110100001
110111110
101111010
110010010
101001111
110001111
110001000
111011101
111000001
000011001
111111010
000001000
111101010
000001111
111110110
000110100
111010010
001001001
111010100
001010110
111101111
000011100
110111010
111111001
110110001
000010000
110110001
111010011
110100011
000011100
110011001
110011001
101101100
000010010
110111011
000001100
111100010
000100010
111001101
000111100
110100110
000110111
111110100
001010000
110111101
000100010
111010100
000011001
111101001
001010011
111011111
111110001
110111100
111100101
110111101
000001110
110011110
000010001
101110000
111010010
110101101
001000011
111011111
000000110
110111100
111100101
110111111
111110110
110010100
000111101
111100000
000101010
111010000
000101110
111011100
000011000
110101011
000111111
110101010
111001001
110001011
000010111
110110000
111111010
111000100
001100000
101110100
111001000
111110001
001101001
111010100
000001100
110110101
111110000
110011011
111100101
111001010
000101101
110111000
001001101
111001110
000001011
111100001
000000111
111000100
000101001
110110100
000000111
111001010
000111111
111001000
001000110
000101110
001011010
111000111
111101101
111010110
001010001
110100011
111001110
110100010
111000010
111001011
000100010
110100000
000100110
111110000
001010000
111110001
001010011
110111001
000111111
111110010
111101111
110101110
001010100
111100000
000111010
000011010
010000010
010010000
010101000
000010100
000011001
111010001
001001111
000000001
000011001
111001110
000110010
110110000
000111001
111000010
001100100
111100101
001001000
111100001
000110100
110111111
000101110
111001100
000011111
111111100
001100001
000010011
001010100
000110101
010000100
010000110
010010001
000001101
111110001
111101011
000101010
000011011
000010111
000000001
000111010
111010111
001110001
000010000
001010100
111011111
000001000
111000010
001001010
110110000
000000101
111100100
000111000
111100110
001111010
000100010
001110100
000011111
001110010
111111011
001111010
000000111
001001110
001000101
001010110
111111000
001001011
000010111
001001011
000000110
001000111
111100100
000101000
111111011
001001001
111110010
000101111
110101111
001001100
111101011
001010000
111010110
001110100
000000111
001001011
111100011
000101100
111110101
000011110
000010111
010001010
001001000
001111010
000100011
000100111
000100000
001100000
000000010
001100001
000010100
001101101
110110111
001001110
111011111
000000100
111000100
000110001
111010011
001001010
000010100
010001011
000101001
001001100
111001111
000101001
110110110
000100110
000011111
010100101
001000101
001111001
000010100
001001100
111111000
000101101
111110101
001011011
111010011
000011111
111100001
000000101
111111011
000100100
110110010
000100111
111011110
001000110
111010111
000110110
000110001
001001100
111000111
000100100
111001001
001110001
000101110
010000011
001100001
001110100
111110010
000111110
111010101
000001100
000000111
000010110
111111001
001011110
111001001
000101000
111000011
000010101
111010110
001000001
111001101
000101101
000000110
000100101
111001011
000100010
000000100
001010001
111101101
000101011
000010010
001100000
000010111
001011011
111110000
001000000
111000000
000010010
111011001
001010101
111001010
001000010
110110011
000101011
111111111
001000011
110101111
000111110
110101001
000011110
111001110
000110111
111001000
000111011
110111110
000101101
111010101
001100000
111100001
000101010
111000101
111110011
000001010
000110000
110101110
000010000
111010111
000011001
111111111
001000111
111101001
000000101
111111101
000011000
111010010
000000100
000000001
000011101
110100000
000110110
110100000
111111010
110100100
000001101
111000111
000010011
111101010
000100010
111100011
000010000
111011101
001010001
111000010
000101001
110111011
000101011
111011110
001010100
110101101
000110000
111010000
000010101
111001011
000110011
111010100
000000011
110110010
000000101
110100011
111100101
110001011
111100000
110101011
111001001
110010111
111100101
110100100
000001111
110110111
000011100
111001111
000011010
110111101
000001000
111001001
000001010
110110000
001001001
110100111
001001011
111100001
000101111
111111010
001010000
111101100
000011001
111001111
000000101
111000001
000000011
111001001
111010110
101111000
111110101
101110110
111111101
111111110
111111100
110111011
000111010
110100110
111101001
111000010
000010011
111011101
001010001
111100010
000011010
111000000
000011101
111110100
000000100
110110010
000000110
110001101
000101001
110010110
000000010
110101101
000010100
110110101
000100101
110110010
000000010
111001011
111111010
111010010
111110110
110101101
000011110
111010111
000000110
110111011
001001001
111100100
000001111
111000001
000111010
111011000
000100101
110100101
000101000
110111001
000010011
101111110
111111011
101111110
111011001
110011001
111111000
110100001
110111011
110100000
111110100
110001000
111110010
111000011
000100110
110100011
000110001
111100010
000011010
111000111
000001010
111110111
001010101
111101000
001000111
111001000
000110111
111011100
000010100
111000011
000011000
110100100
111001110
111001000
111011101
110011000
000000110
110011100
111011010
110011010
000101101
111101010
000010000
111100001
000010101
110101111
000011010
110111001
000010101
111001100
000100111
111100001
000111100
111011110
000110111
111010101
001010101
111011110
000111001
111001000
000110001
111010111
001001111
110111101
000101111
111101101
000011110
111101100
001000101
111010100
001010001
111001100
000110001
111110001
001010010
110111010
