001001010
111111000
000110100
110101101
000111101
111011101
000101110
111100110
000000010
111110111
000101101
111001100
001000000
111100100
001001001
110101110
000001010
110111111
001001001
110101001
001010110
110101011
001011000
110111001
001010010
110101111
001010101
111001111
000101100
110111100
000000111
111100100
001001100
111000100
000010110
111010001
000000011
110111010
001001000
111111010
001001100
111100011
000111010
111001100
000111010
111010110
000101010
110111100
000010000
111100011
001000000
111110010
000010111
111000001
001010100
111110000
000110110
110110000
001000001
111111000
000111010
110111000
000100100
111010100
000100111
110111111
111111000
111001100
000100000
110110100
000101111
111100000
000000010
111011101
001000001
110110101
000111010
111011100
000101010
110101110
000111001
111101100
000000101
110110000
001010011
110100110
000000101
111010010
001010000
110111001
000110100
111001111
000110010
111111101
000001001
000001101
001001000
000001011
000101111
111101100
001001011
111100001
000001010
110010110
000010100
111011110
000110111
111110011
000101110
111100111
000000011
111110100
000101101
111110111
000000010
111011010
000001011
111111100
001011011
110110001
001100110
111111001
001100011
000001111
001100000
111111011
000110111
111110000
000111001
111111011
000011110
111001111
111111110
110100100
000001101
110101011
000111101
111101011
001001000
111100110
000101011
110110100
000100110
110101001
001100000
111101101
001000101
000010101
001000000
111111101
000110100
111111010
001101101
000001000
001111100
000011110
001001000
000000101
001010011
111001100
000010111
111011010
111100000
110001011
000011100
111000011
000011110
111011011
001000110
111101111
000111110
111101101
000010110
000010101
000111101
110111100
001000000
111010100
000011001
000000001
000100110
001010100
001111110
000001011
001111111
000010101
000111100
111000011
001000010
111110010
111111011
110101011
111010001
110110111
001000100
110111010
000000111
111101011
000001111
110111001
000111101
111010001
000101000
111010000
001000011
111101011
000110111
111010010
000101000
000000110
001111010
000110110
001100010
000100101
000100010
111110110
000011111
111001000
000010111
110100011
111101110
111010100
000010111
110111011
000111010
111110000
000101101
111000011
000110101
111001011
000110001
110001110
000001000
110111101
000010111
110111001
111110101
110100010
000110111
001100010
001111110
000000011
001000010
111001000
001001010
111100011
000100101
110100100
111111001
110101001
000100011
111011001
000111000
110111011
000001111
111100111
001010001
110110000
000101100
110011001
111011100
110010011
111100000
101110000
110101001
110010010
001010100
001000010
001110000
111111110
001010110
111101001
000101001
111001011
001010101
111011001
111110001
110100001
000010111
111110011
000010000
110111011
000110001
110110110
000011110
110011000
110111100
101111011
111000100
110010000
111010010
101100001
110111100
101111010
001101000
111011101
001001011
000001011
001100000
111111001
001111011
000100110
001111100
000011001
000011010
110011100
000001000
111011011
000111001
111011010
000110000
110110011
111111000
111000001
111100011
101110111
000000011
110001010
111010001
110010011
111101101
110000011
111110011
110110101
000100101
111101100
001000111
000011001
001010101
111100101
010000010
000100100
010000010
110101101
000100100
111111101
001001000
111010001
000100101
111010010
000111010
110000000
111100111
111000101
111110110
111000010
000101100
110111101
111111110
110000011
111101010
110011101
000000110
110001010
000110001
111010000
001010111
000000001
001110101
000010011
010000101
110101110
001000011
110101101
001000011
111110001
001010011
111001010
000101111
111001101
001010110
111100000
000110001
111011011
000010010
110100011
111111011
110110100
000010000
110000010
111101001
111000110
111110000
111001101
000110101
110110110
001011100
111101010
001110100
110110010
000010000
110101001
001000010
110101110
001010000
111010010
000001111
111001011
000110101
000000010
000110101
111111100
111111100
110110000
000000011
111011010
111110010
110011001
111111100
110100010
111110110
111011010
000110101
111101110
000010010
111100011
000011011
111110110
000100110
111111010
001010110
111010000
000000100
111000001
001000010
111110100
001010000
000011001
001100110
111111111
000010111
111010110
111100001
110010100
111111101
101111001
000000110
110100010
001000111
111000100
000111000
111110111
000110000
111100100
000101001
111000010
000010110
111011010
001001001
111001010
000101111
111000001
000110001
000101010
001101110
111111011
001000000
111100101
000011011
111001101
000100001
110100101
110111000
101111101
111101110
111110110
001011000
000001010
111111010
111000111
001001010
111000111
001000011
000000010
000100000
111111100
001000101
111010001
000101111
111011001
000110011
111101111
001001111
111111100
000101110
110110101
001000111
110011001
000001000
111000001
111000110
110100101
001000101
111101101
001000000
111100100
000101011
111100101
001100100
111000100
001000011
111011100
000101100
111011110
000110011
110111010
000101010
111111000
001000001
111101010
001011011
111010010
001010010
111100111
001000000
111101100
111111001
110100101
111110010
111010001
001110101
111111001
001100111
000001111
000010101
111101010
000011010
110111001
000101000
111110111
000111101
111111100
001000001
111110101
000101010
000000100
001111000
111011100
001000001
111110001
000111100
111011111
001100111
111111111
001001110
111001011
111111101
111001011
001000010
111101111
000111100
111011111
000011000
111101110
000011100
111100110
000111010
111011001
000100001
110101110
001000011
111111111
001011010
111110010
000111100
000000010
001001111
111110100
000000001
111100100
000100111
111000010
000111110
110100100
001000100
111001110
000100110
111001110
001011100
111110100
000011111
000001000
000011110
111101010
000101110
111011000
000111101
110101100
000000101
111111110
001010001
111001110
000101001
111100010
000101010
111110010
000010010
111111101
000010011
111100110
000100111
111011100
000110010
111011100
000101010
111110000
000011101
111010001
001010000
110110111
000001010
110101111
000001111
111101011
000010111
111010111
001001001
110101110
000100111
111000000
001101011
000000111
001010111
111000011
000100100
111001001
000101000
111110010
001001110
111010111
000101010
111001000
000111101
111011111
001001010
111110101
000011001
111110101
001001100
000000001
000001111
110111011
000000001
111110000
000000111
111101001
000111011
110111000
000011001
000000110
001010011
000000111
000100100
000000011
000011111
111110011
000111101
111101011
000101101
111010100
000011001
111000011
001010001
111100001
000100001
110110101
000101111
110111100
001010100
111101100
001001011
111111100
000000010
110110100
000010101
111111011
000001101
110110100
001010001
111011101
001000011
110110011
000011100
111111111
000101101
111100110
000110111
110111110
000101011
111011110
001000100
111010100
000100101
110110000
000111001
111111010
000110110
111110110
001001100
111010001
000011111
111000011
000110010
111011111
000101101
110110110
000011110
110110001
000100011
110111100
000110001
110110111
111110101
111000111
000011111
111000010
000101101
111011100
001001101
111001111
000011010
110100111
001000111
110110011
001000101
111011000
001010010
111100000
000110011
110111101
001001111
110101110
000100111
111011000
000010111
110100111
000001110
110110010
000100111
110100101
000000100
110111110
000000101
111001001
000111010
110011010
000111110
111000011
000001101
110111000
000001101
111010101
001000001
110101001
000011110
111010100
000100110
111101010
001001101
110101000
001011001
110111110
001010000
111011010
000010000
111101111
000100000
111011100
001001111
110100101
000010001
111110111
000101100
111001010
000100111
111011111
000110010
111101001
111111111
111000000
000000010
111110001
000010010
110111101
