001001011
111011101
001000110
110111000
001010010
111101110
000011110
110111011
000011001
111001110
000101011
111001000
000100001
111010010
001010101
110101110
000111001
111000000
000001101
111001010
000000001
111101010
000001100
110111000
000001110
111011100
000001100
111110110
001011010
111101100
000101110
110110101
000110111
111100101
000111001
111010001
000101101
110101010
000011011
110111011
000110000
110111100
000100011
110110000
000011010
111100001
001001011
110101111
000000111
110101011
000101111
111111000
000010001
111000101
001010000
111100001
000000110
111111110
000101001
111111010
000010101
110101001
001010001
110110101
000011100
111010011
000101000
111000110
000111100
111010000
000111001
000001001
000110000
110110100
001011010
111001011
000100100
111000101
000111111
111100100
000111111
111110001
000100111
110110001
001001010
111100010
000010101
110110000
000011111
111000011
001011000
111010000
001000101
110111011
000110000
110111101
000111010
111010100
001101101
111101100
001011110
000100000
010000110
111101010
000111011
111001110
001001001
111100000
000111010
111100111
001000110
111100100
000101000
111101100
000010001
111101000
000110010
111011011
000001111
110110100
000010000
111111000
000101011
110111101
001011011
110110110
001001010
111110001
001011000
000000001
001000010
000001110
000111101
111101011
000001011
110111101
000001000
110111000
000001111
110111101
000000111
110101011
000000101
111010000
000001110
111101000
001000001
110111000
000111111
110100000
000010101
110001000
111010101
110110001
111100011
110110010
110110100
110100100
111111000
110010100
000000100
110010010
111011110
111010001
001000110
111101001
001001111
111110101
001011001
111111011
001001111
111110111
111111101
110101000
000101011
111100110
000000010
110110110
000100011
110100100
000000110
110110011
000111110
111101110
001001111
111110010
000011111
110010011
111100100
101110110
111100101
101110100
000010011
110110011
111111101
110111101
001001011
110101100
001010000
110110101
001011001
110110101
000111010
110001100
000010101
110111001
000010110
111010101
001011010
000000011
001110010
000110011
001101110
000001000
000011111
110111100
111111100
110111000
110101100
101111001
111010110
110100110
000100100
110101000
000011001
111001111
001000011
111111000
000101110
110111101
000110011
110101101
000001000
110101001
000101000
000001001
000010001
111100000
010000011
000111001
001001000
111001101
111110111
110110101
000010100
111001011
111101010
110101110
111100100
110011101
000110010
111000101
000011111
111101111
000110111
111010000
001000011
111011111
000101110
111011000
001000010
110111011
000111010
111110000
000110101
000010010
001111010
000010010
000110010
111011101
111111001
111001011
000001101
110101010
111111000
110001110
111111111
111000011
000010100
111101110
001011000
111111111
001001010
111101000
000010000
111011010
001010001
111000001
001001100
111001001
000100111
111100011
000100111
111011111
010001100
111110000
001011001
111110011
000110011
111001011
000100111
111000010
000110111
110000010
111111100
110110100
000001001
111100111
001001110
111010101
000101101
110111011
000110001
111101111
000101100
111111110
001100010
000000010
000110011
111010101
000110000
111001001
000110110
000010111
000111001
000100010
000010011
111111100
001011101
111101100
001101001
110111110
000110010
110101000
000101001
111100010
000100011
111000110
000111011
111110000
000011111
000001110
000100011
111111001
000110011
111101011
111110000
110110110
111011011
110001000
000101100
000000101
001011110
111110010
000111011
000011110
010000111
000000101
001001111
111110100
000101001
111010011
001001000
111011101
000010110
111100011
001000101
111010001
001100111
111110111
001010101
000000100
000011010
111101100
000001111
101111111
110111111
110111001
001001010
111100000
000111001
000001110
001110100
000010010
001001001
000001000
001100110
000000110
000010010
111011101
000011001
111000101
001001000
111110100
000000110
000000011
000101100
110111111
000111011
111001100
111110000
110101100
000000001
110100110
111110011
111000111
000100000
111000010
001000001
000010001
001100101
000001000
001011010
111101111
000111101
111001001
000010001
111111101
001010000
111110001
000101011
111101100
001001010
111100110
000011111
110101101
000110101
111001011
000110011
111010010
111111010
110111111
000011101
110100110
111111010
111101110
000100110
000001011
000110110
111110010
001011110
111100000
000101100
111101111
000100111
111011111
000010000
111011101
000110000
111110010
000110001
111111100
000011111
111011000
000111011
111110001
000101010
110111111
000101001
111001001
000100001
110011000
000001101
111010111
000110100
000100000
001001100
111010000
001000111
111001011
000110111
111100001
000100100
110111111
001000011
111000010
000001110
111111101
000000100
110111100
000000001
110111001
001001000
111101001
000010100
000001010
000101111
000001000
000110010
111001101
000011011
111101010
000011001
110111111
000100111
111010101
001001001
111101000
000000001
111001000
001000101
111000001
001001110
111101110
000100100
111000001
001001011
111000100
000101101
110010010
000000101
110101010
000101101
110111110
001010011
111110001
001100000
111101111
001101011
111001010
000011011
110110111
001000000
111001010
001000000
111000000
000100010
110101110
000111010
110110110
000010111
111001010
000101010
111110001
001000100
110100111
000111100
110100001
111101100
110010001
111111111
110101110
000101011
111111101
000111111
000100111
001011000
110111010
000110111
111110100
111111111
111000111
000011011
111100010
000110010
111010101
000111000
111010111
000001100
111011011
000010110
111011100
111111111
110111001
000100001
110010100
111101100
101111101
111010100
101111011
111101100
111100100
001001110
000011000
001001010
111110001
001000110
111010001
000100001
110111001
111111011
110001000
000110000
110011110
001010101
110111101
000011110
111010000
000010100
111010101
001010011
111001111
000111111
110001101
111010110
110000000
111101110
110000000
000010100
110111100
001001101
111101111
000110010
111110100
000111101
111001110
111111101
110101110
111011111
110101000
000010010
110100000
000011001
111001011
001001101
111110110
000100001
111101110
000111001
111000101
000110010
110111001
111011011
110010110
111111111
110110110
110110100
101111110
111001100
110001011
111110110
110001101
000000100
101110100
110100011
101111110
111100110
110000110
000011011
110100011
000010010
111100111
001001111
111011111
001010001
110111101
000101010
111100011
001010010
111110111
001000001
110111101
000110001
110001111
111010111
110000101
110111110
101111111
110110010
101111010
110001001
110010101
111110000
110110101
111011010
111011011
000011101
111000011
001010101
111111000
000110111
111111010
000100011
111010100
000100111
111100110
000011101
111000011
001001000
000000110
000100110
111100101
000110111
110110101
000011101
110011010
111001000
110110001
111110111
111011001
000100110
111001011
001010000
111001010
000011011
111111011
001000101
110111000
000111111
111000011
001010001
111100100
001000011
111100111
001001111
000000011
001010011
000100011
000111110
000100001
000110100
000101100
001110011
000101101
001110101
111101000
001011100
000001111
001100101
000001001
001010000
000000011
000111000
111010101
001001001
110101101
000101111
111001100
001000001
111101100
000011000
111000111
000110011
000000100
001100000
111110010
000101010
111110001
001000001
000001011
001100011
111111000
001100001
000001111
001011001
000000101
000110110
111010010
000100000
111000111
000000011
110110101
001001100
111001010
000011101
111000100
000101111
110110100
000010110
111101001
000000111
111010010
001010000
111001001
000110000
110110111
001011000
110111111
000100100
111100110
000001111
000000010
000000011
111010111
000011101
111000011
001001010
111010100
000101101
111111010
000010001
111010101
001010011
111111100
