000010000
110111001
000110010
111111111
000110001
110111111
000100100
111001010
001001000
111111000
001001010
111110011
000111001
111101011
000010101
110101101
001001011
110100111
000001011
111110000
001000011
110110111
001001000
111100010
000001100
111111100
001010110
111010010
000111101
111100110
000110000
110110100
000000111
111110111
001001101
111001000
001001000
111101000
000010100
111001000
000100000
111111010
001000101
110101000
000011011
110100110
001010000
111110100
001011000
111111011
000011010
110111101
001001101
111110111
000001000
110100111
000001101
111111100
000101110
110110111
000011101
111111100
000111100
111011100
000001011
111010010
000000001
110101011
001001000
111100111
000101110
111101010
000010000
111010100
000000001
111000100
000011001
111110101
000111010
111100000
000001010
110101001
000001000
110101100
000001000
111110000
001010100
111101100
000010100
111011000
000000100
111010000
000101101
111001000
001100000
111010111
000100110
110110001
000110001
111111111
000011010
111101100
000001000
111000110
000100100
111010110
111111110
110101010
000011111
110111011
000010111
111011010
001000101
111100000
000100001
110110011
000110000
111100110
000000111
110111100
001000011
111111011
000101100
111110110
001010110
111110010
001100000
000010001
000101010
111100111
000100010
111101100
001000011
111011011
001000101
111011001
000101100
111111101
000010011
110101111
001001001
111010110
000011110
111001101
001001011
111000010
000100101
111011100
111110011
111001110
000010011
111000111
001000001
111101111
000010011
111110001
001000110
110111100
001000101
111000100
000101011
110111100
000000100
111010101
001000110
111100111
000101001
111001110
000010101
111000100
000101001
111111101
000001110
110111001
000110011
110100010
000100000
000000010
000101011
111100111
001001100
111111011
000110101
111111101
001000100
111001100
000111001
111110100
000100010
111011011
111111001
110100000
111101011
111001000
001000110
111110010
000111110
111101000
001000000
110101110
001010110
111101110
001010101
111110001
001010011
111011101
000100001
000000110
001100011
000001100
001111001
111111111
001000000
111010001
000011101
111101100
000110111
111100011
001000001
110011000
000011101
111100101
000010111
110100111
000110011
111111000
000001100
111101010
000100100
110110111
000010001
111100010
000001011
000011000
001000010
111011010
001110010
000001110
001010111
000001111
001001010
111100101
001000101
111111001
000111011
111110111
001010001
101111111
000000010
110101001
000110110
111010100
001000001
110101110
000101011
111101011
000001010
111010010
000111000
111100101
000110000
111010010
001000010
111101110
001001100
000000100
001000110
111110111
000101101
111000010
001010011
111110011
000010110
111011000
000101110
110011100
000100100
111011010
000111011
111001001
001001010
111100011
000001001
111010010
000011011
111001100
001000110
111011101
000001010
111001000
000011000
110011111
110110000
110100101
000000101
110111101
000000101
111000111
000101001
111010001
000101100
111111000
001001101
111001000
111111110
111110101
000001110
111110010
000010010
110110010
001000101
111111111
000010001
110011110
000001000
110101010
111111010
110011001
111100001
101101110
111000011
110010111
000110001
111010100
000010010
111010011
001011100
111101100
001101101
000000101
000110011
111101110
001010011
111111000
000110101
111110100
000001010
110111010
000011010
111100011
000110100
111001011
111010000
101110110
000000001
101110110
110111101
101101100
110011011
110010101
010001100
000000011
111100110
111101110
000011100
111101011
001011100
111001000
000011110
111000111
000001111
111111011
000100110
111101100
000001110
111111111
000100000
111101000
000110111
110001001
111010010
110001110
000000100
110001011
111011101
101111111
000100111
000001100
010001010
111101000
000000100
110111010
000110010
111001100
000010100
111011000
111111111
110011000
111110111
111101000
001001100
111001101
000011011
111101110
001001000
111010110
111111111
110110111
111110011
101111101
000100010
111001010
000000110
111010001
000111010
000101011
001001010
111111100
000000110
111101110
000001110
110100111
000111001
110101001
111111001
101110101
000101100
111101000
000110000
111101101
000100111
111100111
001000111
110111110
000100010
110101110
111100100
110011110
000010110
110011100
000101110
111001101
000110110
001001110
001001001
111111000
001000011
111011111
000010111
111100101
111110110
110010011
000001011
110111001
000000001
111010100
000001101
111101010
000111101
111001101
000101010
111111001
001001111
111101001
000110100
111000110
000110010
111111110
000001000
111010101
001110001
111101111
000111010
000011010
001100100
111101111
000010010
110110111
000000110
111010010
000010010
110011011
000111110
111011000
001010111
111111001
000000101
110101100
000011101
111000110
000111001
111000101
000111011
111010100
000000101
111000011
000101110
110111010
001100011
111110001
001011101
000000111
001001110
111000101
000110000
111011001
111100111
110111000
000110000
111000010
000110011
111100110
000100001
111110010
000001000
111110010
000010101
111111100
000010101
111011110
001000001
111000110
000011001
110100101
000111000
111101001
001000010
111111111
001010111
000101001
000111100
111010011
000111010
110111111
000100111
110110011
001000000
110111111
001101100
111010000
000100111
111101100
000011010
111000000
000100101
111101001
001100000
111010100
000100001
110110011
000001111
111001000
000010010
110111000
111111110
111100100
000010011
111100000
000100101
111111010
000110000
111001010
000011010
111001111
000011110
000001100
001101111
111110111
001011011
110111110
000000101
111011110
001011001
111110010
000101000
111111001
001001101
111000011
000000111
111010000
000100100
110110111
000000100
110110101
000101110
110100101
111110101
110100110
000001000
111011110
000010101
110111000
001100100
111011101
000110110
000000010
001011001
111110110
000100100
110101011
001001110
111100011
000110011
111001111
001100101
111111011
000100000
111010101
000001111
111000010
000001100
110111001
111110110
110100110
000100010
111000101
111110100
110100111
000010110
111101100
000101101
111010101
000100100
110110010
000111101
111011100
000001000
111000101
000101111
111011000
001000000
111110000
001110110
111010111
000101010
111001110
000011010
111001000
111110010
110011111
000011100
110001001
111011110
111011100
000011111
110110111
000101110
111100110
001010001
000000101
001000110
110110011
001010011
110110011
001001110
111001010
000010111
110101011
000011101
111000000
000111100
111010111
000110001
111101100
000111111
111001101
111111101
111100100
000110101
111010101
001001100
111100001
000101011
110111011
000111011
111001000
001000010
111100001
000000110
111011011
000101000
111000001
000011110
111011111
000110011
111101101
001011000
110110111
000010111
111110111
001000011
111001101
000001100
111000101
000010011
110110010
000001010
111110110
000010001
111000000
000111010
110110101
000100100
110110110
001000011
111110010
000110000
111011010
000101100
111010000
001001110
110101100
000010110
111101101
000011011
110111000
000100111
111101001
000111110
111001110
000110010
111110100
000100011
111001010
000000101
111110001
000111110
000000111
000111000
111010011
000001011
110101010
000101011
111010101
001001110
111101011
000110101
111011110
000111100
111111000
001010011
111010000
000000010
111110001
001000011
111100011
001011011
111110111
000111101
111010000
001001001
111111010
001011000
110101111
001001011
110111011
000011110
111100111
001011011
111000100
001010101
111111101
000111100
111011000
000101101
111010000
000111101
111110111
001010011
111100001
000010000
110110100
001001111
111101110
000000001
111001000
000110001
110101000
001000111
111110011
000110111
111010000
000011010
111011000
000101110
111111010
000011011
110111100
000100101
111100110
000101000
111100000
000011101
111110101
