001010101
110101010
000011000
111101011
000100001
111000000
001010111
110101100
001000011
111000110
000110001
110111110
000111010
111000001
000000110
111111101
000101010
111110011
000100001
111100100
000110111
111010100
001000110
111000011
000110010
110111110
000111101
110101000
000001011
111110100
000011101
111111010
000001000
111001011
000011100
111010111
000011100
111100111
000100011
111111010
001010011
110101100
001001001
111010001
000111001
110110011
000110111
111110110
000000001
110101001
000100110
111001001
000101010
111101110
000011011
111111110
001010100
110100111
000000001
111111011
000001011
111100010
000001100
111101101
001010010
111010111
000111010
111101000
000111101
111110111
000011100
111001110
001011101
111110100
000010000
111000100
001010010
110110101
001000010
110101010
001001000
111110010
000110100
111101000
000100000
110110001
000011010
111100101
001001110
111100101
000100000
110100101
000110010
111001011
000000101
110111100
001000000
110100000
000111011
111000010
001001000
111101000
000000111
110011111
000001000
111010000
000110001
111110000
000011100
111100101
000001010
111110100
000101001
111000011
000100100
110110111
000110011
111000000
000001000
111010010
001001110
111000101
000011100
111000001
001001100
111000110
000011101
110110110
000101011
110011010
000100000
111010100
000001011
111000001
000101010
111101101
000011111
110101001
000100100
111000010
000010110
111010010
001001010
111000001
000010001
111100110
000100010
110101001
000110010
110100010
111111000
110011011
111110011
111000110
000110101
111110001
000001000
110011111
000101010
110011101
000110010
111011110
000101000
111000101
000100111
110111110
000000010
110111101
000110111
111011010
000100111
110110011
001010001
111011010
000011100
111010010
111110111
110110111
000011001
110111010
000010101
111001111
000000101
110001101
000010011
110001011
000100010
111011010
000011101
110101111
001001111
111101011
000100111
111101111
000000110
110110010
001000101
111111001
000111000
111011100
000100111
111101011
111111010
110110011
111100001
101111000
111101101
110010011
000101101
110110001
111101011
110100000
000001010
110110111
000001010
111010110
000010011
111010100
000011000
111110110
000010011
111101111
000100011
110111000
000010110
111011000
000111101
111111101
000101000
111010111
000001111
111010110
111101010
110000111
111110011
110100111
000011101
110100011
000011011
111100101
000011000
111001111
111111111
110001111
111111110
111000111
000001111
110101110
001001000
111001011
001010101
111101011
000111100
111100001
000000011
110101101
000111111
110110000
000111100
111000010
111010010
110101010
111111001
111010010
000000010
111001110
000100001
000000101
001101000
111100011
001000010
111000011
000000111
110101110
000001111
110110101
000100011
111010110
000111101
111100111
001010110
111000110
000101101
111000101
001010010
111000000
000010111
110011010
111110010
110101110
111111101
111100010
001001011
111101100
001101010
000001101
001010011
110111111
111111000
111011010
000010111
111101001
000010101
110101100
000001001
111010101
001000110
111011001
001010011
111010110
000111111
110101110
000000110
111011111
000011001
111011010
000100110
111011011
000111011
111101010
000110000
000011010
001010110
000111101
001010101
111100100
111110000
110011101
000110101
111000001
001000001
111011000
000111001
111110010
000011110
111000000
000111001
111110111
000001101
111001011
000101110
110101001
000011101
110110100
111111001
110011111
000110010
110100110
000010110
111100100
010001000
000011100
001001011
111010101
000101100
110111100
111111000
111100011
111110111
111100011
000101111
110101111
000111010
111101100
000000010
110100111
001010100
111000011
000000101
111110010
000010001
110111110
001010101
110111111
000010000
111110001
001001011
000011111
010010000
000010000
001001100
110101011
111100111
110011101
111101100
111101011
001000100
111001101
000000111
110101100
001000011
111000001
001000111
111011011
001010011
110110110
000100010
110101110
000101001
111001111
001010011
110111001
111111110
110101000
000110111
000000100
000111011
000101110
001010001
110010001
000000101
110100100
000101100
110100110
000000011
110100111
001001011
111111101
000100111
111111111
001010011
111101111
000111111
110111110
000110100
111000011
000101001
111110100
000100010
111100111
000010101
111010111
000111011
111110101
001010101
000001000
000101111
110101110
111011001
110001000
000000011
110100100
000010111
111100110
000110011
111001011
000001010
111010100
000110101
111001110
000101100
111010000
000111111
111101001
000001011
111001101
000110010
110101010
000010011
111010110
000101010
111100111
001111110
111011111
000101010
110110101
000001000
110010000
000011110
110100001
000101101
111101100
000101101
111110001
000011000
111101100
000111101
111011011
000111111
111100110
001010010
111100111
000110011
110101000
000001111
111101011
000000001
111001101
000111101
000011000
001101000
111010001
111110110
110100101
111011100
110000011
000011000
110011110
000101111
111001110
000100111
111001101
000100110
111101101
000110101
110111111
000100110
111100110
000000111
111101010
000010010
111011111
000011011
111011100
000110110
110110000
000101000
111101000
010000000
111100100
111110110
110101111
000011101
110011001
000110010
110010100
000101010
110111101
000110010
111000110
001001010
111100100
000000111
111101000
000101111
111000010
001010011
110011100
000111001
111101101
000010010
111100101
000001111
111011111
001010000
000100111
000101011
111100001
111100111
111011101
111110111
110111010
000010100
111011010
000000001
111001001
111110111
111101110
001001110
110111110
001000100
111000010
000000100
110110010
001010001
111000001
000101101
110101111
000111010
111011101
000000010
111001110
001000100
111111000
000011001
110101010
000011011
111100111
000101011
110110000
111101111
111010000
111101100
110101111
000010001
111010111
000000111
111100011
000110110
110101011
000000100
111011110
000111000
111111001
000011010
111010100
000110110
110101110
000011111
111001110
111010111
110110010
001000011
111101111
000000001
111000001
000111011
111000000
000111101
110101110
111110010
111100111
001001001
111110011
001001011
111110010
000110100
110101101
000101011
111101111
001001110
111011111
001000000
111011001
000101101
110101000
111100111
110110001
111101000
110010100
000011111
111000111
000111011
000001001
001010011
111011010
000000110
111000011
001000010
111101010
000001101
110101101
000011101
111111111
000000101
111110001
000001111
111000100
000001010
111011000
001011111
110101111
000001010
111000100
000001011
110011011
111110010
110100110
111101100
111010111
000111000
111100100
000100110
110111011
111111110
110011110
000000001
111100001
000101001
110101011
000101110
111001001
001001110
110110111
000110111
110101011
001010110
110111001
000110010
111100110
000000010
110110111
111011101
110011011
000011000
110010111
111111000
110001010
111111000
111000111
000101100
111001010
000011011
110111000
000010100
111011000
001000001
111100100
001000011
111110000
000011000
111101010
001000111
111110100
000000100
111011001
000000001
111101101
000000001
110110010
111101111
110110000
111101001
111001100
111111100
110011011
000101101
110110011
000111001
110100111
000011111
111101011
000101011
111000000
001011001
110111111
000001110
111000000
000000100
110101111
001010000
111100101
000001101
111000011
000100111
111101011
000000101
111001111
000010101
111100011
000000100
111010011
001001010
111101010
000101111
111101011
001010011
111011111
001010001
111000011
000011010
111100111
001010001
110111011
001011001
110110000
000101100
111110011
000110111
111010000
000000101
111010011
001001011
111101110
000010001
111100111
000100100
111100111
001000110
111000011
000110001
110101101
000000110
111010101
000000111
111000100
000111010
111111010
000000001
111001110
001000010
111100100
001001011
111000111
