000111001100
111111011110
000111010110
111011010111
000001000111
110110101001
000101001100
110101011011
000101001010
110110100110
000110011100
110111011101
000001010001
111010010110
000000111010
111111110101
000010011000
111111100101
000011000001
111100011001
001000001111
111111101011
001010011100
110101111011
000000011101
111010010001
001000010101
111101000000
000011101010
111010000010
000100111000
110101001010
000110011111
111110111110
000100000110
111000000011
001001110001
110110000000
000110100001
111011010000
000110111101
111101010101
000001101000
110110110100
000111011101
111101010001
001001000101
110101111100
000010111110
111110111101
000010010011
111111110101
000001010110
111110010111
001010001000
111110001101
000111010111
111000110000
000100110011
110100111110
000010000001
110110010101
001010011101
110110101001
001001001000
111010101110
000010111001
110011111100
111111001101
111100100001
000000011001
110011101010
000000000100
111001100101
000110011000
110100100011
000110010111
111001110000
001000110000
110101100101
000110100000
111111100000
001010010011
111000001011
000010001001
110110110010
001001101000
110110011111
000101010001
111100101101
001000110011
110111000000
111110111110
110100100110
000001100101
111010101000
111100010000
110000010001
000011011011
110101001101
000100010011
111001101100
111111010001
111011001011
000100111001
110101101000
000000110110
111100100000
000011101010
110101100101
000010101000
110101111101
001010111011
111110010010
000110101100
111110001001
001010111111
111010101110
111111001111
111000111010
000101101100
110100010100
111110101000
110011011101
000101011101
111000011101
001000001111
110110100010
000101000100
110101111111
000000111110
111110000000
000011101011
111110000010
000101000000
110101111110
000000100011
111010000000
000010100000
111100000111
000101001010
111010111000
000010101111
111011001001
000110111111
110110110100
000110001010
110111100011
000000111001
110111110001
111100101101
111100001010
000001010101
111011010100
000111010001
111101011100
001000110010
110111101011
001001001001
110100100111
001000011011
110101011001
000011001010
111101101101
000000110101
111000001000
000000100000
111110101010
000010011100
111100111101
000101001110
111000011101
001000011011
111000101001
000000011000
111010101001
000100011001
110111000001
000110000011
110011010100
000001000010
110001100110
000110100001
111001010101
000100111101
111001000001
001001100110
111010001001
001010000110
111001100010
000111011010
111000010101
000101100101
110100001000
001000101010
111000000100
000111100110
110110100010
001001001011
110101111101
000001100001
111101001101
000101110001
110110001110
000001101000
111001100001
111111101101
110111111100
000001001111
111100010101
000001001010
110110111010
000001110000
111101011111
000101000111
111110101110
000010011010
111100010101
001001110100
110100010000
111100110111
110110011010
000100011111
110111010100
000111000001
111100101011
000100111111
111100011001
000001101101
111101010101
000011011000
111111010010
001001001100
111001111011
000000110001
111000100001
000011110011
111100011000
111110001010
110011001100
000100100111
111101110111
001010101100
111100011011
001000001000
000000011011
001000000110
110011001111
000000000100
110100101100
000111010000
111000001000
000010000111
111101000001
000100110100
110110011111
000110011110
110111101010
000011010100
111100000100
000011101001
111110010011
001001110000
111000011110
000000001010
110110111101
110011000010
110100010010
001010001110
000110001101
001011011011
111011010010
000001000011
000011001000
000100110110
110100001010
111011000000
110000111000
000110101010
110111111000
000100011111
111010000110
000100000100
111001000110
001000101011
111000101001
000111010001
111110011001
001000010011
111011010011
111110011011
110100010100
000010001111
101010000111
110110100101
111000011011
001110101111
001010010101
001100111010
000100100000
001011101101
111100101011
000110010010
111001101110
000110010011
111001101001
000011010101
111110110011
000001010100
111110001001
001000010111
111001111001
000111011110
111110111100
000010000001
111011011010
001001001010
111001001110
000101111000
110101111000
111011010010
101110010111
000110010100
000100111111
010100011001
000110100100
010000100000
000011101001
010000100001
000110100000
000111101011
110101011100
000001101111
111101000011
000101111101
111110000110
000100110001
110101000010
000010011001
111001001010
000000011110
111111000011
111111010110
110110000010
111111011000
111101111011
111110101110
111000111100
000000001001
111010110011
010000001000
000111000011
010100000010
000101010010
010000000000
000100010101
010010001001
000101000001
000111000010
111001010111
000110111111
111010110110
000100100001
111111111010
000110111110
110101001010
000001101011
111110110110
001001101010
111010010110
000100011111
111100101101
000010010000
110110011011
000000001000
110010001111
000100101111
000000011100
001101100001
000011011110
001101101111
000100101111
001011001011
000111001111
001010010001
111001100100
000011111110
111000010111
111110110011
111110111100
000110100110
111111010010
000101011110
110100110111
000000101110
111110101100
001011110100
111110011111
000001101010
110100100010
000001110111
110010101001
000010010100
111100001010
000111000010
111110110000
001101001110
000010011110
010001001001
000011011001
001111000000
000011010110
000101111110
110011111111
111100010110
110100001100
000011101011
110100101010
000111001001
111110110010
001010010100
111101010011
000001111001
111011111111
000100111001
000000010001
000111110100
111110000000
000100110110
110100100010
111001101111
111111100011
001011111110
001000001101
001100001100
000011010101
010000001010
000011011010
000010010110
111001001010
000011011010
110011100010
111100011001
110001101110
000010101111
111010101000
000010101010
111001101110
000010001111
110110000111
000111011111
111111011011
000011010011
111011010001
001001001110
000000000101
000111000110
000000011010
000101000100
111100111110
010000110101
000011110011
010001000010
001100010001
001110100000
000000111001
001000001110
111000111101
111011110001
111100000101
000010000000
110100001111
000100101010
111000101110
000101100111
111001101101
001001001100
110111101100
000001010101
000000010111
001000101110
111010111010
000010100000
111100111111
001111100100
000000101000
000101010100
111110010011
010010011111
000111110111
001100111101
000011011100
000111110100
111011010110
111111000001
110000001111
111010011011
110011110001
000001100101
111010010110
000100101011
111111001011
000000100011
111011001110
000101110100
111001110010
001011000000
111101000111
000011111011
111111111111
000010111001
111000000100
001110110110
000001110100
001101100001
000011101000
001111100101
000010011101
000110000000
110101111001
000001000111
110001110101
111010110011
110000011100
000000000001
101111010001
000011111101
110100100111
000100111110
111100110011
000011010010
111110110110
000011001111
111100000011
000101111011
110111110011
001001111001
111001000111
111110101110
111011111111
000011100111
111010100001
000001000101
110111010011
111100010111
110000110000
110111011110
110101010000
111101011011
110011100100
111011001011
110101100111
110111011100
110110000100
000101011011
110110010001
000011100010
111010100110
001001010100
110111000001
001000110000
111110011011
001010001000
111111101011
000101101110
111010000010
000111100110
111000000010
000010001010
110110100111
111110000011
110000110001
111011111101
101110101011
110110010111
110100100010
111111000101
111001010011
000010101111
111000010101
000001100011
110100101011
000000010101
110110111011
000010010100
110101111101
000111101000
111010011101
000100100101
111010000100
000011010101
111101111110
000110100011
111110011111
000011100101
111011111001
000001011110
111010011110
000101010010
111000101100
111110111011
111100110110
111111101111
110111100110
000110001011
111000110000
000010100000
111010100011
000100001111
111111101000
000110000101
111100110001
001001000000
111000110011
000001000110
111111111110
000110010110
110111001100
000101100111
110100110101
000010101000
110111001010
000100100111
110100110111
000111010100
110111111010
000011000110
111100001101
000101011010
111010000100
000100100001
111010001100
000110010100
111011100101
000111000000
111000100000
000110010100
111000001010
000010110000
111101101100
001000011110
111000100110
000101110100
111001101011
000011101010
111001000111
000110011001
110101111000
000011101001
111110110001
001010011100
111000101000
000110010010
111001000000
000100000101
110110101111
000110000110
111010010101
000111011110
111110100101
000100110011
110111011010
001000110110
111100000011
000000011111
111110011111
000011001011
111000111001
001011000110
111100100001
001010110111
111000001011
001011000110
111010100011
000010111111
111100100001
000000111111
110110101101
000010011100
111010110001
001000010101
111010100001
111111101000
110111101110
000000001010
110011011001
000001010011
110100010000
000100011011
111010110100
000100011011
111011111111
001001011100
111100110101
001001011010
110111011001
000110011111
110101011100
000110011101
111010010000
000010111011
111001111001
000010011001
111101001011
000000001111
111010011100
000110010011
111101101101
000010110000
110110010010
000110110111
111011111111
000110101001
110011110010
001000000011
110011001011
000111101110
111000000001
000101000100
111001011110
000111101011
111110110010
001010011111
111011100010
000101011101
111000010011
000011000110
111111100000
000111000010
110110011101
000110010000
110110000011
000100011111
110111010111
000001011001
111010111100
000010010010
110111010110
000100101010
110111000100
000001111110
111010011110
000101001101
111000110101
111110010000
110110000100
000010101100
110110010001
000011010011
110110010110
000100101110
110101011111
001011001010
111100001111
000100001100
111010101010
000000010010
111000101110
000101110110
111000101100
000101101001
111111000110
000110000101
110101111001
001001011010
111000001101
000011100100
111110100111
000100000110
110101101010
000110110111
110101101101
000001000001
111011001010
000010010110
111110000111
000001101010
111001101011
000000000010
111011000111
000100110000
111011010100
000100010000
111011010011
