000011000011
110111111111
000101000100
111011001001
000010011111
111100010110
000001111100
111101000101
000000010001
111011111010
000011000011
111001011111
000101010111
111111100000
000000011000
111100000101
001010100110
110111110010
000011011001
111000000001
000101101001
110101101011
000000001010
110110110010
001000010010
111010110010
000110001010
111001001101
000000010111
111000001011
000001000111
111100100111
000100101001
111001110101
001000001011
111000101100
001001010101
110101011101
001001101111
110101011010
000010110111
111101111100
000101011100
110111100011
000010010010
111010000011
000000111101
111110000100
000010011011
111011000011
001001100101
110111100101
000011110010
110110010000
000110011101
111111001010
000011110001
111110100110
000111101001
111011111000
001001001111
110111001111
000111010101
111100100111
000010100011
111010000101
000111101100
111100001111
000010100000
110110110100
000000000110
111000001001
001000111110
111000010110
000010101100
111100111100
111111111000
111001001001
000010001101
111011101110
001001110000
111110011010
000001010010
111101100101
000000001001
111000010001
000011010001
111100000110
001001001001
110101010100
000111111110
111000100000
000111001000
111010100101
001000101011
000000011001
001011110111
111100000001
000101100001
111111011000
000110010100
111010110000
000110110001
111000101011
111101011001
111100100011
000100011111
111101011110
000101101101
110101111000
000101011000
111011100000
000000011111
111001010110
000110111100
111111011011
000011011000
110110110011
000101111101
000001010100
001100100101
000011001100
001110101111
000001000110
001110100000
000001111000
001101011100
111111110001
000101111111
000000010111
000101011110
110110100001
000010100011
111001110101
000000110101
111000101011
000001010110
110100110011
000110011011
111000000100
001010000010
111111011001
000001010001
110101101110
001000001001
111010100110
001111110010
111011001010
001011011110
000000110111
000110110100
000001001111
001001100111
111101010001
000101100101
000100111111
000111111000
110111011011
000110011101
111000111000
001000010000
110101001100
000011110100
110110100011
000111101101
111110101011
001001000001
111111001011
000000110000
111011100100
001000110011
110101111011
000111111101
111011101111
010000110110
000100100110
001010010011
111000111101
000100011100
000000111010
001000101111
000111010011
001101101111
111010101110
001010111111
110101111011
001001111011
111101011100
000111111011
111100101000
111011110010
110000101010
000101110110
110110001101
000000111111
110110100111
001000111111
110101101010
001010100110
111000010101
001001110011
111111111111
010000001011
111001110011
000110010001
111001110101
001010111110
000001010111
001111110011
111111011011
001011000001
110101101100
000110000101
111010000011
000110100010
111000111001
000010100011
111001011010
111110000111
101101110111
000000101101
111011110101
000111110110
110111101100
001001101101
110110111001
000110111110
111010110010
001111000111
000001111010
001011100000
111111101101
000000111101
111100101101
000111101110
111010001001
000101101011
111101101100
010000010101
111110000111
000111000010
111100111001
001001000011
111101111100
000111110011
111011000000
000000101011
101101110001
000001100010
110101011100
001000000000
110111000111
000111111111
111010101001
000110001000
111011100000
001000010011
000011001111
000011001010
111011101010
000000100001
110010001110
111001100011
110001100011
111001001000
000000100110
010000101111
001101011000
001111110001
111110011101
001100101011
000001000001
001100000000
111000111001
111100010100
101111111110
111000111110
110110111100
000011111110
111111110110
000001100011
111110001110
001001001110
111000010101
001010000001
111100110101
111111100011
101101100111
110110000100
101100101111
110011010101
101100010010
110100010100
111000110100
010000110110
001001001001
001010111110
000011110010
001110101001
111111010110
001011011000
110110111100
000000011000
110010011111
000000110010
111001101011
000100001011
111100000010
000000000011
110111010011
000100011110
000000010000
001100111010
111011001100
111111010100
101011110011
110010010100
101110001111
111010010101
101111101001
110100101010
110010010001
001011101111
000101101101
001101101011
111110110011
000111001010
111110010110
001011101001
110011110101
000100011000
110010000110
000100001110
111101000100
000110101010
110101111010
000111101011
000000000011
000011010001
111001011000
001010000000
110100100001
111010011101
101100000110
111010101010
110001110110
111111011100
110111001010
111000111111
101111011101
000001101100
000011001011
001001101111
111010000010
001010001111
111110111000
000001111111
110000010010
111001000001
110010011100
000100001111
110101101111
000100000010
111101011110
000010001111
110101010010
000001110011
110110101110
001010111010
110110100000
111010111010
101110011100
000100000010
111011000010
000011001111
110010100001
111100011110
111000001000
001110001001
111111000001
001010100001
000110010110
001010111001
111101101001
000101011011
110100110110
111011000111
110010000110
111111111001
111011111110
000000111111
111111010101
000011100100
111011011111
000011011000
111010110110
000100011011
110111100110
111100111111
111000110011
000111111100
111000110101
111111000001
110000101010
111110010110
111010100011
000111101111
111011100011
000111001101
111110100101
000100000011
110111011100
000011011111
110111010110
111101110101
110101001110
000000101000
111100100001
000001100011
110111100011
000111101110
111110100110
001001001111
000000100111
000110011101
111110011101
000011101011
110110110001
000111000010
111000001010
111101011010
110010001100
000001111111
111101000000
000011001011
000000010011
001101101000
111101000000
001000110000
111100111001
000011111101
111010000111
000010101011
110101110111
000111001101
000000010011
000101010001
111110101110
000101001111
111011001001
001001111011
111110111111
000111100000
111010100011
000011101110
000001001110
001000101001
110111111110
000011110011
110100101000
000100000110
111111010101
001001111111
111101110011
001000001010
111010010011
001000000111
111100100111
000111111110
111101011110
000111000001
110111101001
001001000111
111110100110
001001101110
111011100110
000110000111
111111011100
000110001100
000001100111
000111101101
111110001100
000100100001
000010011111
000000011100
111010000000
111011101111
110011110011
000010100011
000011100111
001010000101
111110000010
000000111111
111011110100
000000011001
111000110101
001001011101
110111010000
001101001100
111110010000
001011000001
111111100001
000100110010
111100000101
001000010100
110100111010
001000111011
111111110110
000011011100
111110111000
000101010011
111011011011
000101100110
110111000000
000011000001
110101110111
000111000100
111100111011
001111000101
111000000010
000011101101
111001100001
000100011110
000010000011
000010001010
111001111100
001011001101
111001001111
001010000111
111000110111
000101011110
111100010001
000010010000
110111100111
001000011110
111001111011
001100100110
111011000011
000011000010
111001011100
000100001110
110111110000
000001101001
110110010010
111001011011
110111001011
000101111100
110110101101
000100110010
111101011001
000110010010
111111010010
000101000100
111110101101
000110100100
111101110011
001010010111
111101001011
000101100110
111011100101
000011001001
110110000000
001000110011
111111100100
001110000110
111110010110
000100110110
111100100000
000101011110
111000110000
000000100001
110110001101
111001101001
110101111011
000000001101
111110100101
000101001001
111011010000
001010110101
111001001111
001011100011
111001100111
000100110111
000000000100
001010100011
110111010011
001000011100
111010100000
000011011101
111110000010
001010001110
111100011101
000110100000
111110110010
000100101000
111100001100
000000000010
111010011001
000000100011
110101101000
111011110001
110110111010
000010100011
111010110111
001001100010
111000101101
001000111101
000011001100
000111110000
111011000001
000001101001
111100000000
000011010010
111100101001
001001011010
110110001001
000010111101
111001101100
000100010010
111011001100
001011101101
000010010001
000111111010
111101110000
001010111110
111100011111
000101100010
110101111000
000000100101
101111011000
000001001001
110010010001
000110110001
111010000110
000101100000
111100100010
000111110111
111001010000
001000101000
111101111011
000011010100
111001011111
001001100111
111011100101
001010111111
111000010110
000011000111
111101111011
000101010111
111101000011
001111011011
111011101001
001011100110
110101100000
000100111011
110001111110
111010101111
110010011101
111110100001
101111111101
000100100110
110111011000
001001011011
111000010101
000100010111
000010001010
000100010010
110101110011
001000100000
110110011110
000010100011
110100111010
000101011001
111111010011
000100010101
111010110111
001001110110
111011111110
001101001111
111011101100
000111001101
111011000000
001000010000
111010001011
000001000011
110101111110
111110111011
110100111110
111110101101
110110011101
000100101000
110100011100
000101110011
111100100110
001000010101
110111100111
000101000010
110101100010
000111110000
111110000000
001001001110
110101110111
000001111010
111100011110
001011000101
111010101001
001001111110
111001111111
000100101010
111100000001
001000000010
111010110000
001011100010
111000100010
001000010111
111010010011
000100110100
111000001110
000011100011
111011011110
000110001001
110111010111
000101110011
110101111000
000010110111
111101111000
000111010000
111000010000
000001101101
111100010000
001001110000
110101000101
000010101110
111111101101
000011101001
111110011010
000111011101
111111111001
001011000100
111000010001
000111001000
111010010110
000101011100
111100000011
000101010110
000001000101
000001100010
111000001111
001001001011
111110000010
000011101111
111101000110
000000010111
110110110110
000001110011
111100110011
000000001010
110110111110
001010111101
111110001001
000001100101
110110100001
000001100111
111011110011
001010000011
111011011000
000110110001
111010110100
000101101011
111010101001
000011101110
110101010011
000010000111
111001100000
000110000101
111010111110
000111101001
111010001111
000010110100
111010110011
001000001111
111001110110
001000001011
110111011010
