001001111111
111111011010
000100010001
111000001100
000000010110
111001111000
001001011001
110110001010
000111101101
111101100011
001000100110
111110110001
001001000100
111101001100
000110100001
111100011001
000110000101
111001100011
000101001101
111110001011
000001000000
110101101010
001001011010
111001000110
000001110011
111100100100
000011111101
111000000011
000000011010
111110101010
000000110111
110101100111
000001111100
111010111001
000111000000
111101101110
000000000010
111010110100
000000111001
111000001011
000111100101
110110011010
001000110111
111010010101
000001001001
111011101101
001001000101
111000110011
001010110000
111100111000
001001000000
111111011011
000010010001
111000110001
000111011111
111011111100
001010101011
111111110001
000000110100
110100111011
000001100101
111110010110
001010010001
111100011001
000110110100
111010000000
000101101100
111001000001
111111110011
111000111101
000010011111
110111001010
000100000000
111101111000
000001010011
111001100000
000101000101
110100110010
000010000010
111010111101
000011000000
110100111000
000101100110
111010101111
000111001010
111110001001
001001010100
111001010111
000010000110
110101111111
000110110001
111100100100
000001001000
111011011111
001000001010
111001101001
000001100100
111111001010
000011100111
111111100000
000111111011
111001011100
000111110101
111110010010
001000011110
110110111111
001000111001
111110001010
001001111101
110101100010
000110110010
111110001011
001010011000
111110110110
000111000101
111001101001
000010111111
111011000101
000010001101
111011101100
000101010011
111001010111
001001100111
111100011100
000011101110
111011010010
111111100100
111011000000
000101010100
111011010100
000010100111
111011000110
001001100110
111111110011
000110011010
111001110100
001010100011
111100011001
001000000100
110110100100
000010011011
111100001111
000000000100
111110011110
000101000110
111001100001
001001011010
111010110000
000011111110
111010010101
000011110110
111100000010
000101101000
110000011011
000101001100
110111000001
001001100001
111001100101
000001001000
110101011100
000010100000
111100000110
000110001110
111111101011
000101001011
110101110110
001000101111
111011100000
000001010110
111010001011
000010101101
111100011010
001001110010
111110100111
000111100011
111111000001
001011100101
000000001101
000000111100
110001001011
110110011100
110000100000
110011001010
101110000110
111000100101
110110000100
111011110010
110110100111
000000110010
111100001100
001011100110
111101110100
001100110000
110111110100
001001100010
111011000010
000110110001
111001001000
001001011100
110111111100
000001100000
111111111001
000001011110
110101011110
000010110111
111010010110
111011011100
101111110111
110101010110
101101110000
101111101011
101011011010
110000100110
101100101110
110110011010
110100001110
111101000101
110111100100
000101110101
111111000000
000111100011
111011000011
001010111011
111011000100
000011110111
110111100100
001001111101
110101001111
000100000001
111001000110
000111101010
111010111011
000101111110
110110111101
111111011100
110100000110
110111101110
101111001111
110010010000
101001110100
110001110111
110000111101
111011101010
111000001001
000011001000
111111010010
000001000000
111101010011
000001111010
111110101101
000110100000
111010010010
001001001011
111010100011
001010110001
111101110101
000011100011
110111010001
111111000110
110110000110
000010000000
110110001010
111010011001
110100010111
000011100001
110011001011
110011001000
101101100011
000010010100
110111010110
000001011110
111100001111
000100001111
111001100101
000111100011
110100101100
000110110111
111110100001
001010000011
110111101011
000100001111
111010100000
000011000100
111101000100
001010010110
111011111100
111110000110
110111011101
111100100111
110111101000
000001110001
110011101110
000010001010
101101111110
111010001110
110101100101
001000010111
111011110101
000000101100
110111100001
111100101011
110111111000
111110101110
110010100001
000111101001
111100000011
000101010001
111010000100
000101101110
111011011101
000011000011
110101011100
000111111010
110101010010
111001001001
110001011010
000010111000
110101111100
111111010010
111000100100
001011111110
101110100010
111000111100
111110001010
001101001100
111010100010
000001100011
110110101011
111110000001
110011010101
111100100110
111001010010
000101101011
110111000010
001001100101
111001101100
000001010101
111100001001
000000110100
111000011101
000101001011
110110011111
000000110100
111001010001
000111111011
111001000100
001000101111
000101101101
001011010001
111000110111
111101100111
111010110010
001010000101
110100010111
111001101101
110100010010
111000010100
111001010100
000100010011
110011111110
000100110001
111110000001
001010000010
111110000111
001010011011
110111000100
000111111011
111110010000
111101111100
110101110010
001010100011
111100000010
000111010001
000011010001
010000001111
010010000001
010101000011
000010100001
000011001011
111010000111
001001111010
000000000110
000011001010
111001110000
000110001111
110101111111
000111001000
111000001100
001100100001
111100100101
001001000011
111100001001
000110100011
110111110110
000101101101
111001011100
000011111010
111111100000
001100000110
000010011000
001010100011
000110101100
010000100100
010000101101
010010001010
000001100100
111110001100
111101010101
000101001101
000011011001
000010110100
000000001001
000111010001
111010111010
001110001001
000010000001
001010011101
111011110100
000000111110
111000010000
001001001111
110101111101
000000100111
111100011100
000111000011
111100110011
001111001110
000100010000
001110100010
000011111011
001110001101
111111010111
001111001101
000000110101
001001101111
001000100100
001010110011
111111000011
001001010101
000010111001
001001011011
000000101110
001000110100
111100100011
000100111110
111111010100
001001001000
111110001110
000101111100
110101110110
001001100001
111101010100
001001111101
111010110010
001110100001
000000111001
001001010111
111100011011
000101100010
111110101010
000011110010
000010110111
010001001100
001000111111
001111001101
000100011001
000100110110
000100000000
001011111101
000000001111
001100000111
000010011110
001101101001
110110111100
001001110000
111011111001
000000100000
111000100011
000110000111
111010010111
001001010000
000010100010
010001010111
000101001011
001001100011
111001111010
000101000101
110110101111
000100110000
000011110101
010100100111
001000100100
001111000110
000010100001
001001011100
111111000000
000101100111
111110101011
001011011001
111010011001
000011111001
111100001010
000000100110
111111011010
000100100010
110110001100
000100110110
111011101110
001000101110
111010111100
000110110010
000110000100
001001011110
111000110111
000100100011
111001001000
001110001010
000101101101
010000011100
001100001011
001110100001
111110010000
000111110011
111010101001
000001011100
000000110111
000010110000
111111000101
001011101100
111001001000
000100111111
111000011000
000010100101
111010110011
001000000110
111001100100
000101100101
000000110000
000100101000
111001011000
000100001111
000000011101
001010001100
111101100100
000101011100
000010010010
001100000010
000010111000
001011011000
111110000011
001000000010
110111111101
000010001100
111011001010
001010100111
111001001110
001000010000
110110011100
000101010101
111111111000
001000011000
110101110110
000111101111
110101001001
000011110011
111001110001
000110110111
111000111101
000111011000
110111110001
000101101011
111010101011
001100000001
111100001000
000101010100
111000101100
111110010110
000001001111
000110000000
110101101100
000010000000
111010111001
000011001000
111111111000
001000111010
111101001011
000000101011
111111101000
000010111111
111010001101
000000100000
000000000010
000011100111
110100000011
000110101111
110100000000
111111010000
110100011101
000001100110
111000111001
000010010111
111101001100
000100010011
111100010111
000010000000
111011101100
001010000101
111000010001
000101001000
110111011010
000101011001
111011101111
001010100010
110101101001
000110000001
111010000010
000010101001
111001011011
000110010101
111010100001
000000010110
110110010010
000000101001
110100011001
111100100100
110001010101
111100000011
110101011000
111001000110
110010111011
111100101000
110100100011
000001111011
110110111010
000011011100
111001111000
000011010010
110111101001
000000111111
111001001010
000001001111
110101111110
001001000111
110100111001
001001011100
111100001001
000101111000
111111001100
001010000010
111101011101
000011000111
111001111011
000000101000
111000000111
000000010110
111001000111
111010110010
101111000010
111110100100
101110110010
111111101001
111111101100
111111100011
110111011011
000111010001
110100101111
111101000111
111000010011
000010011000
111011100110
001010000101
111100001111
000011001101
111000000011
000011101100
111110100011
000000011100
110110001111
000000110000
110001100101
000101001100
110010110000
000000010000
110101100101
000010011100
110110101000
000100101000
110110001111
000000010011
111001010100
111111010000
111010001100
111110110011
110101101010
000011110011
111010110110
000000110011
110111011000
001001000101
111100011111
000001110110
111000000101
000111010011
111010111110
000100100111
110100100111
000100111101
110111001011
000010010100
101111110000
111111011011
101111110000
111011001001
110011000100
111111000010
110100001000
110111011001
110100000100
111110100100
110001000001
111110010001
111000011001
000100101110
110100010101
000110000101
111100010011
000011010000
111000110111
000001001101
111110111011
001010101010
111100111101
001000111001
111000111111
000110110111
111011100001
000010100010
111000011001
000010111111
110100100011
111001110100
111001000011
111011100111
110010111101
000000110100
110011100000
111011001100
110011001101
000101101000
111101010011
000010000010
111100000110
000010101010
110101111000
000011010000
110111000111
000010101001
111001100010
000100110101
111100001010
000111100011
111011101101
000110111001
111010100110
001010101001
111011110001
000111001011
111001000010
000110001000
111010111100
001001110111
110111101001
000101110101
111101100110
000011110010
111101100011
001000101100
111010011110
001010001100
111001011100
000110000110
111110001100
001010010010
110111010000
