000001111100
111010111011
000011110010
111100100011
000101111100
111011101000
000111010111
111100010100
000001010011
111110101011
000001011111
111111100100
000111001001
111000001100
000000110101
111110100111
000011000001
111011101010
000100101010
111001011101
000010110001
110101000001
001000011101
110111011001
000001101110
111000111011
001001000110
111110110001
000000100110
111111010111
000000110100
111101011110
000101101110
111011011011
000110000000
111111100101
001000111110
111101110111
000100001011
110101111100
000011011110
111010011001
001010100010
110101000110
000001111000
111111101111
000000111010
111010111101
000100111100
111010101110
000000100101
111000100100
000101001111
110110111110
000100110110
111001000011
000100111011
111101010001
001000001100
111010011111
000011010111
110111000000
001000000101
110111001000
000010101101
111101001100
001001111100
000000001011
000101000110
111110001011
001011111011
111001100111
001001100011
110111001101
001001000000
110111000010
001011100010
111000100010
000101000000
111100100111
000011000010
111011000101
001011001000
110111111011
000010110001
111011001110
000011110101
111000010100
000111100000
111111000010
000001111011
110101001101
001010000011
110110001100
001000111111
111110011010
000000111110
111001011011
000011110111
111100100000
001010001101
111111101001
000100100010
111100100000
001101101001
000011011001
000111010011
110111111110
001001110111
110110000000
000001101111
111111001111
000011100111
111110010100
001000110110
111001101000
000110011101
111110001110
000010011100
111100111010
000010010100
111010010011
000000001111
111011100100
000001001001
110100001000
111111011110
110101010111
000010111001
111010000100
111111101101
111100110101
000111111101
111111001111
000010111101
111110110111
000100100001
111001000101
000000011001
111100110111
000100110111
111101110010
000011111010
110111100000
000011111010
111110001101
000011001101
110101011010
000010101110
110111110110
111101000110
110011101010
111011000101
110111011001
000010000110
111001000111
000011110111
111010001110
001100011000
000100001010
001100011011
110111001110
000110001110
111100010000
000010001011
111000000011
000101001000
110111001001
000001010000
111001110001
000000111011
111010001000
001000100110
111011011111
000100001001
000000101111
001000100101
111000011100
111101100110
110001110010
111010111000
110110001001
111100101000
111001010110
000101101111
111000100001
000110010001
110110110010
000011101000
111001110100
001001010001
110110110000
111110010011
110110100110
001000001100
111000111110
000000101100
111011100111
000100101001
111111000000
001011101100
111011110001
001010001001
111100001110
001101001110
000001111110
000110011101
110111011001
000101010110
110100011011
111110011110
110001110111
111101100011
111010010110
000010011010
111001000001
111110100010
110011011000
000001111100
111011100010
111001000010
110011001111
000100110000
111100011111
000001001111
111010111100
001010101110
111111111111
001011110000
111111001110
000110101100
111011000000
001010001101
000000111001
000110000000
111010110101
000010000101
111011100101
111101101001
110110011011
000001100100
111101111010
000101010100
111011001110
000100101100
110010100100
000011011101
110110101010
111010110000
110011101110
000010000101
111100100101
000000110001
110101011110
000111011001
000000101111
001000100010
111101111101
000110110110
111101011000
000111000100
111000000100
000011100100
111000111101
001001011111
111001111111
000010011101
110111001100
001010110000
111110100010
000101010001
111110000110
000010011101
111000110000
111110010100
110100011000
000000010110
110110100100
001000011111
111111010000
000111101010
111100110100
000100101110
111001111001
000101111000
111000010011
001010111110
111000100111
000010111000
111011101100
000001011100
111011101100
001010000010
000000111101
000100010111
110101001010
000111111100
111011000111
001000001100
111010010100
000100000011
000000010110
001011011001
110110011011
111110111111
110111100011
000010100011
111111101011
000110001001
111101010101
000001101111
111110101000
000111010011
111100000100
001011111000
110110110011
000001111001
110110111101
001000001110
111001000111
000100011110
110111110011
111100011011
110101010000
000110111000
111101101101
001001101111
111100111101
001000100111
000001111101
001010100101
111111101011
000101010001
111001101010
000010001100
110111011100
000111000001
111001101000
001001100010
111110101111
001001011001
110111000110
000101101110
111101010100
000100010101
111110001001
000010111000
111100001100
001000100010
110001010001
110011011101
110101100111
001000110101
000000000110
000100011111
111001000010
000010100101
111101110111
010001111010
111111000000
001101111101
111100010111
000100000110
111011010000
000110000101
111000101010
000010100000
111110001001
000010011100
110111001010
000111110110
000010110101
001011111010
111001011000
001000101010
000010101101
000001010101
101100010100
111000111111
111010111110
001100101001
110111001111
000101010001
110101001100
000011000101
111100010011
010001011011
001000101000
000110100100
111001000110
000010011111
110101100111
001001011110
111000101101
000100000110
111011100101
000011111101
111111001010
001100101101
000001110001
001001110111
111001000101
001010000101
111111111110
111110101000
101100111011
110110101101
110110111010
000011010010
111001100110
000010100111
111111000001
000111010111
000100010001
010000111010
001000011100
001101001001
111101001110
000111110001
111001000000
001001111100
111111110011
000110001110
111000000110
001000000010
111010000110
000101110110
111100011111
000111110100
111010101011
000111111000
110100000100
111010000101
101101011001
111001101110
111101001100
000111000100
000000110011
000111010100
111111011100
001010111111
000101110101
001101001011
000001100110
000110101010
110111110011
000010001110
110101101101
001010001001
111111100010
000110000000
110110101110
000000001111
000001101111
001001011010
000000001111
010000110100
111100111110
000111111011
110110000101
110100101110
101111101010
000000011010
111001110100
000101001000
111111110100
001001011110
000110000100
001100100101
000100000111
001001011100
111010111100
000100000001
111011110000
001000000011
111000101101
001001011000
111111001100
000110001110
110110001100
111111101100
000000000001
000110100100
000011111110
001100010010
001010001001
001111001100
111001011101
111101011101
110100101001
000111111100
000000101101
000111010011
111100011011
001110001011
111100010111
001011000000
000001111001
001011111001
111000100111
111111010110
110011111001
000101100111
111001100101
000001001001
111011111010
000010001111
110011100001
000010001001
110110000010
000010001000
110111110010
001101010110
000110001000
001101010111
111111110110
000000000010
111001010011
000101110101
110101111111
000101011010
111101100100
000010000000
111110110101
000001111001
110110101011
000100111011
111000110110
111010100010
111001000101
001000010100
111101010010
000011011000
111100001011
001000100110
111001101100
000101000000
110010001101
111101110110
110111011010
000001111011
111011111100
000110000000
111010000100
000001001000
111010111111
000110110100
111001111000
000010100111
111010011000
000100110111
111100100011
000010101011
111001010010
000000100010
110101001110
000001111111
111101010110
000111010110
111011000011
000110010001
111010111000
000111010011
110100001001
000101011000
111000001100
111110100110
110101110010
111101100111
110010101011
000011111100
111100001110
001001011101
111110011010
001010101000
111010001110
001010011111
111111011000
000010001011
110100010110
111110100010
110010110100
111100101011
111000000000
000010010100
111000001001
001001110110
110111010100
001001001100
111001101000
000010001011
111001100110
111100111110
110100110001
111110111000
110010010000
111101110010
110101011100
000011100011
111101011101
001000001100
000100101001
001110110010
111111011101
001010000111
111110001010
000101111111
111000111011
000011101111
101111101101
111100110100
110010110010
001000100000
111011011000
000011001111
111101111101
000000100111
111110000011
001010011111
110100111101
000101101100
111100011111
000000111010
110101010001
111100101110
110110001001
000100100111
111101001000
000010110111
000101100001
000101111000
000110110110
000100100111
110110011011
000101110000
110010111101
111110110010
110101000110
000101001111
111001100100
000100001110
111111100010
000100001010
111100111001
000100011011
111000101011
000100111010
111010011111
001000001101
111010011101
000010111010
111010010100
000110110110
111011001111
000101010011
111010101000
000100010110
111011001011
000100110011
111111101011
000111000100
111100100110
111111100011
111010010001
111011101000
111011100011
000011111011
110111101000
000100111110
111011000011
000000100111
110101010100
000100111110
111011010100
000010011111
110110100000
000000111110
111000011101
000100000110
110111010100
000010000100
111010101011
000111101111
111011010100
000101100001
111001001010
000010111100
111001111100
000110100010
111100011000
000011011011
110101100000
000001101000
110110000110
000110101110
111000001111
000110001110
111011000111
000010000001
111110110101
001001101011
111101011001
000000101000
111100011101
000111010000
111100110110
000010001110
111000111010
001011110010
111010101000
000101010111
111111010001
111110110101
111100010000
000110111011
111011010011
001000000110
111100001101
000100011101
110101011100
000001110111
110011010010
000011111011
111111000111
000100001111
111100001100
000110010111
110100111110
001000101100
110111101000
000000111111
111000110110
001010111101
111110011011
001011001000
111010000001
000100100000
111100000111
000001011001
111011000100
000101110111
110100101110
000100001111
111000111010
000000011111
111100011111
001001011101
111111011111
000011111001
111011101011
000111111100
110100110100
000001101101
111101011000
001011001001
111001111010
000110011100
111001101101
000101111011
111100000101
000011011111
111001000110
001011000110
111100110001
001000100110
110101100100
001010011001
111101110011
000000001111
111100111011
000110011001
111010000001
000011100001
111111001001
000010000111
111100010111
000100111010
110101101010
000011111001
110101101111
000010011111
111111000010
001010001000
111011110011
