000010010110
111001100100
000011011001
110111001100
000000000101
111000110001
000101001010
111011101001
000010111100
110101100000
000100001101
111001010011
000111000111
110101011011
000010101000
111111101011
001010011010
110101010101
000110011111
111110110011
000011101001
110111010101
001010001010
110110111101
000111101110
111010011111
000011111100
110110011110
000100100111
111110100001
001010010010
111001000011
000111111100
111101100010
000100100100
111000000000
001001101101
110110010010
000001001011
111110100100
001001000001
111010101000
000111101110
111010011111
000100111101
110101010010
000101010000
111100000011
001010001111
111111011101
000101001010
111101010100
001001001110
111011111001
000000100010
111010010001
001001101000
111011100010
000100000101
111100111110
000101111101
111100110111
001001111111
111101010100
000101101001
111100101101
001010101111
111100000001
000010000101
111111101001
000101100001
110100110000
000110010011
111110000001
000100111010
110101101001
000010100001
110110001111
000011011110
111110111010
001010011010
110111010100
000011110000
110111100100
000001100110
111011101110
000010111110
111111111111
001000110000
111000111101
000011000100
111100110110
001010110100
111111011001
000111110100
111101100000
000111011101
111101000000
001010111111
111001101101
001000000011
111110011110
001000010100
000000000010
000110010000
111111110010
000000011000
111000100001
001010001000
111011101111
001000101000
110110110000
000001110000
111110110100
000110011111
111100101011
000101100000
110110101000
000011100010
111101100011
000110010110
111100000100
001010000111
111111011000
001011001100
111111111011
000111110110
111100000100
000101111100
111010000000
001010100101
111101001111
000110111100
111000001101
000001010010
111011000100
000100111111
111011111011
000000001000
111100000101
001000011101
110111010000
000001111111
110101110001
001001111101
110111110011
000011001011
111101010101
001001110100
111111010001
001101010000
000100111000
000100110100
111111011011
000100110011
110110001011
000011110110
111111000100
000011010001
110101011100
000111010111
110011000001
111111001011
110111001111
000010101111
111010110110
001011001011
110111101010
001001111011
111111111010
000001000101
111000110000
001000111001
111101111010
001000001011
111011110110
000101100011
111101101110
000111010111
111110100011
001000010000
111110001111
001001010100
111101101010
001011001000
000000010001
000100101000
111101011001
000010101111
111011001110
000001001100
111101000010
000001011001
111011110100
001001111110
111100001101
001011000000
110110000110
000000111110
110110010101
001010001011
111111001010
001000001100
111100000001
001010001111
000100100010
001001011111
111110011110
001100000110
111111101101
000011010101
000010001001
000011010011
110111100011
000101010001
111110100001
001001011101
110111101010
000011010011
111101100001
001011111010
111011000001
000110110010
110110011101
000000010101
111010100010
000010001011
111111111001
000100100110
111101101100
001011011110
111111101010
001000011011
111111000010
001110000011
111001110100
000111010111
111101101000
000100010110
111100100101
001000110101
110111100011
000010110000
111000111101
000101010100
111000100000
001100001010
000000101100
001000100100
000000011110
000111100000
111101100001
000111100011
111100111111
000000111000
111000001000
001000110010
111101100101
001001000111
000000001110
001000100111
111100000110
000111111110
000100010110
001110001001
111101011101
000111110100
110111100111
000010000001
111000110010
000111110101
111111101110
001100001101
000010010011
000101111100
000010011000
001100011111
110110010101
000101000101
111100111100
000001001100
111110110110
000101101011
110111010100
000100010011
111001110111
000110001111
000000001110
001011100100
000000010100
000101010111
000000100110
001101100001
111100001101
000011110010
110011000101
000011000011
111010001110
000100010100
111100010001
001011000000
111001111111
001110110011
111110001100
001100110010
111111011000
000111010011
110110110101
000001001001
111111001111
000001001100
111101110110
000010000010
111001100111
001011110101
111100000011
000100011010
111101110000
001010111001
000101101110
001100101111
111010000010
000101010111
110110001111
000000100100
110111011010
000100011101
111111000111
000110110111
111111000111
000011101011
111000100100
000101001101
000000110001
000100001111
111100101101
000001010011
111111111101
000001011101
111101110011
000001001000
111110000111
000101011000
111110100111
001010111001
111101011111
001100100100
000110000001
001101110100
111110011011
111110011011
110101000101
000001001100
111100001110
000011011000
111100011010
001000001011
111111011011
000011111111
111010100100
001000011100
111101100001
000101001111
111111101110
000011000000
110110110110
000011110000
111011110110
001001100101
111011100010
000111001010
110110100010
000111110110
000001011001
000101111011
000001001110
000111101100
110101110000
111111110110
110111011011
000010111110
111011010011
001110010100
111110100010
000100000111
110111100000
000100101110
111100011001
000010111111
111010111100
000000011000
110110011111
001000101101
111010111100
001001110101
111111100110
000011001110
111110010000
000101001010
111111100011
001000001010
000010000000
001111011101
000001010001
000000100010
111010110011
000010001100
111001110110
000001000000
000000110100
001110111010
000001000110
001011111110
111001010011
001010001000
110110100110
000111010011
111110100111
000011101001
110111010001
000111001100
111100011000
000111000011
111011011010
001000111000
111011001100
000110100010
000001000111
001010000000
111001011100
000101000011
111011111000
000110010000
110111011010
000000111100
111000000000
000100010011
000001011011
001010011011
000000101100
001010000111
111110001111
000110111110
111010110010
001011011101
111100001101
000100110101
111001000101
000101010101
110111101000
000100011101
111110101111
000001001000
000000111101
001000100101
111001111000
001001111010
110110100111
001000100001
111001010000
000110011101
111000101010
000011010101
111011110000
000101101001
000100101101
001101100001
111110011000
001000100100
111110011010
000111110011
111101001011
000110011000
111110101100
001001011011
111010001001
000101011110
111101000011
000001100110
110101010100
000000110101
111100001010
000101111001
000011101110
001001011000
111001111101
000110001000
111101000001
000100000110
110001111010
000010111100
000000100010
010000001010
111100100111
001000001011
000010110100
000011000010
000000011110
000101101101
111001001000
000100101001
000000101000
000000010101
110110100110
000001101110
110110010011
000100000111
111000111110
000010101000
111101101101
001110010001
000100001000
000010000001
110111100010
000001001100
111000111010
000010001011
111011011110
001000110000
111101101110
010000111100
000011110101
001000110000
111001011101
001101001000
111001101110
001011011001
000000011011
001001111001
111101100001
001000110001
111110011001
000010110011
110110110000
001010111111
111011101010
001000101000
111111100100
000110100111
111011010010
001010101010
111000000001
001011001101
110110001111
000100000010
111100001100
000111011011
000000010011
001000011011
000000100110
001010010000
111111110011
000110001110
110111011101
000100001010
111110010010
001000101011
111111111111
000011011111
111001110100
000010110011
111110101001
000111110001
111010101011
001011000110
111010010100
001010111011
111001100001
111111101001
110110111011
000111110101
111000111101
000110101111
111011000100
001000111100
111100010011
001010000001
111111010111
001010111101
111001010101
001001001001
000000111100
000101000010
110111101001
000001110111
111010111110
000000101101
110110010101
000101001111
111011011110
000100110010
111000000010
000101101110
111101111111
111111110101
110111110101
000111000011
000001001100
000100011011
111100101110
000100000110
111011011111
001000111010
111100111111
001100101010
111100010001
001010110000
111101100010
001011001100
000000000110
000111100001
111101101011
000011101011
110110010101
000000110110
111011000000
000011100100
111110010000
000011101000
110111010001
000101110101
110100110100
000001011010
111011010000
000111100101
111001011010
001001101101
000000010100
001110110000
111011100011
000101111001
111000001001
000000111001
111101110100
001000011010
000000010010
000111010110
111111100001
001010011110
111110010110
000011110111
111011001011
000100110100
111000101100
000011010011
111010010101
000001001000
111001011011
000110111011
111000001001
111111111000
111010011010
000000011000
111000111001
000111011010
111001011000
001000111101
111000101100
000111111100
111001111101
000010110100
110011100111
000101001001
111001001001
001011111110
110110101010
000000110010
111011101111
000001000110
110110001010
000110011010
111011000111
000011011110
111111111011
000001000001
111001011000
000101111010
111101101001
000001011100
111110011011
001001010101
111101111100
001010001001
111101001100
001001110010
111101010111
001011110101
000001000111
000111111000
111101101010
000111000001
111111100011
000010010001
110101101111
001010000000
111110111001
001001110010
110101110010
000101100101
110101001000
001000110101
111111001001
000100100100
111110111001
000001000011
111010100101
001000001000
111010010000
001000111000
110111110001
001011011010
111110100000
000111101101
000000110111
000010011111
000010011001
001011110111
111001000010
000010010111
111011011011
001010100111
110111100011
000110010010
111110111110
000111110110
111010111111
000010000111
111001100100
000100000000
111000010100
000110000111
111110011000
001000100100
110101010110
000010110010
110110101010
000101100101
110110001000
000101010110
111110111010
001010101011
111110100101
000101100100
111100011111
000101000110
111011001011
000101001001
111101001000
000001101101
111001001010
001000001000
111110111111
000100001001
111100110100
000010000001
111111001110
001000001110
111011111000
000111001110
111110111111
000000101000
111101111000
000010101010
110110110101
000001100110
111010100111
000111011101
111001011000
000100110011
111110110010
001000001011
111100101110
000011101010
111110010010
000111110100
110111111101
000110101111
111110100100
001011000101
110111100100
001000010101
111000000001
001001011101
111110101111
