000011000001
111111011011
000111010010
110101011000
000100001010
111100011010
000011011010
111000001110
000100100111
111000011100
000110111010
111101111111
000111011111
110111011001
000000011110
110100111100
000111001101
111010111100
001010101111
110110001101
000100100010
111011100100
000010110111
111111111110
000000110001
111100001001
000011011001
111100101101
000000000001
111000110000
000111001111
111100111110
000111110101
111100101011
000010011001
111111001000
000110110110
111010000111
001000100100
111111101011
000010000111
111011101001
000010010110
110110000000
000001011101
111101000011
001001100001
110111000101
000111101001
110110100110
000111010001
111110110011
000010011011
110101110111
000001001111
111100110100
000010110011
111011011000
000110011111
111101001100
000000101011
111101011110
000101110011
110111010110
000101110001
111000000011
001001101001
111110110111
000011100010
111001110000
000001100011
111001101101
001001010011
111001111011
000001011001
111100011011
000101001011
111100001110
001001000010
111011110000
000000000010
111001111111
000100111110
111101010101
000100111101
111001110011
000101111000
111000010000
001010110100
111110110110
001010100110
000000000011
000100110111
111101000001
001011101111
111010000110
000101101100
111010111111
001001111110
111000101000
111111111100
111001001010
000011010000
110110111110
000001001000
111000111000
000000001101
111100100101
000100111010
111110001001
000101101110
111010011000
000111111001
110101010000
001000010011
111110010110
000101011011
111100001010
001000100001
111010011010
000110001011
111011110100
001010011110
111110101101
000111110110
111110101111
000111100010
111101000111
001010010100
111010011110
000110001111
110111111000
000010111111
110011011100
000000110011
111011101101
000000111111
111001100001
000100111100
111001000001
001000010111
110101010100
000001011010
111010110100
001001010011
110011111000
000100101111
111100010110
000100111111
111111101011
001100101000
111101101010
000111011100
000000001110
000111010001
000000001101
001010001011
111011101010
000111111100
110011101011
111111000001
110101010100
000110001011
111110001010
000110101000
111111101010
000010110010
110110010111
000110101010
111000001101
000101011000
111011110011
000101101010
110110100110
000111011101
111011001101
000111110100
111111010110
001110001010
111100010111
001100000010
110110111010
111111101010
111110010001
000000000100
111000100010
111111111010
111100000001
111100100111
111011000001
000111101001
111010111111
000001000111
111010111000
000011010010
110100101110
000100001111
111001010111
001001101000
110100111100
000010001000
111010101011
000011010000
110111001010
001100010000
000001010001
001000111101
111110100100
000110011110
111010010000
111100001010
110111110101
111111110010
110111011111
111111100000
110110111101
000011011001
110101110011
001001101011
111011100001
000010001100
111010100100
001000010111
111001010011
001000000110
111110110001
000110110011
111110110001
000111100011
111011010010
000001010101
000000110011
001001000111
111101011111
001100010010
111100000011
001000110001
111100011011
000000110100
110101100000
001000110110
111011110011
111111010100
111011101011
000010100110
111000101010
000011110100
111010111010
000101101001
110101101001
000000101111
110110001100
000001101001
110110001110
000101100100
110111001001
000001000100
000001000011
001011111111
111001101100
000110011100
000000000100
001001010110
000010101100
001011000000
111100001111
001001101101
110111100000
000101110110
000011101101
001011010111
000010111111
000101101110
000010010000
001001110001
111101111101
001001110101
111001110100
000000101101
111010111000
000010101111
111110000100
000100000100
111100010101
000010011100
111010100010
000101110010
000010101000
001101001101
000000101001
001011110001
000001111100
001000101000
111010011011
000010010110
111010000100
000111000100
000000010001
001000110111
000001000101
001100101111
000011110011
001011011111
111011101111
001001010100
110110111010
000010110101
111001001110
000010110000
111100000100
000000111111
111011011010
000111011100
111111011101
001110001000
111110111111
001000011110
000001100000
000111110011
111111011010
000000101010
110010000010
111011001011
110111000010
000010100111
110111011000
000001000101
000000001000
001111101111
000011101010
010000011010
000101011001
000111001110
110110001000
001010101111
111111001111
001000010001
111101100101
000111111110
110110010001
001000011011
111011001010
001010000001
000100101101
000110101110
111011111111
000011001001
110101010111
111010101010
110000011000
111000101001
110000001111
000011000010
110011100010
111101110101
000010101000
001111001010
000100011110
001100010110
000101100011
001000101010
110110110011
000001111111
110110001111
001001001010
111110111010
001011000000
111010100111
000101011010
111100001100
001010101010
111100011001
001000111101
111101101101
111010111001
110101001000
111011010011
101111100111
111110000010
110001100111
111100011100
110011011000
000011110011
111101111111
001000101010
111010001010
001000110110
000011001001
001001010001
111001101001
000001111001
111110101100
000101010111
111100110000
001011011000
111101001001
000101111110
111001110010
001111101111
111111011001
001010001010
111001001111
000010100001
110001101010
111100101001
110100111100
111111100100
111000000110
000111001010
111001011000
001000000110
111001100111
000111000111
111011101101
000001100001
111101111001
000010111101
111100100101
000110101110
111000100010
001010110001
111000000100
001000110011
111011011001
001100000111
111100000111
010000001101
000101000110
001101101101
111110000001
000001011100
110111010101
000101011000
110010100100
111101100100
111101010001
000110100011
111110000001
000100001010
110111011010
111110100000
110010011101
000100011110
111111001110
001010010110
111001010111
001000110011
110111011100
000000101000
111100100100
000100100010
111111100000
111111111110
000010000111
001101101000
001000101011
001001010111
000111010100
001010001010
111001001110
001000011010
110110010110
000111010001
111010101011
000110110010
000010011000
000000000010
110101010100
111110100000
110110101001
000010010110
110111110111
001100010001
111111011011
000010101101
111010010001
001011000000
110110001011
000010111000
111110100010
000001001010
111010011111
000101010111
000100111011
010001110100
001000010110
001110001001
000011000100
001111101111
111110101011
001011000111
000000100100
000100111111
111011100110
000001110011
110111011111
000010110010
110101110000
111101110111
111110111001
001010010100
111011111100
000010111100
111100001001
001010011111
111100101010
001001010011
110011000110
111111100001
111110010000
001001111011
111110001001
010000101011
001011000111
010001001111
000010000100
010000011110
000010001001
001110011100
000000001010
000011001010
111010100111
000101101110
110111010000
111101001000
110000111011
001000100110
000011100101
000111111101
111001100110
000100010100
110111010011
000101100010
111010101101
000001000000
111000110010
000100101011
111101001111
111111001110
110100001011
000011010110
111110011100
000110110111
000010010010
001001011101
111101001010
001110001111
111010101100
000110001010
110110000010
111101111100
110100010010
000001000101
110110000111
000101101110
111101100100
001011101001
000001110010
001000011010
110110000010
001001110100
111111111101
000111010010
111010010101
000010101100
110100111010
000101011110
111010001111
000101100001
111001101111
000000000101
111110100111
001000110101
111011111000
000011110110
111101010011
000010111110
111011110011
000010100000
110110010001
001000010001
111010100100
001101100001
000001110011
000111101100
110110100010
000000110001
111111111001
000000000111
110111101000
001001110000
110100111011
000101010011
111000101100
000000111110
111001100101
000000111101
111101101010
000011000011
111100111101
000000011010
111000101010
000100011100
111010101011
111110111001
111000000001
000001110001
111000111000
000100110001
111000110010
001000011101
111101110100
001001001111
000000001001
001010101111
110101000111
001011000110
111111110011
001010101111
111110101000
000101101101
110100101111
001001011001
110111110000
000011000111
111100110000
000101101100
111000010011
000100100011
000010110110
000110001001
111100011110
000101111000
110111111111
111101110010
111100010100
001001101101
111110010101
001000110011
111101011011
000101111100
110110110000
001010111001
111111011111
001001101100
110101100101
111111111001
110101000001
000111001000
110000110111
000110011011
110100111011
000111000111
110101011110
000000010010
111010100010
001000001001
110110101100
000011111101
111100000001
111101111001
111000100010
000011010011
111110011110
001010001000
111100010101
000011100011
111001101010
001011010010
111000010110
000000110000
111011001110
000101111011
111111100010
000100111111
111010100110
001001010010
111000010100
000000001010
110001101110
000001011111
111001010110
000001100100
111000111101
000110011010
110100101010
000101110110
110110010110
001000011000
110101001000
001010110101
000001001110
000101001011
111100111011
000010000100
111110001111
001001101010
111100100001
001001010010
110110011011
001011001001
110101111011
000011001001
111001111110
001010001100
110111001101
001001111000
110101010010
000000110101
111010011001
000100011001
110101111001
000010101110
111100000010
000010111011
000000100000
000101111001
111001010111
001011010011
111110110111
001001101000
111000101110
000010100011
111101101111
000000000100
111011110111
000100010011
110110010010
000111100110
111101100111
001000000110
111000011110
000001001110
111111101111
000001101010
111110101111
000111101111
111101010001
001001101100
000000011001
000100001010
111001001010
001010111101
111011111110
000100100110
110111110111
001000010111
111001101011
000111111110
111010010100
001000111000
111001111011
000010010010
111111111100
001000011011
111101101011
000100001101
111110011111
000000110111
111111011010
000011111010
110111000011
001000001000
111010110101
001001000000
110101101011
000101110001
111001101100
000000100001
111010110001
000110101000
111100101100
000011100000
111100110100
001001111110
111001110111
000001111101
111010001101
000001111110
110110001011
000000011110
110101010010
000100101110
111101010000
