000010110000
111000000010
000110110110
111110111101
001010110001
110110010010
000001110111
111010101011
001000011111
110111010011
000000000101
111001100001
001000010000
110111101011
001010010101
111110111011
001000110101
110101011010
000001001001
111100111011
000010101100
110110111100
000001000100
110111101001
000011000111
111110000100
001010100000
110111011111
000001000101
110101000001
001001011110
111100001011
000111110000
111010111001
000100110111
111000101011
000011101000
111001010001
000001010111
111111001010
000100010001
111110100100
000111101110
111111000110
001001110110
111001011100
000010010101
111000011111
000101111001
111100011111
001010100100
110111011010
000001011000
111111100101
000101110001
111011100010
000010011000
111010111100
000001110011
111100100011
000100110111
111111111100
000111010010
111110100011
000100111110
111110100011
000111110110
110110010110
000110101110
110101000001
001001011100
111111000111
000000001011
111001111111
000001111000
110101000110
000000011011
111010111010
000110010001
111000101001
000111110001
111001111101
000100100011
110110110010
000110011110
110101101011
000010011111
110111001010
000100001100
111011101101
000001000000
110110110001
000011110101
110101101001
000111100011
110010110010
000100011111
110011011101
000010011001
110110001110
000011001001
110110110011
000010011101
110101010110
111110010001
110101110000
000101100110
111101101100
000001000100
111101110001
001000101100
110110100011
001000001111
111101111100
000111011101
111100011110
000000110110
110101100011
000000100101
111001011110
000000010000
110111100101
111011101000
110001110101
000001010101
110100111100
111111100010
110010000111
000111000000
111101000011
000010101001
111010110110
001000001011
111001000110
000101101111
111011000000
000111111010
110110110010
001001000101
110111010100
000000010100
111001011001
000110111001
110111010100
000111100010
111010100111
111101100110
110010001011
111100001111
110110001101
111100111001
110111010010
000000110010
111000100010
000010010100
111101001011
001011100001
111101110111
000110010111
111100010010
001101111000
000011001101
001011111100
000011001110
000101101100
111001011111
000000111010
110101110111
000100110110
110110001000
000111100000
111010010011
000011100000
111000110101
111101011100
111000010010
111111111011
111000000011
000000111001
111001000001
000011111100
111010100011
000100101110
110101111000
111110010101
111100001011
000011001110
000001111110
001111010000
000110000011
010001101101
000011010010
001100101110
111111100000
000001000110
110101010010
001000101100
111110110000
001001010101
111100110110
001000111000
110110011111
000011101011
111000101010
000101110111
110100100000
000111000000
111010010010
111110111110
110011111010
111111111001
110100011001
111101100000
111001011100
000101101010
111010111000
001001010010
111110111010
001111101100
000110101001
001000011000
000000000010
000010101110
111000010010
000101000000
111101100100
000111011011
111101010000
000001110010
111000001000
000010001110
111101001011
000000011101
111101001000
001011000010
111000100011
001010001111
111001100010
111111001110
111000110001
111111011011
111011100111
001001010000
111000110101
001000011000
111101101110
001000111101
001001100010
001011010100
111101100011
001011101110
111110110111
001001101111
111110100000
001001100001
111100110101
000100010111
111011010001
000111011001
111010111111
001100001001
111010001101
001001101101
000110100101
000110000000
111001101100
000101011011
111010110110
000001010100
111110100011
000011001100
111001001000
000101111100
000000100110
001011110010
000111111101
001111101011
111101101011
001010011101
111001111010
000010010001
110111010010
001000001010
111111111101
001100011111
111101100000
000111100110
111111110110
001101111110
111111110101
001100111101
000000000011
010000000101
111110110001
001001000111
111000110010
111111011000
110100011100
000101011010
111000000111
111110001100
111100001110
000100100101
111110110100
001000110110
111010011101
000001001100
111000000101
000011111100
110110011100
000011110000
111010011101
001000111001
111000111110
001011100000
111100111101
001001000111
000111111011
010000001110
111111100001
001011000111
000000010111
000111100001
111011111001
000000110001
110111011110
000001110100
110110110000
111010010001
110010101101
000110101001
111111111001
001010110100
111110110100
000111100010
111110010110
001010011000
111000100011
001010010010
111101111001
000111100101
000011000100
001101011111
000000101010
000110001010
111111010010
001101000000
111101101101
000111000100
111001101101
001101011101
111011001100
000010010100
110111110100
000010010101
111010101111
111110001111
101111111011
000011101111
111010101101
000101100101
111001111110
000100011001
111010011000
000111110010
111111110110
000111100011
111001001010
001000100111
111110101101
001101100001
111111110110
001010000110
111011101101
001010000110
110111111110
111110001111
111100000100
000011010000
110101011011
111001000110
110101111101
111110100011
111100000010
000000110000
111001111100
000100010110
110111101011
000001000010
111111011100
000001101000
110111101001
000101111110
111010001000
000010111001
111100110110
000101101001
111001000100
001011111110
111111100100
000110110111
111011000101
001000011100
111000000010
111101011101
110101101111
001011110010
111000100011
111010111101
110111100010
111110101100
111000010000
000011101000
111010110001
001000011001
111001010011
000111011111
110100011101
000111010011
111000110010
001011000011
110111000001
000100011110
111001011111
000010101001
111001100000
001000000001
110110100001
000101111001
111001100000
111101001111
101110101010
111100010101
111001010000
000001010101
110101110001
111111000011
110001010101
000001101011
110110101110
000000110111
111000010001
000100100111
111101010101
000001111100
110110001001
000101010011
111010000110
001000110111
111110100100
000001110000
110110010111
001001011000
111001110111
000010010110
111011010001
111101010100
111000101111
111010000111
110001001111
000001111110
111111111010
001010100000
110100111010
000011000111
110110110111
000110110101
111100111101
000110101010
111100111011
000001010001
111010001011
001010100110
111011000000
000100001000
110110010011
000001100110
110110011011
000100010010
110100010001
001001110001
111100001100
001010000111
110011011111
111000111010
111001101010
111100011000
111010000111
111111111111
111111111111
000011000010
110111111100
000010100101
111010001010
001000000000
111101111000
000101000111
111001110100
000110000000
111111110000
000100111100
110110111111
001001101110
111100010100
001011000011
111101001111
000010001010
111100011010
111111100000
111011011000
000011101010
111101010111
111100000110
110100000000
000111110100
111010011000
000110101101
000000001000
000110011110
110110000010
000010101000
111010110101
000011110110
110101010111
000010000111
111011111010
111111110000
110110000111
000010110000
110110110000
001001010101
110110110101
000100011010
111000010001
000001100110
111001000111
001000110100
111110001110
000111111101
111110101101
001001111010
111010101100
000001101010
111111010110
000100001110
000000111111
000100110010
111110000000
000010001011
110100111001
000110010110
110110011001
111110111100
110111000110
000100100110
110110000001
000011111001
110111011110
000110001110
110111101110
000101000000
111011110011
000110010101
110100000010
111101001100
111000110000
000100000111
000010100001
000101110110
111111101111
001000000011
111010010101
000101010000
111111000101
000000011110
110111011110
111111111111
111000110011
000010101010
110100000111
111100101011
110110000011
000010110001
110111010100
111111000111
110111000000
000110000100
111011100110
000101011001
111111000011
000001011010
110011110001
000010010100
110111101010
001010110100
111110001001
001011010001
111011100111
001011000010
111110011001
000101101011
110110110111
000011010101
111101101111
000100111010
111001000100
000010000111
111001000101
000110001100
111011001000
000101110101
111110010100
111111110100
110111000010
001000111000
111111100110
000110000011
111100010100
000100011110
111101111010
000010101011
111001110001
001100000000
111001111111
001000110111
111101100101
000110011000
111011001011
001000111110
111001000100
000011010010
111101010110
001000010001
111101010101
000010100010
111001111010
000110101011
111100011011
000001100010
110110011011
000101000110
110110010000
001001000001
111010010100
000111000111
111001010100
000101110010
111100110011
001001011011
110101111011
000011001010
111101010101
001000101100
000010101110
000110100111
111100010111
001100011101
111101010100
001001010100
111111000000
001010111001
111101101011
001011000001
111101111111
111101100001
111000100110
000001100111
110100000000
000101011111
111001000001
001000000111
110100111000
000101010100
111010000110
000101011100
111110011110
000000110001
111111010110
000011011000
111101111011
111110011011
111000111010
000010011001
110110101111
000100100100
110111000011
000010110011
111001000101
000001010001
111000110001
000010000111
110111111100
000001101111
111101101101
001000000000
111011001010
000101001000
111110011000
000011101100
110100110100
001000011110
111111011011
001011000110
111101100000
000110011011
111010001010
000010111010
110110111011
000011011111
110101011001
000101000001
111000111110
000000000110
111101000111
000000101011
110110101000
000101100110
111001101000
000010000110
110100011100
000001000100
111011111001
000111011111
111000110110
000011100000
111001110111
001010100111
110111000111
000111101111
111100111010
001000111000
111011000000
000011100011
110110111010
000111001101
110101100100
000010001011
111110001001
000110101100
111000100110
001000100001
111101000101
000100111011
110111111001
000101011101
111010100011
000101011011
111101010000
001010010111
111000000100
000010010001
111101001110
001010100101
110101011110
001001010000
111101000111
000101011110
110111010110
000000100101
111110000000
000000100011
110110100011
000110111111
111011101100
000111000000
111100101001
000011010110
110110001011
000011110101
110110010110
001000000000
110101010110
000010110110
111110111001
001000000101
110111100011
000110101000
111110000101
000000000111
111001100000
001001011101
111101011101
001001001000
110111001011
