000101111110
111101010010
000110001101
110111010011
000001000111
111001111100
001000101010
110110101001
000100111010
111101110001
000000001000
111001001110
000110100101
111011011110
000101100111
111001100001
000111001010
111001100100
000001000100
111101101010
000000011001
111010111011
001000100111
111100110101
000101001000
111010100100
000011011011
111001000010
000111101011
111111011010
001000011101
111101100100
000011010100
111100100011
001011001001
111011100101
001001100001
110111011010
000010100101
111100110010
001010110101
111101010010
001010000000
111001110011
000111010000
111011100110
000001011111
111100110011
001010110110
111101011101
000101100011
111111111110
000111101001
111101000010
000011001101
111110011101
001000011010
111001011000
001000100001
111011001000
000111001110
111010001111
000111010100
110101011110
001001001111
111000101111
000011110001
111000011101
000100101011
111001101011
001010110010
111011110000
001001001000
110110100001
001010100001
111010111001
000010110011
111111001110
001000010100
111101100100
000011010110
111101010110
000010011101
110101000010
000101101000
111010010110
000001010101
111101001011
000001000101
110110001010
000111101101
110111101110
000100011011
111100001011
000111100111
111101100100
001011001000
111111111001
001010000100
111011100111
000110101100
110110101010
001001000100
111011101011
000111111101
110111111000
001001100000
110101010011
001000111010
111001011010
000001111101
111110111110
001001010001
111011100110
000000110100
111100010101
001010000100
111101111000
000110100001
110100111001
000000110000
111101000000
001000001100
111010101111
000110111010
111011101100
001000001011
111001111101
000101010011
111010000000
000000010011
111111111010
000100110010
110111001011
000100101101
111110101011
000101110100
111101001100
000001000010
111100100001
001001011100
111101000001
000100100001
111000100000
000111011001
111010101011
001011001101
111001110110
000111101001
111001110010
000110010110
110111110111
001001101111
111101101000
000011100100
111100010011
001000101110
110110101100
000001000111
111110101101
000101011000
000000000010
000010010010
110110101010
001001100111
111001110100
000000000111
111011111011
001001000011
111110110111
000111100100
111000101110
000100001100
111111001110
000011101011
111111111010
000110100001
111100110100
000110111001
111101101111
001010011000
111111101110
001100100011
111001100110
000110000110
111111001111
000011000100
111111000100
000001000000
111110000011
000011110100
111011001110
000011101101
111011011011
000011111111
111110010000
001010111001
111011111011
000101110101
110111010001
000101011000
111110000001
000101000100
110111010010
000011101101
111000001110
001010001001
110111000000
000001010000
111100011011
000010010101
110111001001
000111111111
000000111111
001000110000
000000100001
000010100010
110110111000
000010011111
111110100110
000010001011
111011100111
000111011101
111010110011
001001010001
111111110011
000110111101
110111000011
000100100001
111110101011
000110111110
110111010001
000100011111
000000100000
001000010100
111001111000
001001100110
111011100101
000110100100
111000011001
001100010101
111011100010
001001101110
111010011101
000110110100
111011100011
000111011100
111001010110
000100111100
110111111111
001001010101
111001101110
000001101100
111010011101
000000010011
110101000000
000101111101
111001001001
001001001101
110110100111
001001010110
111100101000
001001000001
111111100011
000101010011
111100111000
001001111111
000000000110
001011111110
111110111111
001011110001
110110101100
001001000100
111000101001
000110110100
111110101101
000011001010
111110101000
001001000111
111000101010
001001110110
111000110101
000010011100
111111101110
000001110010
111101101010
000000011100
111001010000
001010011000
110111110100
000110110111
111001110101
000011000100
111110011001
001010110010
111100100010
001001011000
111011000001
001000100011
111010000101
001001100001
111010000010
000111101100
111011110011
000100001001
111101111111
000110010110
111001001110
000011101011
111011110111
000010111011
111101110100
000000011101
111010111110
000010111000
111110110100
001000100110
111101111000
001001110001
111010110100
000001110101
111101111111
000101010010
000000100110
001000100101
000000001001
001001000111
111101110110
001000001111
111100110100
000000100001
111100000011
001010101001
111000110100
001000101101
111100110011
001001011111
111100010010
001001111111
111110001110
001000010000
111110100100
000100100011
111000100101
000111100111
111001110010
001010101100
111101101101
001011000001
111010101001
001100111110
111000010100
001100010010
111110011011
000010000100
111010011110
000100100100
110111110001
001010101100
000000000111
000001001000
110101100111
000100001111
111111101011
000110101011
111110010110
000011100100
111011001110
000101110011
111101111010
000111001010
111110100000
000100100001
000000101111
001011011010
110110110011
001000100001
111001111010
000110001110
111101000011
000110000010
111110000101
000101011101
111100101110
000110110011
111011001100
001011000010
110101110001
000010101010
110110001100
001010011101
111100011011
001001001111
111100100101
000011111010
111011011110
000101011111
111000110100
001001111010
110110000011
001010011111
111011101111
000010111001
111111000110
000111000111
110111010001
000101010101
000001101010
001010010110
111011001011
000111101010
111111010101
001010011110
110101100000
000101101110
111011000101
000100111101
111011001000
000100010110
111000101100
000011101011
111100011101
001010111001
111110011101
000111010100
111100110111
000111000000
000000000001
001100001100
111100110010
000010000000
111000000000
001011111110
000001010001
000011111010
111110010010
000011010010
111101101101
000110100111
110111011111
001010100011
111111011011
001011001100
110111011100
000000110011
111011000000
000010101111
111010100001
001010000010
111000111101
000001100111
111101100000
001010101111
111111000110
000100111100
111010110001
000110010101
110110111110
001000100000
111100001011
000101101000
111011000111
000101101110
111111000110
001010000110
111101000111
001001001001
110111100000
001000011001
111110010001
001000100101
111001100100
000011001111
111000001010
000100001111
111100010001
000001110011
111001000101
001001001111
111111010111
000010110010
110101011001
000011110010
111110111011
000010000101
111001110001
001001101010
111011001100
001000010011
111101111001
001101001001
110111010111
000001111010
111110110101
000100100010
111000000010
000111100001
110101101100
001000010011
111100110100
000001111010
111011000000
001010000110
111011001011
000001110000
111100111011
001000100110
111100011101
001010000010
111001100110
000100111000
111111010111
000111000110
111001100100
000100111001
111001111101
000101000110
000001010110
000100011010
110111100110
000110011010
111111111011
001011000011
111010101011
000100001111
111110011110
000100100100
110101101011
000001101110
111110111101
000010110101
111100110000
000110001001
111110010100
001000000111
111000001000
000100110000
111010110000
000000110110
111101001100
000001101001
111100011011
000110011101
111010010100
000010101000
111001101011
000101010111
111101011011
001010101110
111100000101
000100000110
111100011100
000110100010
111110100001
001010100110
110110001010
000011101101
111100011111
001001011001
111010110110
000100101001
111111000000
001000011010
110101001110
000010101011
111010111100
000111111100
111001001000
001011011001
111001010011
001100010111
000001001001
000010110111
111101000011
001001010110
111111111111
000011011010
110110001110
000110011001
111111001111
000101000110
110111110101
000101100011
110101001110
001010001101
111011010101
001001101010
111101011000
001000001110
111000001010
000111110001
111110010101
001000110100
111011001101
000001100001
000000000011
001010110011
110111111001
001000110100
110111110111
000110111111
111001111011
001011110111
111011010110
000010011010
111001110110
000111111110
111100011001
000110111010
111110011110
000101010011
000000000011
001010001100
110101010110
001010110111
110110110110
000100001000
110110101011
000000100101
111110110110
000101111101
110111101011
000010111010
111100110011
000010100110
111100100011
000100111010
000000011101
000011001100
000000101100
001100010010
111010101010
001001000001
110110000110
000001111101
110110110001
000110001100
110111000011
000010011100
111110101101
001010110101
111000011011
000001010110
110110001101
000111000010
111111000000
000111110001
110100110110
001010011000
110111110101
000001011000
111011001100
000101110110
111100101100
001001100011
111001110000
001000111110
111111010011
001001110000
110111100010
000010101001
110111110011
000101010010
110110000111
000111111111
111001101100
001000101100
111101011100
000100010000
110100111111
000011111011
111100001000
000111011001
111010101111
000010011111
111100110011
000110011100
110110000110
000011011101
111010111000
000111101010
111100000010
001010111000
111110110000
001000011101
111000011101
001001110110
111011101011
001010000001
111001011110
000011100001
111111111110
000100100000
111000001011
001010100111
111111000001
000011000100
110111111101
000011100101
111000101100
000111110111
111000100000
001011001100
111011111110
000001101100
111101100111
000111010001
111000001110
000001100101
110101101010
000010001011
110111001111
000011101000
111110110100
001010100110
111111101000
001001100001
110111011100
000101010000
111000011000
000100010001
110111101100
001000000010
110111010100
000101000000
111000100101
001001101100
110111111100
000100010001
111101111100
000100001011
111111000101
001001100101
111011110101
000100111111
110100111000
000110101011
111110111111
000111110010
110111111100
000000011010
110110010011
000101110111
111100010011
001011001101
111010111000
000100001100
110110101111
000010100000
110110100000
000101101111
111001001001
000110100110
111101011101
000100010110
111111100111
001001111110
111101001011
001000011101
111100111110
000100111010
111110100100
000011111101
111100101111
000101100110
110111000100
000011001101
111110111110
001001111111
110101000010
001001001010
110101101111
001001100100
111100001111
000010110101
110110100010
001000111011
111000111101
000111100011
111111101110
000101010101
111101111011
000111001001
111111010001
