001010101010
110101010001
000011000001
111101010101
000100000111
110111111101
001010110101
110101100100
001000010110
111000101101
000110000101
110111110100
000111001111
111000001010
000000110000
111111100101
000101010011
111110010110
000100000101
111100011111
000110110110
111010011111
001000101111
111000010100
000110010001
110111101101
000111101010
110101000100
000001010101
111110100001
000011101010
111111001110
000001000001
111001010100
000011011101
111010110111
000011100001
111100111001
000100010111
111111010011
001010010110
110101100000
001001001001
111010001010
000111000111
110110010111
000110110101
111110110010
000000000101
110101000101
000100101110
111001000100
000101001111
111101110000
000011011011
111111101110
001010100011
110100111100
000000000010
111111010100
000001010111
111100010100
000001011110
111101100110
001010001111
111010110101
000111001101
111100111100
000111101011
111110110110
000011100000
111001110001
001011100101
111110100000
000001111111
111000100011
001010001111
110110100111
001000010100
110101010010
001000111111
111110001110
000110100000
111100111111
000100000010
110110000110
000011010011
111100101000
001001110010
111100101010
000100000010
110100101010
000110010001
111001011010
000000101000
110111011101
000111111111
110011111110
000111011010
111000001101
001001000011
111100111111
000000111001
110011111011
000001000010
111001111111
000110001010
111110000010
000011100000
111100101011
000001001100
111110011111
000101000111
111000010101
000100100010
110110110111
000110011001
111000000000
000000111101
111010010000
001001110001
111000101010
000011011110
111000000110
001001011110
111000110100
000011100101
110110110010
000101011100
110011001100
000011111111
111010100010
000001010110
111000001011
000101001101
111101100110
000011111011
110101000100
000100011110
111000010010
000010110011
111010010011
001001001111
111000001010
000010001011
111100101110
000100001110
110101000110
000110010010
110100010010
111111000001
110011011010
111110010110
111000101111
000110100100
111110001011
000001000001
110011110111
000101010000
110011101000
000110001101
111011110100
000101000010
111000101011
000100111001
110111101110
000000001101
110111100100
000110111000
111011010011
000100111010
110110011011
001010000101
111011010100
000011011101
111010001110
111110110100
110110110101
000011000110
110111010010
000010100110
111001111011
000000100100
110001100111
000010010110
110001011010
000100001110
111011001101
000011101011
110101111000
001001111001
111101011000
000100111000
111101110111
000000101101
110110001101
001000101010
111111001001
000110111111
111011100011
000100110101
111101010110
111111010011
110110010110
111100001000
101111000010
111101101011
110010010111
000101101000
110110000111
111101011100
110011111111
000001001101
110110111001
000001010001
111010110000
000010010101
111010100011
000011000000
111110101100
000010011100
111101110111
000100010110
110110111101
000010110010
111010111101
000111101000
111111101011
000100111111
111010110111
000001111000
111010110011
111101010100
110000111001
111110010111
110100110100
000011101000
110100011011
000011011001
111100100111
000011000010
111001110111
111111111010
110001110111
111111110000
111000111010
000001110110
110101110000
001000111111
111001010101
001010101000
111101011001
000111011111
111100000111
000000011100
110101100110
000111111100
110110000010
000111100000
111000001111
111010010001
110101010010
111111000111
111010010100
000000010000
111001101110
000100000101
000000100101
001100111111
111100010100
001000010011
111000011100
000000111010
110101110010
000001111001
110110101011
000100010111
111010110010
000111101011
111100111010
001010101111
111000101110
000101101000
111000101011
001010010011
111000000010
000010111000
110011001110
111110010001
110101101101
111111100101
111100010011
001001011010
111101011101
001101010001
000001100110
001010011011
110111110101
111111000001
111011001101
000010111100
111101001011
000010101100
110101100100
000001001001
111010101100
001000110010
111011001001
001010010101
111010110010
000111111001
110101110011
000000101101
111011111011
000011001001
111011001110
000100101101
111011011100
000111011000
111101010010
000101111101
000011010001
001010101110
000111101100
001010101001
111100100010
111110000011
110011100100
000110100111
111000001001
001000000101
111010111101
000111001010
111110010000
000011101110
110111111110
000111001011
111110110101
000001100101
111001011010
000101110011
110101001001
000011101011
110110100011
111111001011
110011110110
000110001110
110100101101
000010101110
111100011111
010001000000
000011100001
001001011010
111010100101
000101011111
110111011111
111111000100
111100011011
111110110100
111100010111
000101111001
110101111010
000111010011
111101011110
000000010100
110100111001
001010011111
111000010111
000000101011
111110010011
000010000111
110111110000
001010101011
110111111100
000010000011
111110000110
001001010101
000011111000
010010000011
000001111110
001001011101
110101010100
111100110111
110011101010
111101100010
111101011010
001000011111
111001101000
000000110101
110101100100
001000011000
111000001011
001000110110
111011010110
001010011000
110110110000
000100010011
110101110000
000101000111
111001111001
001010011010
110111001011
111111101111
110101000001
000110110101
000000100010
000111011011
000101110001
001010001100
110010001001
000000101000
110100100011
000101011100
110100110000
000000011001
110100110101
001001011001
111111100101
000100110100
111111111100
001010011011
111101110110
000111111001
110111110011
000110011111
111000010111
000101000110
111110100010
000100010000
111100111001
000010101011
111010111010
000111011001
111110101011
001010100111
000001000011
000101110101
110101101110
111011001000
110001000000
000000010101
110100011101
000010110111
111100110011
000110010101
111001010101
000001010011
111010100010
000110101000
111001101100
000101100000
111010000010
000111111011
111101000111
000001011001
111001101000
000110010000
110101001111
000010010111
111010110000
000101001111
111100110111
001111110001
111011111010
000101010000
110110101010
000000111101
110010000010
000011101101
110100000110
000101100111
111101011111
000101101001
111110000111
000010111110
111101100100
000111100110
111011010101
000111110110
111100110010
001010010011
111100111100
000110010111
110100111110
000001110110
111101011001
000000000110
111001101001
000111100111
000010111100
001101000010
111010001010
111110101101
110100101011
111011100010
110000010110
000011000010
110011101101
000101111000
111001110010
000100111000
111001100110
000100101111
111101101010
000110100110
110111110111
000100101110
111100110100
000000111001
111101010000
000010010010
111011111010
000011010110
111011100001
000110101101
110101111110
000101000000
111100111111
010000000001
111100100001
111110101110
110101110101
000011100111
110011000111
000110010000
110010011111
000101001111
110111101011
000110001101
111000101101
001001001100
111100011101
000000111001
111101000010
000101110101
111000010001
001010011011
110011011111
000111001000
111101100101
000010001100
111100100100
000001111010
111011110100
001001111101
000100111011
000101011000
111100000101
111100111100
111011100110
111110110110
110111010011
000010100011
111011010001
000000000110
111001000110
111110110101
111101110001
001001101100
110111110100
001000100011
111000001101
000000011111
110110010010
001010000100
111000001001
000101100100
110101111000
000111010000
111011100101
000000010000
111001101100
001000100000
111110111111
000011000111
110101010011
000011011011
111100111100
000101011010
110101111110
111101111011
111001111100
111101100000
110101110111
000010000101
111010111000
000000111100
111100011001
000110110001
110101010110
000000100010
111011110010
000110111100
111111001001
000011001110
111010100011
000110110000
110101101100
000011111010
111001101101
111010110101
110110001101
001000010101
111101111001
000000000001
111000000111
000111010100
111000000011
000111100110
110101110000
111110001111
111100111001
001001000110
111110010110
001001011010
111110001101
000110100000
110101101000
000101011000
111101111010
001001101101
111011111000
001000000010
111011001011
000101100111
110100111100
111100111001
110110000101
111100111100
110010011100
000011111100
111000111100
000111010110
000001001010
001010011000
111011010010
000000110100
111000011011
001000001110
111101010000
000001101001
110101101010
000011101100
111111111001
000000101011
111110000110
000001111010
111000011110
000001010000
111011000001
001011110100
110101111000
000001001101
111000011100
000001011011
110011011001
111110010001
110100101111
111101100011
111010110100
000111000011
111100011110
000100101111
110111011011
111111110010
110011110011
000000000001
111100001000
000101000100
110101011010
000101101101
111001001100
001001101111
110110110101
000110111011
110101011000
001010110001
110111001010
000110010001
111100110100
000000001111
110110110100
111011101010
110011011010
000011000010
110010110111
111110111111
110001010000
111111000001
111000111011
000101100001
111001001101
000011010110
110111000000
000010011110
111011000001
001000000111
111100011100
001000011010
111110000000
000010111111
111101010010
001000110100
111110011111
000000011111
111011001000
000000000111
111101101100
000000001011
110110010000
111101110111
110101111100
111101000101
111001011101
111111100010
110011010101
000101100100
110110011011
000111001011
110100110111
000011111011
111101011001
000101011000
111000000001
001011000111
110111111100
000001101111
110111111111
000000011100
110101110111
001010000001
111100100101
000001101010
111000010101
000100111001
111101011010
000000100111
111001111001
000010101100
111100010110
000000100011
111010011001
001001001110
111101010000
000101110111
111101011100
001010010111
111011110110
001010001010
111000010110
000011001111
111100111010
001010000110
110111010101
001011000101
110110000000
000101100010
111110011000
000110110100
111010000010
000000100100
111010010111
001001011001
111101110000
000010000100
111100110110
000100100001
111100111010
001000110000
111000011010
000110001010
110101100101
000000110100
111010101001
000000111010
111000011110
000111010010
111111010001
000000001010
111001101101
001000010001
111100100011
001001011000
111000110101
