001010000100
110101101101
001010000001
111010110101
000101000001
111101010001
001000101001
111111010001
000010101000
111111010010
001001010011
111110000110
001011000100
111111101010
000010001110
111100111111
000111010011
110111100110
000101111111
110111001100
001001110000
110110001000
000010101010
110111001010
000010101011
111110010010
000000001000
111100011000
000000101001
111011101011
000111001110
110101010011
000011011011
111001111110
000100101011
110111100100
001000110011
111101111001
001001001100
111111110100
000010110110
111000101111
000010000111
111101010110
000111100111
111011101011
000101101110
111100010011
000001100001
111111100000
000001010100
111111111011
001010011000
111100000010
001000111011
111110001011
000101101100
110110111101
000101011110
111001101011
000010001100
111110100001
000101110101
111010011001
000111100001
110101100011
000010111011
111011000010
000001100011
111111010101
000101011101
111011110101
001000001000
111000101000
000110111011
111011011100
000000011111
111110011111
001000001011
111101111100
000001111110
110110011111
000010001001
111110110111
000010010011
110100111100
000010111110
111000000010
001000111010
110111100100
000011000111
110101000011
001010000101
110111001011
000101100110
111010000110
001000101110
111000001011
000000101001
110110111110
001001101011
111010110100
000010101100
111001110000
000001100001
110110001111
001010100100
111101111001
001011001011
111000011011
000100001100
111110000100
000101111001
111001101100
000011000101
110111110100
000110001011
111001111101
000101000100
111100010011
000011100100
111000010010
000100010000
111110101111
000110100000
110111100000
001000111110
111101110110
000110111010
110111111101
000001010011
111011011000
000010010011
111011101110
001010011100
111011111001
000010100010
110110001011
000110010100
111101011111
000110001110
110101100000
000100011101
111111000110
000101101000
111000011111
001001010010
111111101001
000010111100
111110001010
000101101011
111011010111
001011101001
111000101001
001000100111
111011011100
000110110011
111011101011
001000011011
111110001001
000001100011
110110011001
000110000010
111011101011
000010011010
111010110010
001000101000
111010111111
000011111000
111100010000
000111100010
110101111011
000011000111
111111010101
001011010000
110111101110
001001000100
111000011100
001010100011
110110010010
000001010111
111110011110
000110001010
000000111001
001011010100
111110101001
000101110001
111001110000
000101111000
111100111101
000111100100
110111111010
000001010000
111101110001
000001011000
111100010001
000111011111
110110000001
001000110001
111111110111
000010101111
111011001110
001010101100
111011001111
000110111101
110111010101
000100001010
111101110001
001000011111
111111111011
000011101010
111000111001
000100010110
111000101110
001000011010
111100101000
001000111100
111100111001
001001001001
111011101000
000101110000
111010100010
000001010000
111000111101
000111110011
111101011010
001010110011
111011111110
000001101110
111000000110
000100111100
111101001111
000011101101
111110010100
001010100110
111000111000
000011000110
111111110010
001100000010
110111000001
000011010001
111110100011
000111010000
111010000100
001010001011
111011110010
001001010001
110111110010
000110111100
111000101001
000001001011
111110011100
000001110000
111101101000
001000101000
110110100000
000101010011
111000010110
000011001001
111010110011
000110110101
111010111110
001011001111
111001011111
001010111011
111000010000
000101001011
111111110100
001010101111
111100100100
001011010101
111111011111
000111001110
111001110010
000111001110
111010001001
001010010011
111010100110
000010101010
111001111010
000001110001
111100010011
000111101100
111100100110
000110011111
111011011101
000010011110
110110001011
000011100101
111101000101
000111010000
111001110001
001011111000
111011100011
000100110111
111000000111
000100011101
111001001000
001011110010
111111101010
000010011010
110110100000
000010101110
110111011111
000101000000
110110001011
000011001001
111011111011
000100010100
111010011001
001010001100
111010001001
001001101100
111001101111
001001111001
111100110100
000001111001
000000111010
000100111100
111110011001
000101101010
110111001001
001011101111
111110000011
000110111111
111111101010
000100101010
111010010010
001011110100
111110011111
001000101100
111110011001
000000101101
110100111101
001010000101
111010010011
001001111011
111110001000
001001110101
111101001110
000111110100
110111010110
001001010010
111011100101
000101010000
111001100111
001010110011
111100010010
001000101100
111110101101
001000111111
000001001011
000100001010
111100011100
000111010001
111011001100
001001011110
111000010110
000001111111
110111001111
001001111011
110101100101
001010000111
110101010011
001010011101
110111000110
000101010011
110110111111
001011000111
111100010000
000001000001
111001110110
000010011110
110111010010
000010101010
111011011111
000111001011
000001001110
001011110110
111111001111
000100111010
111100001100
000101110001
111100101010
000010000111
110111011001
001010101011
110101110100
000110000011
111110101111
000111010010
111011001001
000000100101
111001110101
000100011001
110101000101
000100000110
110110001111
001000110010
111101001101
000011100010
110111010111
001011101010
111101011011
001001111100
000000101111
001011000010
111110010001
000011010001
111010001110
001000100000
111101011100
000100001000
110101110000
001000010001
111011110010
001001001100
111000110011
000010111010
111011111100
001000100010
110101110100
001000111011
110110111111
000101010010
111101101110
001000111001
110111101111
000001101011
111010110001
000010101001
111110011111
000110110000
000000110000
000111101010
111110101010
000011101110
111101101111
001000100001
111110101011
000001101001
111101000111
000110000111
111100011000
000011100101
111101011110
000111111110
111110100100
001001110110
110101001001
000101100001
111000110101
001001111010
111100011001
000100110000
111100110010
000110101000
111110010010
000010011000
111010101000
001001111111
111101101010
001001011000
111110000101
000101100111
111110001000
001000000101
111011111001
000111111100
111100110001
000111110000
111000011001
000111101001
111110000011
000000011011
110101001111
000100101000
110111101011
000001000010
111100110000
000111111100
111000111010
001001110100
111001011011
001010010010
111100001110
001010111110
111100011000
000111010100
111111100101
001010111111
111100101100
000101100111
111010101000
001010100100
111001010011
001010101101
111010110000
000001110010
111010011001
001010000011
110111010001
000010101000
111010001010
001010110100
111101000010
000101011100
111011110011
000000000001
111001000010
000110110000
110111100001
000010000010
111001111101
000100010000
000000010100
001011100010
111101110000
000101110000
111011000010
000101011011
111110111011
000010001100
111000111011
001001111111
110101100010
000100110001
111000100011
000110001110
111010101000
000010111110
111011101011
000011000000
111010011101
001010001111
111101011110
001000011010
111011010100
000110010110
110110110110
001010111010
111101011001
000110010111
111111011011
001010111111
111000010001
000011101100
111000010110
000010011101
111011011101
000110110010
111100011101
001001011011
111001110100
000010000101
111010000110
000111011001
111011000001
000011101001
111110001101
001010011011
111001011011
000110001011
111101110110
000000110110
111010101101
000100110001
110110100011
001001101000
111111111111
000111011011
110111011110
000100101100
000000010011
001100100101
111111101000
001011101100
000000000010
000010001111
110110011100
001000011111
111010011010
000101000101
111100000001
000010111011
111010101110
001011001011
110110001010
001010010110
111100011001
000000011101
110110011100
001010001100
111001010100
000000110010
110101010000
000000110000
111010110110
001001111001
110110110100
000110111111
111100011010
001001110011
111000010000
000111110000
111001110000
000010000000
111011111011
001001011100
111110101111
000101011101
111011100000
001000011100
110110100011
001001010110
110101000000
000011100111
110110101011
001001101010
111101001111
000001110100
110101110100
000000111111
111111011000
000101100011
111110011100
000000111111
111010101100
001000000001
110111000100
000101111111
111111010010
000100110100
111110111100
000000101111
110110010100
001001011100
111111001110
000100011001
111001010011
000010101011
110110110000
000000100111
110101000110
000111100011
110110000011
001010101110
110100110110
001000010000
110111000000
000010110111
110110010100
001000001000
111100010000
001010110001
111101111110
000101101101
000000011011
001000111110
111111001110
001010101010
111110100011
000011101111
111101100111
000011111001
111100100010
000001100011
111110001100
000100100101
111010010110
001000110100
111000111000
000011110000
110110100101
000110110110
111111111010
001000010101
111001111000
000000010110
111011001111
000100100111
111101011111
000011111010
111110111010
000110101010
111101010111
000100000011
111111101011
000011110001
111111111010
000010110010
111110010101
000010110000
111010010100
000100100111
111001110000
001001011111
111001111011
001000001001
111101001010
000000100010
111010010000
001001111110
111011101110
000011111111
111010011000
000100011000
111111000101
000000110101
111011101011
000110001000
111011000010
000111010110
110110110010
000110110001
111110000110
000010000010
110110100011
000011100110
111011011111
001010010110
111010001101
000110100100
111110010011
000000100111
110100111100
001000000000
110101111010
000101111100
111011000100
000001101111
111001100010
001010101101
111111100000
001010110001
111100100010
000110001010
111100001000
000100100000
111001001101
001000100000
110101111000
000001001001
111100001000
001001010010
111001001111
000110111100
110101100011
000101100001
110101110100
000100000001
111011010101
000101000101
110101100100
000110011010
111010010100
001010010011
111100110010
000100100110
111010111110
001000001010
111001101011
000000010011
111000010110
000110110110
110100111101
001011001001
111110001111
000011110010
111011101001
001000101011
111111001001
000011101110
110110100111
000101001011
111110100100
000101001110
111111010001
000000110101
110101010000
001011001011
111011010100
000100010000
111010111101
