000001111100
110111001100
000110010011
111111111100
000110001000
110111111011
000100100100
111001001110
001000111101
111110111100
001001001111
111110010110
000111001000
111101011001
000010100101
110101101010
001001010111
110100110110
000001010110
111110000000
001000011010
110110110100
001001000000
111100001100
000001100100
111111100010
001010101111
111010001101
000111100101
111100110011
000110000001
110110011111
000000110100
111110111001
001001100101
111001000011
001001000010
111100111111
000010100011
111001000001
000011111101
111111010011
001000100110
110101000011
000011011100
110100110011
001010000011
111110100011
001011000000
111111010100
000011010011
110111101011
001001100110
111110111001
000000111101
110100110110
000001100101
111111100001
000101110000
110110110110
000011101011
111111011101
000111011110
111011011101
000001011100
111010001110
000000001001
110101011010
001000111110
111100111000
000101101111
111101001100
000010000011
111010100011
000000001011
111000100000
000011001100
111110101001
000111001101
111100000011
000001001111
110101001001
000001000001
110101011101
000000111111
111110000010
001010100000
111101011100
000010011101
111010111110
000000100010
111010000000
000101100100
111000111101
001100000010
111010111100
000100101100
110110000101
000110001010
111111111001
000011010010
111101011110
000000111101
111000110011
000100011110
111010110010
111111110000
110101010001
000011111000
110111011001
000010111011
111011001110
001000101010
111100000100
000100001000
110110011000
000101111101
111100101100
000000111011
110111100011
001000011010
111111010101
000101011101
111110110010
001010110010
111110001110
001100000001
000010000111
000101001101
111100111000
000100001100
111101011110
001000011010
111011011000
001000101000
111011001000
000101100011
111111100100
000010010111
110101111001
001001000111
111010110011
000011101101
111001100101
001001010110
111000001101
000100101000
111011100001
111110011000
111001110000
000010011001
111000111011
001000001001
111101111010
000010010111
111110000111
001000110000
110111100100
001000101011
111000100001
000101011010
110111100001
000000100011
111010100111
001000110011
111100111000
000101000110
111001110001
000010100101
111000100011
000101001010
111111101100
000001101111
110111001000
000110011000
110100001111
000100000010
000000001111
000101010111
111100111000
001001100000
111111011001
000110100101
111111101000
001000011101
111001011111
000111001100
111110011110
000100001101
111011010111
111111001010
110011111111
111101011010
111001000000
001000110010
111110010011
000111101110
111101000001
000111111110
110101101111
001010110010
111101110000
001010100110
111110001001
001010010100
111011100100
000100001011
000000101100
001100011100
000001100001
001111000110
111111111100
000111111101
111010001010
000011100111
111101011111
000110111100
111100010101
001000001011
110010111111
000011101010
111100100101
000010111001
110100111100
000110010100
111111000010
000001100000
111101010011
000100011101
110110111000
000010000100
111100010100
000001011011
000010111100
001000001101
111011001101
001110010011
000001101110
001010111010
000001111001
001001001110
111100101010
001000100111
111111001011
000111010111
111110110111
001010001011
101111110101
000000010100
110101001001
000110110000
111010011101
001000000111
110101101111
000101010101
111101011000
000001001100
111010010000
000110111110
111100100111
000101111100
111010010011
001000010011
111101110000
001001100001
000000100011
001000110011
111110110101
000101100100
111000010011
001010010100
111110010110
000010101111
111010111101
000101101111
110011011111
000100011101
111011001110
000111010101
111001000101
001001010001
111100011001
000001001000
111010001110
000011011001
111001100001
001000101110
111011101001
000001001101
111001000010
000010111101
110011111011
110101111111
110100100100
000000101001
110111101000
000000101100
111000110100
000101001000
111010001000
000101100011
111110111101
001001100111
111000111101
111111110001
111110101001
000001110000
111110001110
000010010001
110110010001
001000100101
111111110110
000010001010
110011110000
000001000010
110101010000
111111001110
110011001100
111100001001
101101101100
111000010110
110010110100
000110001011
111010011100
000010001100
111010010101
001011100001
111101011110
001101101000
000000101011
000110010101
111101101110
001010011000
111111000100
000110101011
111110100100
000001010000
110111001110
000011001100
111100010110
000110100010
111001010110
111010000000
101110110011
000000000010
101110101101
110111101011
101101100100
110011011011
110010100111
010001011110
000000011001
111100101100
111101110100
000011011111
111101010101
001011011101
111001000011
000011110010
111000111000
000001111001
111111011011
000100101110
111101011111
000001101111
111111111111
000100000001
111101000011
000110111010
110001001000
111010001111
110001101110
000000011101
110001011000
111011100110
101111111001
000100111100
000001100011
010001010000
111101000011
000000100011
110111001110
000110010001
111001011100
000010100000
111011000011
111111111001
110011000100
111110111000
111101000001
001001011100
111001101100
000011010111
111101101110
001001000000
111010110100
111111110101
110110110101
111110010110
101111100101
000100001101
111001010000
000000101111
111010000110
000111001111
000101011000
001001010000
111111100011
000000101111
111101110010
000001110000
110100111011
000111001011
110101001001
111111001001
101110100111
000101100010
111101000010
000101111101
111101100100
000100110101
111100110110
001000111001
110111101101
000100001111
110101101111
111100011111
110011110000
000010110000
110011100001
000101110011
111001101100
000110101110
001001101101
001001000101
111111000001
001000010111
111011111100
000010111010
111100101000
111110101111
110010011100
000001011010
110111000110
000000000011
111010100001
000001100110
111101010011
000111100101
111001101011
000101001110
111111000110
001001111000
111101001000
000110100010
111000110010
000110010000
111111101101
000000111101
111010101100
001110001001
111101111010
000111010001
000011001111
001100100001
111101111000
000010001111
110110110110
000000101111
111010010001
000010001101
110011011100
000111110000
111011000010
001010111000
111111001011
000000101001
110101011101
000011101100
111000101110
000111001000
111000100111
000111011011
111010011110
000000100111
111000011011
000101110000
110111010010
001100011000
111110000110
001011100110
000000110100
001001101100
111000100111
000101111110
111011000100
111100111010
110111000010
000101111101
111000010000
000110011000
111100101111
000100001100
111110001101
000000111101
111110001110
000010101100
111111100000
000010101100
111011110011
001000001010
111000110011
000011001010
110100101100
000110111100
111101001011
001000001101
111111111001
001010111001
000101001000
000111011111
111010011011
000111010000
110111111000
000100110110
110110010100
000111111101
110111111100
001101100010
111001111110
000100110110
111101011111
000011001101
111000000000
000100100101
111101000111
001100000010
111010100000
000100001000
110110011011
000001110101
111001000001
000010010000
110110111100
111111110000
111100011101
000010011000
111100000010
000100101011
111111010001
000110000001
111001010001
000011010001
111001111011
000011110000
000001100100
001101111000
111110111010
001011010100
110111110010
000000100111
111011110010
001011001000
111110010010
000100111110
111111000111
001001101010
111000010111
000000111010
111001111111
000100011110
110110110100
000000011111
110110101011
000101110001
110100100110
111110100101
110100110010
000001000100
111011101111
000010101011
110111000001
001100100010
111011101010
000110110000
000000010011
001011001010
111110101100
000100011100
110101011011
001001101110
111100011001
000110011011
111001110111
001100100110
111111010110
000011111110
111010100110
000001111011
111000001111
000001100100
110111001000
111110110100
110100110010
000100001101
111000101000
111110100000
110100111100
000010101111
111101100100
000101100100
111010101000
000100100001
110110001101
000111101100
111011100000
000001000100
111000100101
000101110111
111011000100
001000000100
111110000011
001110101101
111010111100
000101010000
111001110001
000011010000
111000111101
111110001100
110011110110
000011011100
110001001100
111011110000
111011011111
000011111100
110110111011
000101101111
111100110011
001010000101
000000101010
001000110011
110110010111
001010010111
110110011000
001001110010
111001001110
000010111100
110101010111
000011100110
110111111111
000111100000
111010110101
000110001001
111101100100
000111110110
111001100110
111111100111
111100100000
000110101010
111010101011
001001100001
111100000111
000101011011
110111011100
000111011000
111001000100
001000001111
111100000111
000000101101
111011010111
000101000001
111000000110
000011110001
111011111000
000110010100
111101100101
001010111100
110110111010
000010110111
111110111011
001000010111
111001100100
000001100000
111000101000
000010011001
110110001111
000001010010
111110110100
000010001000
110111111101
000111010001
110110100110
000100011100
110110110100
001000011001
111110001111
000101111111
111011010001
000101100010
111001111110
001001101110
110101011110
000010101111
111101101000
000011011011
110110111110
000100110110
111101000110
000111110011
111001110001
000110001110
111110011110
000100011100
111001010010
000000101001
111110000111
000111101101
000000111001
000110111101
111010011010
000001011011
110101001101
000101010111
111010100101
001001101100
111101010111
000110100111
111011101100
000111011111
111111000100
001010010110
111001111111
000000010001
111110000111
001000010100
111100010111
001011010111
111110110100
000111100100
111010000001
001001001000
111111010011
001010111100
110101111000
001001011100
110111010111
000011110011
111100111001
001011011010
111000100000
001010101010
111111100110
000111100011
111011000000
000101101010
111001111110
000111101001
111110111100
001010010110
111100000101
000010000000
110110100001
001001111100
111101101111
000000001010
111001000010
000110001000
110100111101
001000110101
111110010101
000110110110
111010000011
000011010010
111010111101
000101101111
111111001110
000011011011
110111100000
000100100110
111100110001
000101000000
111011111111
000011101010
111110101010
