000010011110
110110101100
001011000110
111011111000
000100111111
111000101000
000000100000
111111011101
001000011101
111110000011
000001000011
111001000110
000110000001
111010011000
000010010010
110110011011
000111000001
111000111111
001010110001
110111101110
000011011011
111000100001
000110100110
111100100111
000101001100
111011000001
001010100000
111001101111
000001101000
111111111101
000101000111
111011111011
001001010111
111010111111
001000010100
111101000000
000001011100
110111011001
000011101111
110110011000
001010101111
111011011000
000101011000
111010100100
001010011110
111000011100
000011111000
111001110111
000011100110
111100101001
000011010100
111001000111
001010111000
110110000111
001010010010
111011001001
000011101011
110110011011
001011001000
111010101101
001001101000
111010111110
001001100010
111000100110
001010100111
111010011000
001011111101
000000110110
000101011111
111110011111
001011101011
111110011111
001001011111
111100110111
001001010110
111001100001
000001001110
111111010010
000011001010
111100110010
000101001001
111010010100
001010101000
111011011111
000100011000
110110010011
001001011000
110111111011
001000000101
110110110010
000010011000
111010000010
000100001110
000010100101
000101010010
111111101100
000111011110
111111000100
000101100011
111010100101
001010000001
000001010010
000101011101
000000010100
000111101101
000011000111
001101010010
111101001001
000010110100
111110000011
001000010010
111001010111
000111011100
111000001110
001011001010
111111010111
000110001011
110110100100
001000011010
111100110011
001000000101
110111010000
001010001101
110010100101
000111101110
111011111111
000001101010
111011010011
000101100110
111011001101
000110001011
111001101111
001001000000
111011111001
000101000010
111000101100
000111110010
111101000000
000001011010
110101000011
000011110000
110110000110
000110011010
110100100101
000101111000
111000101001
111111000011
111100111001
000100000001
110110101010
000000001001
111000011011
000100001101
111010110010
000010001111
111000000010
000000001000
111001100101
000001111110
111001101110
001000001110
111001001011
001000110111
110101001011
000100101011
111110011001
000101001100
111010010000
000010000110
111000111111
000101011111
111001101000
000100011101
111100111111
000011000010
111101011101
000100101000
110111100110
111101101100
111011000110
111111000111
110100001011
000000110010
111011110001
000010110101
111010000010
000110100100
111010110110
000010011010
111001110001
111100100000
110010011110
111101000011
110010001110
000011010111
110101001100
001010111011
110110000100
000101001110
111101011001
000011110000
110001111000
000101010011
111110011101
000000001001
111101001011
111110111010
110101110001
000010000011
110111001010
000011101001
111010000001
000101011111
110011101010
000011011100
110011010010
000101010100
110110001110
111101000101
110111010100
000000101111
110101101111
000111011101
110101001001
000101010111
111110011101
001001111011
111010000010
111110101101
111001110010
000110000000
111001011010
000100001101
111110010010
000100011011
111010111110
000101011101
111100000010
111110110000
111011001111
111011101111
110101100110
000010011111
111100101110
000001110110
110010110101
000100100000
110010011100
111001111001
110111101101
000011111111
110110001001
001000101101
111101011100
001000111100
111100110001
000011100011
110111110001
001000011111
111100011010
000001111111
111100111111
001000111000
111100011011
001101001111
111111010101
001010101000
111101110011
111101111111
110001111001
000000110001
111001000010
000001110101
110001101011
111011010111
110101000000
111100101001
110111010111
000011100000
110110000111
000100101001
110101001000
000111110100
111101010001
000001100101
111010011110
000110011011
111011000110
000100111111
111110111011
001011011100
111101111110
000111000000
111000000110
001001001001
111101101111
111111010000
110010110110
111110100001
110101100000
000001001011
110111101010
000110110101
111011000000
111111100100
110001000110
000000101110
111101001111
000001001001
111000100001
000000111011
111001110110
000111011011
111000110000
001010100010
111001111111
000110110101
111111111010
000100110010
111010000000
000010001100
111000111001
001010000010
111010001001
000011010110
110110010110
001001001101
111010000100
000111011000
000101010011
001000110011
111000101001
001000100110
111101111100
001010001100
111011111101
001011001101
111110001011
000110100111
111110110011
001001111011
111001100100
001000101110
111100100100
000101011010
111100110001
111110010100
110001001101
000000100111
110101010100
000110111011
111101010111
000101001000
111110110101
001000110111
111110100011
000110111100
000101100011
001010011101
000000011010
001001101100
111011000110
000011111110
111010010111
000101100110
111100000110
001001101000
111010100100
000110001111
111011000000
000110001000
111011000101
111111001011
111011010100
000001011001
110001000010
111111110010
111110001001
001000101111
000110111000
001100101000
110111101000
001000111001
000000010001
000111000101
000011001110
001100001110
000001101010
001100100011
111000110111
001000111111
111001000011
000001100100
111110000101
000001011001
111001000101
000101101010
110100001000
000010001100
111101011011
000000000100
110010010010
111011100101
110100101110
000100101010
111111010011
001001001000
000010011111
000111111000
111001111111
000011001001
111000110001
000101110001
111110010110
000110110000
111010010010
001001110110
110110111000
000001000100
110111110010
000110001011
110110000010
000011110111
111000100001
000000011001
111010010100
000101101000
111001110011
000010010101
110100011001
000001000010
110100110110
000101000010
111101011100
010001001100
000111001100
000111011110
111001111100
000101000011
110101000101
000000000011
111100010110
001001000101
110110110110
000110011111
111110010101
000111110011
111011111001
000000101101
110111000100
000000110100
111000111100
000110110110
111010010101
000100101110
111001111000
001011001001
111001111100
000110010101
000101111110
001010100011
000010101111
010001010010
000100001111
001001101101
110100000111
111111000111
111011101100
000001010011
111000101110
000101000011
110101100110
000011110101
111010110110
001001011111
110101010100
000111111100
111001011111
000011001010
110110101000
000010000100
110111111011
000001001100
111111110111
001101000100
000011011100
010100100000
001010110101
010001110111
010000001100
010000101001
111110111101
000011100000
110000101100
111111100111
110010111011
000000001100
110111011110
000110110100
110100111111
000100100010
111001010110
001000111110
110111000111
000001100101
111000001010
000111111100
110101000101
111111110110
111000111110
111101110111
110101111101
000111110100
001101000010
010101001101
010000001110
010100101010
001000111011
001001000101
111101111101
111110011011
110110001101
000000000011
110111001010
000110111001
111001101110
000001100000
111101010101
000110000000
111011111010
000001001101
110101110011
000000100000
110101011111
000111100010
111011111100
000010111010
110100000101
110111001101
110001011100
000010101001
111100001111
001100010100
111110011000
001101011011
000001001100
000011010110
110111101000
000010011110
111000110111
000011000101
111011001111
001000001000
110100110000
001000011001
111001101110
000010010110
111101000000
001010001111
111000111001
001000010111
111111110001
000101110011
110101100101
000110111000
111000110111
000110100011
110111101010
000010100001
111011010100
000011101101
111101001100
000111011100
111101011011
000001011111
111011000011
000001100101
111001000110
000101101111
111110101000
000001001100
111111011101
000110001100
111000100000
000001101000
111100011101
000101111111
111110010001
000111101101
111011000101
001000100011
111010011101
000010111110
111001010001
000000101010
111011001111
000100011011
111101011000
000001101101
111101001001
000010011111
111010100111
000101001000
110101011011
000110101010
111000101000
000100100111
110111111110
000101001111
111000101001
000011100111
111101011001
000001111001
111001111011
000010110101
111111001000
001010011111
110111001101
000010011000
111000011100
000001000100
111110110010
111111111001
111001011110
000100111000
111101000111
000011000101
111101101101
000000101101
111001000110
000000100000
110111001010
000100011110
110110101010
001001001111
111111001010
001011010001
111011101011
000100011110
111111101100
001001000100
111100001001
000110001000
110110110100
001010100110
110111000011
001010000100
110101100011
000101000001
111100111000
000100100000
110110110001
000011100110
111001111001
000011110010
110110001111
000100110110
110101110011
000001101100
111000011111
000110001100
110111101011
000010001111
111110001110
001100100001
111100001101
001000100101
111010001010
000101000111
110110100101
001000001010
111101101111
000010010111
111100111011
000000010000
111101110100
000000000001
110100110111
111111111011
111000001001
000000011010
111000100010
000010110000
111100010111
000001111000
110101010010
000101011110
110011100001
000101001111
111100110010
000100001110
111110010001
000100010010
111110100010
000111110010
000000001101
001010101011
111101110010
000110110110
111011100111
000000100010
111100001101
000110101010
111101000110
000110111000
111001001001
000101000000
111000100010
000101111010
111001101111
000001110011
110110111111
001001011000
110100010001
000101111100
111101000000
001000001110
111010111110
000010000100
111101101110
001011001010
111101011110
000110110110
111111100111
000111011100
111110000101
000000101111
111001001001
000100001011
111000011011
000000000011
111011010011
000000001100
111001011000
000111110100
111001001110
000010110000
111111010001
000011111100
110111111100
000110101000
111001010100
000100111011
111010000101
000101001010
111110100011
000111101110
111101101110
001000011110
111000101001
000110011101
111001101101
000000011111
111110100101
000110110111
111000000101
000011010110
111000011001
000011100101
111000011111
000011111111
111100011000
000001000000
111011110110
001010010111
110111011001
001011001001
111110011001
001001100111
111100100000
001010001001
111011011110
001010111111
111101100001
001010101101
111011000110
000100010000
111001010101
000111101010
111111000001
000011010111
111101011110
000111010111
111100001001
