001001010000
111010000010
000110011110
110101001000
000001100110
111110110000
000000001111
111000110001
001010101001
111101100010
001001010011
111101011011
000111000101
111110110110
000000001100
111100100100
000111011000
110101011101
000100010010
111110100011
000000011001
111111011011
001000101111
111110111011
000000110001
111100001011
001001010111
111011110001
000010000000
111010101100
000101001010
111111111101
000000000110
111111100101
001010111011
111110010101
000001101100
110100111000
001000111100
111110111010
000010011101
111001000101
000011110000
110110101101
001000011111
111100010000
000001110010
111011101001
000011001101
111001111111
000101110101
111100011011
000110100110
111100101011
000100101100
111000101001
000111001010
111101001011
000000011001
110110110110
001000001010
111010011011
001001000101
110111111110
000110000111
110111001101
001010001110
111000111100
001001110000
111001011100
001001100101
000000101001
000100101010
111111101001
001010001001
111111111111
000101100000
111111111100
000100111010
110111101011
000110000110
110101011100
000000101111
111110100000
000010101101
111010100110
001000110111
110110001010
001000010000
110110100110
000111101101
111011001000
000011111100
111011001000
000011110000
111000100011
000101111000
000001100010
000111001001
111111111100
001010010100
111110000100
000010110110
111111011110
000100110101
110011111111
000000000110
110101101010
001010110110
111001111111
000111000010
111010000101
000101011001
111000001111
000111011011
110111111011
000001111010
111010011111
000110100101
110101110111
000011101000
111110110011
000111010101
111100010100
001100100010
111101010000
001001111000
000100010101
001011110101
111000110111
000101111110
111100001110
000010101011
111011111010
000100101000
110110011111
000011010000
111001101110
000111000110
111100100110
000001101111
111101001110
001001010110
111000111011
001010011000
111001110001
000011011101
111110001000
001010101011
110111011101
000011010101
000000111100
000110000001
111110001111
001101001101
000011111010
010000011001
000100101111
001000100010
111101010010
000111100100
111110101101
000001101111
110111101011
000111111110
111001110011
000011110111
111110101111
000010010100
110101011110
000100101100
111011111110
000010000011
111100010111
001010010011
111101100100
001001001001
000000001011
001000110111
111011101001
000010100001
111011001100
001000000100
111010110101
001010101001
111010011011
001001010101
111101101100
000110100111
111011110010
000110001100
111101010110
000100110111
111100100110
001010011010
111111001100
001011001101
111101011101
000010000100
111101110000
000010011110
111010000101
000111100110
111101110000
001100110000
000000011011
001011010110
111011001010
001001000010
111001000111
000101010110
111111110001
000010101101
111111001001
001001101101
111011001011
001100101101
111110100001
000111011100
000001100100
000111000011
111010001101
000100101010
111001100000
000001100000
111100110111
000111011101
111110111110
000110111101
111000110000
000110110001
111101100111
001100001100
111100100011
000110110011
000100111001
001010001001
111110001101
001111010011
000001000100
000111000111
111111010001
000110111010
111110111001
000110111010
111101011010
000101011110
111111010101
001110111101
111111001110
000111011011
111101110111
000001011000
110101111110
001001001000
111101110110
000011100001
111101001110
000111110010
111110001111
001010011110
111110000010
000111110010
111001110011
000101001100
111100001110
000101100001
000001010011
001010010000
111101101010
000011100111
111110001010
000110101000
000011010010
001101001001
000001000100
001111101110
111111111001
000100111111
111010111100
001010011110
110111001111
000111111111
111111101110
001000011101
111011001100
000011111100
110110101000
001001111101
110111011100
000001011010
110111000001
111100010000
110100010100
000110110011
000010111100
000001010111
111100111010
000010100101
111101100101
000110000010
111010101010
001011101000
000011100001
010000101111
000011110100
000101000111
111011111110
000110110011
111001001000
001001110101
111001111111
000011010101
110111100101
000000100111
110111111110
110111100100
101111101000
111111110000
101101100111
111111000011
111010101000
000111011101
111011000010
111011101110
110111001111
111110000011
110101001110
000011110011
111001100111
000010100000
111100100000
001111110011
111011011011
000101101110
111000011101
001000101001
110111001100
000000100110
111011100001
000001011111
110000101101
000001000010
101110001011
111010100011
110011010010
000001100001
110110010101
000010110110
110111011001
000101001101
110110010100
111000010111
101111101011
111100100110
110010011110
111101100101
111010100111
000111000001
111010000011
000110001001
110111101011
000111000010
111101001110
000101110110
111111110010
001010011011
111100010111
000101001111
101110110010
111101000001
110100011101
000010011001
110110111100
111101111001
111011110100
000110100011
111100001101
000111110010
110001111100
111011011000
110011011011
111111000000
110111000001
111010111001
110101001000
001001011010
111110100101
001001100011
111001001110
001010100110
111110101101
000101011001
111010011000
000100001001
110100001100
000010100001
110110000101
111011100100
110110111011
111110110111
110110111011
000110010111
111110101110
001001100111
111100101100
000101101100
110101000100
111010001111
110011110011
111000100011
110011101011
111111111000
110100000000
000000101000
111010000000
000101110101
111100100101
001000111110
111110011110
000000001011
111000100001
000010111001
111010010111
000000001000
110110000001
111111001101
110100101100
000111011011
111010001101
000010110001
111101011111
001010000000
111011101100
000010110010
110101100001
111000001000
101111001011
111110110100
110001000100
111011110110
111011101100
000111011011
111011010100
001100110111
111111000100
000010000100
111100111111
000110100000
110101111110
000100101110
111010001000
000110110001
110111110110
111101011110
110100000010
000000011001
111011110110
001000101101
000001100010
001001001001
111101101110
000010001101
110111110010
111100100011
110100010001
111100010010
111001111001
000001100110
111011100101
001001111101
111110011100
001000110010
111011010101
000001101101
111100001100
001001000111
111101001001
000111010010
111101100011
000100101100
000000111110
001010110101
110110101110
000100100000
111100110101
000111011111
111010110011
001101010111
110110001010
111100110110
101111110011
000001101001
111000000011
111110100000
111011001011
000011010110
111110010001
001100000000
111100110110
001101100001
111110011101
000100011001
111101100010
001001011110
111010101011
000110101001
111010110010
001100010101
000010011010
000110001011
111011001101
000100010011
000000000111
001000010101
111000100011
000010110001
111100001010
000001110101
110000111110
000101010001
000000010001
001011111100
000000100101
001010001110
111100101100
001111100101
111100100111
001000110000
000000100110
001000101010
111111010100
000011111111
111110100111
000011010101
111110111001
001010100111
111011001110
010000100110
000111001111
001011001011
000001010110
001011101000
000101010001
010000111011
111001110101
000000100111
111011111100
000101010001
110111010010
001100110111
111101001100
000110110110
000001110100
001001000100
111110011111
001000001101
111001101010
000111010010
110111111111
001000011011
111011011110
001000111000
000000000011
001001101000
000100011011
001010111011
001001100110
010011100001
001100010000
010001000010
000011100010
001101001111
000000101110
000100001110
111110100111
000001000111
111110010101
000110110100
000011011111
001011011001
111101111001
001001010000
000000111001
000111101101
111110010011
000000100000
110101011010
001001010110
111000011010
000111100000
111010110111
000100101111
000000111000
010000010001
000011100111
001101101110
000101111101
001111101001
000101110001
001001110110
000101011011
000111101101
111100011101
000101110101
111011110000
000111000111
000001000010
001110010000
000000101010
001100111010
000000111111
000100001001
110110011100
000101011010
110110101011
000000100100
111010001101
001000110010
110110111000
000100011100
111111011111
001011001100
000010100111
001100000001
111110001000
001010110110
000001000100
001000010001
000000100111
001011000100
111011011110
000111011001
111111011100
001000011001
111011000010
000111110110
111000010011
000010100111
111011010011
000010101101
110111000101
000111010010
111001111010
000111011100
111110100011
000100010001
111000010110
001000011000
111111101111
001000100100
111000000010
000101011100
111101111010
000010001110
000010000100
001000101011
000100011011
001010100101
111111000110
001000000100
111010000000
000111110000
111001111001
000111000100
111010101101
000000011100
111010010010
000001110111
111101001100
001011001011
111011101010
000000100110
111000101111
001010011100
111000000011
001000101110
111011011110
000011010111
111000100001
000010000110
111110110100
000011011110
000100010111
000110111111
000000011001
001001111101
000001011110
000110010111
111011101000
000110001111
111101001110
111100010100
110111100111
000011000101
110101011110
001000101000
111000100010
000011100001
110101111000
001010100011
111100100111
000011010001
110100111001
001010011101
111100011100
000111000111
110101111011
000010000010
111100111010
000100001001
111010100011
000110011001
111111100011
000011010100
111101110111
000101011100
110111001110
000011010010
111010010011
000111100000
111001111100
000001011010
110100100000
001000101001
110111011100
001001001101
111010001001
000101001011
111110101110
000100110010
111011011111
000100100000
110111100010
000011101110
111010111010
001001100010
111101111111
000001001001
111100011100
000100001010
111101111100
000101101101
111100010110
000111111011
111010000100
000110101001
111001111010
000000000100
111011111011
000111110001
111111011001
000111000101
110101001001
000000011110
111011011101
001000010100
110110011101
001010011010
111101101101
001010110110
111100000011
000110110101
111011101110
000000110100
111111111100
001000100010
000000000010
000001011111
110110101000
000101011010
111100000010
000001001011
110101011010
001000111000
110111011001
000101001100
111010010011
000010110001
111001101100
001001000111
110101001111
000110111011
111011000000
