001001010100
111000101000
000101011101
110101101000
000110100001
110110101000
000001001100
111011001101
001000000111
111100100011
000100111100
111100000011
001001011100
111011001001
000001100010
110100111000
000000010111
111000100000
000011001011
111010100100
000010000001
111100000011
001000111000
110101100000
001000100011
111111000110
000100010011
111110101000
000100100101
111010010110
001010011000
111101010100
000001110101
111011011000
000001110111
110111101010
000010101111
111100111101
000001111100
110101000110
000110010111
111001000110
000011110101
111011100011
000000100001
111010110011
000100101010
111111001000
000001011110
111000001010
000110010100
111100100000
000000100110
111100000001
000010110100
110110110111
000100111001
111000111001
001010100001
110110100010
000001100100
110110010100
000000111101
111100100011
000010111011
111100111011
000000010100
111001101000
000101011110
111101010001
000101000100
111110011010
001000100111
110110001001
000101011010
110101111110
000011001100
110101001111
001010101000
111011001110
000111001100
111010001011
001000010010
111000001101
001001110011
110100111010
000101110000
111100100001
000111000000
111010111100
000001110100
110111010110
000011010010
111100101100
000000010111
111001100110
000110011110
000000011011
000011010101
000000001111
000001111000
111000011011
000010010010
111110010111
000101100001
111000100000
000000011100
110111100110
000110100000
111111111101
000010000010
111101011010
000101111000
110101101010
001010011101
111011100100
001010010100
111010111010
000111110111
111001101101
001001010000
110101001011
000011010100
111110101110
000010110100
111110111111
001100110111
111101110011
001000001100
110111011000
001000011001
111000011110
000111100100
111001011000
001011011010
111111010010
000100100110
111111110010
001000110001
110101000111
000000011110
110101001111
000010010010
111001101010
001001110100
111110000001
001001010011
110101010111
000100010101
111000100101
000100010101
111011110011
000101110010
111000111111
000100111111
110110000000
111100000100
110110011111
111110011000
111000001110
000100011110
110111001111
000010011100
110100100011
000111000100
111101001101
001011010110
110100110111
000011111011
110111010111
001010110111
111011110001
001000011010
111110110111
001001101000
110111100111
000101011000
111010000000
000111101100
111010110111
001011000000
111101101100
000111010101
000001010101
000110010001
111111000000
000101111000
111010110010
000110100001
000000110000
001001000001
110111001101
001100111011
111111001000
001010101011
111010000010
000110001100
110110010000
000110001100
110110100101
001000100101
111100110011
000011100011
111100001110
001010101010
000000111101
001101100000
111001101111
001000010011
000000100110
001100100111
111100000100
000011111101
111111011010
001000000011
111010000010
001000000100
111011111110
001010111101
111011100100
001101010101
111000100000
001000000100
111000000011
000001100011
111010001011
000011001101
111001001011
000110100010
111001010110
000111111010
111111011100
000110000010
110111101011
000100101001
000001011010
000101010100
111111110010
000100010001
111110000010
001000111100
111001001100
000100010010
000011100011
000110101000
000101110100
001001110010
000000100001
001101110100
111100101001
000001110010
111010011100
000101001000
110111101100
000010011101
111010000110
000011101101
111100100011
000101000110
111010011100
000110010101
110111100011
000101001110
111001101101
000110011101
111111001100
001011111111
110111010101
000011110011
111110000110
000110110110
111101000011
001010111010
000010110110
001001100010
111101010010
001001000111
000011011000
000010010101
110100111100
000110100011
111101100110
000101101011
000000011010
001100000000
111010100011
001001101001
000001110110
000101101000
110111011000
001000001110
111011101111
000111100100
111110000111
001010101110
111110110101
000110100111
111010111010
000110100011
111100011011
001001110000
111110101100
001101110111
000010100001
001110010000
000000110010
001011010110
111110110111
000010110010
111111100110
000001010101
110111110100
000101001101
111101000011
001101110011
000100010101
000111111001
111111101000
001001011011
000000010010
001001110110
001001000111
010001011011
000111001101
001000000111
000001111111
001000001011
110111110011
000101000111
000100100010
000100100010
111011001011
001010100100
111000101010
001001000000
111010011000
000001101000
111000100001
000111000100
111101000011
001011001001
111101010001
001000000110
111100001111
000110010000
000101110100
001011010101
000010000110
001101111010
000110110000
010010010111
001000111000
000011011001
000010111101
000100101111
000011011110
001010001001
111011111011
001000101110
111011010010
001001110000
110110011111
001010001100
111000110100
001001001011
111000110100
000001111000
110110100110
000110111110
111010100010
000100111110
000000101110
000100011010
111110101000
000101100000
111110011001
001100110110
000111100011
010000000011
000110011001
010000101000
000000111100
001000010100
111011000010
001011001000
111110011101
000111000100
110000110101
000001011011
111000110110
000011000000
111011111100
000101111001
111110001011
000000000100
111100111001
001010101010
111110000111
111111001111
110111101001
000000111101
110011100001
111110111111
111010011101
000100000011
000100101011
001011011001
000000110111
001001110010
000000010000
000100011000
111110111111
000001111100
111100011101
111110000000
110100001010
001000110011
110101010001
000111011100
111011110001
000101110110
110101010101
001000001110
111111111110
000001101001
110100110011
111101110101
101101001000
111011000110
101101100011
111001010100
101111110111
000001100100
111111110111
000110101010
111111101011
000100010011
111100111111
000111010111
111011000010
000011101101
111100000001
001001011100
111100110100
000001011111
110100101111
001001001011
111100111101
001000110011
111010000000
000111100100
111101011100
000110000101
111000010101
111100001001
110001100001
110111110100
101110101000
111100011110
110100101001
111101101111
110100101011
000110011100
110111011101
000011011101
111010101100
111111011000
111101010100
000101110111
110111110010
000111100110
111000010101
000110010110
110110101001
000110100011
111111100110
000101100111
111010100011
000011110110
111110001010
000000110000
110010100100
000011000000
111001101001
000001010010
110010011001
111001100001
110001001010
111111101101
110010000111
000000100100
111011100010
111101111010
110111010001
000100101101
111101110101
000100000101
111101011010
000001010001
110011011111
000001000110
110010111011
000100110100
111101110010
000101011110
111110111011
000011010100
110111101010
000111001010
111000101001
000100010010
111010001011
000101000110
110111010101
111110110011
101111101110
111100011111
110110000110
111111100010
110111010101
000011010111
110100001010
000100001111
111110011001
000100010110
111000001011
111111010000
110010000100
111011011000
111001101101
000110001110
111010000011
000010001110
111111110001
001001000000
111010011110
000010000001
110110011110
000111010000
110111101010
000011100101
110111110110
000000001111
110100100100
111100101100
110011011011
000011000000
110101100100
000011110000
111110111000
111111110101
111010000100
000011010001
110101000111
000011111100
110100101000
111110100111
111100111111
001001100011
111001001011
000011110111
111011010010
000001111100
111010011100
000100111001
110111000010
000010110010
111011100101
001000000001
110110001011
111110011110
110001110001
000001011011
110101100111
111110111001
110110001110
111100101001
111100000011
111111001100
110101110000
000010111001
110110100101
111100010100
110001010101
111101110011
111100011111
001000100010
110111000000
000010011001
111000101010
000100011110
111001010111
000001000100
111010111100
000100101100
111011111001
000011100101
111000111110
111110010000
111000111011
000000010101
111000101100
000001110010
111011010011
111100001010
110001111101
000010100100
111011101011
111111101100
111010111011
000001011101
110000000101
000010011111
111100110101
000010111011
110111010011
000100100010
111111010011
000110001101
111000100010
000111011000
110101111111
000100011011
111000100001
000100000111
111000100110
000010101111
110011110110
000101011100
111010011101
000100111111
111000100001
001000011111
110101111011
000101000010
110000111100
000100001110
110011011010
111010111100
111010011101
000101101100
110101000111
001001001010
111110001010
000001011110
111110111011
001010011011
111001110101
000010101100
111011011001
000011101101
110111111110
000101001000
111000011000
000010010001
111011010101
000110000010
000101010111
001001010101
000011011100
001001011100
000000101010
000000000110
111000111000
111111001010
110011001101
000011001011
110011110110
000110010010
111001001110
000000010000
111100100010
000101011101
110110011111
000101011001
111001100010
001011100100
111101000010
000101011111
000011001010
001110101111
000000111000
010000011011
000001010001
001111010000
000100010100
010000001110
000011010110
001100111100
111111100000
001001110100
000000100100
001011011101
111011110110
001001100111
110101101100
000101101001
111100101010
001010000001
111110011010
001001100011
110101100111
000101000011
111100011010
001000111011
110110011110
001100001011
111010100110
001000010111
000100110001
001111011110
000100001010
001100010101
111111110101
001111111110
000100111100
001011001011
000101010010
001011010000
000010111100
001101011001
111010100100
000111010110
111000110101
000011111010
111100101100
000110111111
110110100000
000110011100
111010000111
001011000110
111011001110
000101000110
111011000101
001000111110
111110000101
000100111101
111000111100
001100000101
111001111101
001011000001
111001101101
001101110000
111111010010
001000111100
111010101101
000110110010
000001000011
000000111101
111001101101
000100000001
110110101001
000100110110
110111000010
000101110101
110111011011
000001000011
111110010101
000110111000
111000100001
000111100100
111001001111
000001000101
111110100101
000000100010
110110010111
000100000110
111011100011
000110110011
111100101111
000001101101
111011100100
000001100100
111111001001
000111111011
111000001100
001001011011
110100110110
001001001001
110110011110
000111000111
111110111011
000111110110
111111010000
