001000011100
110101111101
001000110000
111011011110
000100101101
111011001001
001010001010
111010011010
001010111100
110110111101
000011111100
111000100111
000001101011
111011001100
000000100110
111111101001
000001010001
110101011111
000001011011
111001111110
000001111110
111100110111
000111101101
110111110001
000011001001
111110100110
000001110010
111000001010
000101101010
111001100001
000101000110
111101000111
000101010101
111101010111
000111101101
110110011100
000111101100
111001110001
000100100111
111000111110
000100100010
110111111110
000011000101
111010011000
000010010110
111100001100
000110010101
111100100101
000011011101
111000100000
001001100101
111010101101
001010101101
111001111101
000010010101
111101010110
000111011101
111011111001
001010011111
111110000110
001010100110
111011101011
000101010010
111100011011
001000000001
000000000110
000101010110
111110011110
001001101000
111010010000
001100010001
000001110110
000111010101
111111001010
000111110000
111001110001
000111011000
111111000110
001011000000
110101111100
001000101111
110110101101
000100001111
110111110010
000100001001
111001011100
001010110111
111111101000
001010101100
110110010010
000011011100
111000001111
000101111010
111100100100
000111110111
111001111000
001101000110
111101010110
000111010110
000001010011
000111101100
000001111101
001001001111
111011010010
000111101001
110111000101
000110110001
000000011011
000000111101
111010110110
001010011001
110110011110
000011001100
111100100101
000110100011
111000101101
001010000011
111010110000
001001110011
111010010001
001001000000
111011000110
001101000010
111100011010
001000111100
111111011101
001001011011
111111010010
001010000001
111010010110
001101111011
000100110000
000100110010
000010010011
001010110011
111011011010
000000101110
111100010011
000101101111
111110110111
001001000001
111011000101
001010101011
111111000011
001000100001
111011001100
001010111110
111100001100
000101001001
000000011000
001011010110
111111011010
000111101101
000000000110
001000010010
111101011111
001010001011
111011100011
000111011111
111010101001
001101111100
111010111100
000010010010
110110010010
001001011101
110101100110
000101010110
110110101100
000011000100
110101000010
001010011011
111111010011
000101000011
110110111101
000011110010
000000101011
000111010010
111000001110
001001110010
111011111111
000110110001
111101101110
000010010100
111010010010
000100110000
111100000111
000110100000
110111000010
000011000110
110111000011
000111010010
111100001110
000101010000
110110111110
000011010011
111101111000
001000101001
110111110100
000000010101
111111010110
000111111101
110110001110
000011011011
000001100010
001001100110
111010000101
111111111001
111001001001
111100111111
111000010101
000100010001
110101111011
111100100100
110001011010
111011101000
101111100000
111010001100
110000001100
000010101000
110101110101
000101100000
111100001001
001011011010
110111000111
000011101101
111101100101
001010111000
111110010011
001001110000
000000101001
000011100000
111011000010
111110100010
111001001111
000010111111
110001101011
111011110111
110101110001
111000011110
101110111011
110110001100
101110101110
110111001011
101111010101
111110110110
110010111011
000000101010
111100001101
000100101101
000001000101
001001110110
111000011001
000110111010
110111010010
000101000000
110100100100
001010001001
111011110001
000001100010
110100101001
000001010111
110111110010
111111010011
110011000011
111010110100
110001100110
111100110011
110110111110
111010101001
110001101101
111100000111
101110110111
111010110011
111001011011
111111010001
111001001101
001000001000
111011001110
000111001101
110110000110
001001000001
111011100101
000110010110
111010110101
000000110011
111111001000
000010100001
111010011100
111110110100
110100011011
111011010011
101110110010
111111011010
110100011000
000110001111
111101010100
111011111011
110010011011
111000011001
110100011010
111111110001
110011111010
111111100100
110100001101
001011100011
111100101011
000011000111
111000111101
000001110000
110110011111
000101101111
110101000101
000001111100
111101011011
000000001000
110110111011
111101101000
110100100011
000000001011
110100011000
111110110010
111011101110
001011100110
111000110111
000100001011
111110010000
000111001001
111010011001
001000000100
110100100011
111101100101
111011001111
001001001100
111100100101
111111110011
110110010100
001001101101
111100100000
000101100011
000000100000
000001101110
110011011011
000111011011
111010010100
000001101000
111100001111
000010110010
111011111110
000001000101
000001001011
010000001010
000010101001
000010001101
111110001110
000000011011
111011011101
000100100111
110101010111
000111100000
111011111011
001010110111
111111001100
000011111000
110111110111
000101001111
111011101110
000110110010
111101100100
000111101000
111101000101
000000101101
110111001001
000010000011
111111001001
111110000001
111101000101
001000011110
111101111110
001101011110
111100110000
000010001100
111110010011
111111111101
111110101101
000110101000
111101110001
000101100000
110110000000
000101001001
111000110110
000000110011
110101101000
001001001000
111011011010
000111010110
111101101001
000111011100
111001110100
000100001111
111010011110
000010100001
110101110010
111110100110
111000101100
000011001011
000001101100
001011101011
000001101100
000001101110
110100010000
001000001000
110111100100
000001000111
110110110011
001001001011
111011011000
000100010001
111000110111
000100011101
111110100110
000101010111
111010110111
000000100110
111100111100
000111011111
110100011111
000011010101
110101100011
000100000000
111000001111
111001101110
111001100010
000010011111
000010010110
001110000011
111010100101
000101101010
111100000011
000001101001
111100101010
001100000111
111110111101
001000101000
110101001110
000100010100
110110111011
000101101010
111100101101
000111110010
110101101011
000100110110
111110100100
000011000011
110111011101
000000010101
110111110101
111000110000
111000100000
000001101110
111011111110
000010000100
000100010011
001001111010
111010010111
000001000010
110001100100
000110010111
111101110011
000010101110
111101111111
000110000111
000000001001
001001001101
111011000101
000000000001
110110101000
000110001010
111010000111
000001100101
111110010111
000100111010
111000000001
000001100100
110011010100
111100011000
110001101010
111101010011
111100001110
001001100010
111111111111
000011100011
111101001111
000000000011
111010100111
000111011101
111111010100
001010010111
111110010000
001010011110
111010111001
001000011101
111001011110
000110010001
111101000000
000010011111
111001100100
000001010101
111001001011
000010011111
111101000000
111111011000
111011000111
001010011101
111111110001
001001101111
111101010101
001000001100
111101000011
001011000001
111111100011
001001010010
000010111110
001010010111
111110110010
001100000010
111001100110
000011101000
111110100010
000100001100
111110110101
001010001011
110110000000
001000011100
111010110000
000010010111
110110110100
000010101000
111110000010
001001000001
000011100010
001010010010
111111101100
010000101010
001010001100
001100111000
000101000101
000011011000
111111011111
001100001111
111100010100
001101001111
000011010000
000101101101
000010010111
001001010010
110111110010
001100111010
110110111000
000011101000
111101011110
001010110110
111101100010
000001101101
111001101010
001010010100
111110110010
001010100110
111111000001
001101111011
000100001110
010000001001
001001101010
001100100000
000001010001
001010000101
000000010010
001011110111
000001000101
001111100101
000011010101
000110100100
111010111100
000101011000
111101101001
001001100100
110101100110
000101011101
110111110001
001000101010
110110111100
001010111100
111000111110
000011000001
000000110101
001001001010
111111100010
001011101101
000011111000
001011101010
111100010111
001110110011
000101010110
000111101100
111111011001
001110011110
000010011110
001000001111
111110110000
001000101001
111111111100
001010110110
110110010001
001000100000
111111010110
000101100011
111010101110
000000000110
110101000001
000010011010
111000001000
001011011100
000000101111
000111100100
111001111111
000101110101
110111101011
001001001100
111010010011
000001011001
110101101001
000111100000
111011000010
000100010010
111100010000
000111011011
000000001111
001011011101
111000111000
001001011010
111001010111
001001000011
111001110100
000110010101
111001111011
000110111000
111111010110
000000001100
111001100000
000001111110
000000001100
000110010100
110110000111
000011100110
110101110101
000011101110
110011000100
000011000100
111000010101
111100101000
111100101100
111110011000
110101111000
001000101011
111011101010
000100011100
111011011110
000111010001
111100000111
000000100111
111010101101
001010010100
110110010011
000000010001
111010101000
000100100011
111000111110
000110010010
111011100011
000010011000
111000000011
000101010001
111000100101
000010110010
111011001101
000001001010
111001110000
000010110111
110111110001
111111110110
110100001001
000011110000
111001001000
000110111011
111010110100
001001011101
111100101110
000111100011
111001010001
000110111101
111000000000
000000111000
111010000001
000110100000
111110110111
000000000001
110100010100
000111000011
111000010010
000010110110
110011000010
111110011011
111011110101
000011100101
110101101101
111101001000
111001101011
000001110000
110100001000
000100011011
110100000100
000110001110
111011001101
000010001110
111001010001
000111001011
111110010111
001001101000
111100100100
001000011011
111010101001
000000010000
110110101101
000000000110
111001001011
001010010001
111111011110
000110001110
110111111111
000101101010
111111001100
000110101011
110111011110
111111100011
111010111111
000001010001
111100111011
000101001100
110101101101
001001101011
111100001010
000111011000
111000100010
000111001011
110101111000
000010101111
111100110101
000000100101
111110110111
000110100111
110111000001
000110100000
111001001001
000111000101
111001010111
000010011000
111001101010
000110111001
110111000000
000010100101
111101110001
001000110001
110101101001
001010000001
110110001111
000010011110
111110010101
000000000001
110110110011
001010111000
110101101011
000001110101
111000111101
000110100011
110110111111
