000111011001
110110011101
000111100010
111010010001
001000110000
110110001011
000101010111
111110011111
000101011011
110110010101
000010010110
111010100001
000110111000
111101100000
000110110010
111010110110
000111111100
110101000101
000110001101
111000100111
001000101101
111100011010
000001011011
111100110101
000110011100
111000010010
000001000110
111010000000
000011011100
111001111011
000101001101
110101001011
000100011011
111110011101
000101010010
111101111001
000000001100
110101010011
000011010111
111010011011
001001000001
111010000001
001011000100
111011000110
000111101011
111001010000
001010000000
111010111100
000110011100
111011000111
000001010000
111100000110
001000100111
111101010101
000111000100
111100001001
001010011010
110111110111
001001110110
111101010111
000011000010
111100001001
000010001101
111000010000
000101000110
111000001111
001001000000
111001100010
000110000100
111100110010
001010001111
111010110001
000111000111
110100100111
001010010001
111011011100
000110100110
110111011110
001001111011
111110010100
000010100110
110100111111
000101100011
111111111100
000010011111
111110100111
000011111010
111110010100
001001100011
111101010101
000100000111
111101101110
000100110111
110111001010
000101011011
111010101100
111101101001
110010111100
000001001110
110010001110
000100111110
110111110111
000011001110
111010100110
000110011100
111101110011
001010111000
111111000111
000000011110
110111101100
000010111011
111100110110
001000001011
110111100011
000011001101
110101010101
001001110011
111000010001
111111100111
110101001100
000101010101
110100101101
000010100110
110101010001
111011110000
110100110110
000011010010
111010010011
000000011010
111011010101
111110011101
111101001011
000101111001
111001101101
000110111010
111111110111
001010110000
111011111110
000010101011
110101100111
000001100011
111010011010
000010010100
110110000011
000010000110
111000011101
000101110010
111010001101
111100011110
101111110101
000011011110
110010101100
000011100101
110100000110
000001101100
110111000010
000010010111
110010110110
000100101001
110111001111
001001000101
111100110010
001000000111
111100011100
001010100011
111110111101
001000001011
111001011111
000110101100
110101101000
000101101011
110111000000
000011000111
110100110101
000001110010
110011011011
111100001100
110010011001
000000100100
111010000000
000010000110
110101110110
000100101000
111010001100
000111000000
111011000000
000010101100
111000101100
000111000100
111101010010
000100111100
111110110101
001001010010
000011011010
000100011011
110110101101
000011010000
110101101011
000100110000
110100011111
000101110111
110000011010
000000101010
110111101011
000010010100
110111101011
000101100111
110011111101
000010100100
110011100000
000011010001
111000100101
000101111111
111001100011
000100000111
110100011100
000100101100
110111101001
000111110100
000110000111
001011001011
111011010010
001010111110
111101101001
000000110110
111111011101
000000010010
111010001101
000110001000
110100100011
111101110001
110010100100
000001000000
110011111001
111101000011
110110010001
111001101101
111010111110
111100000000
110001000110
000010110101
110110111000
000011100111
111010111100
000011001100
111111011101
000001101011
111110111111
010000001110
111111011001
001001101111
111010001011
000111010101
111001110100
000111100111
110101100010
000010100011
110011011010
111111101010
111000000011
000010101000
111100011100
000010111011
111100110101
111111011011
110101110001
110101001111
101110110110
111010010001
110101011100
111011010111
111001001101
000001111111
111010101000
000110000100
000001000001
001010011000
111110110000
001010010110
110111011110
000010010111
111001100111
000010011000
110011111100
111111011000
000000000101
001001010010
111101000101
001110011111
111111001110
000111001010
000000010110
000111110101
111100110000
111111001001
110010010001
110110001100
110010011110
111111110110
110111000110
000000010110
111000001111
000111011110
111101101010
000111100110
000001011010
000101100001
110111100010
001000100100
111101001000
000101010000
110011010011
001001011100
111011000001
010000011111
000010011000
010001101011
000100001110
001110101000
000001110001
001111100101
000111110001
001110111011
111110110100
000000001111
111001111001
000010011001
111000110101
111101100000
111100100101
000111111111
111001101010
000111011111
111001101110
000101101011
111110101001
001010100100
110101110100
001001011011
110111000100
000010111101
000010100010
010001110101
000100010101
001100101010
000110001011
010010100011
001100010101
010100100111
010000100010
010111010100
000111010000
000100101111
111001010111
000100101101
111001100101
000110001101
111010010000
000010000110
110110100010
000101100110
111100001000
001001101011
111100000110
000000110100
111100010101
000100110000
111111001011
000101001101
000011110000
010010001101
001010001001
010001010010
000111010101
001010110101
111110110100
010001000110
001001101110
001111101101
111110110000
001011010010
111001100111
001001111111
000001010110
001100111011
000000010011
000000001101
111000111110
000111011011
111010011101
001001100010
111000110101
001000011111
110111110100
001010100100
110110010111
000010111101
000000011110
010000110011
000011101000
001110001011
111101000000
001011111100
111110100011
001110101100
001000110100
010000000010
111101101000
001000111000
111110010111
000011110111
111101010100
000010101101
110100100001
000000110111
111010011100
111110000100
111011011111
000101001110
111111111100
000111110110
111011001110
000110110010
111010010101
000001001110
111001100011
000010110101
111100110001
000011010010
000000101000
000111010000
111101000111
001110100001
000111010001
001011001010
111101101111
000111110110
110110011001
000011110111
110111011000
111100101110
110100100011
000010001001
110101011111
000000100101
110101100011
001001110100
111100100110
000000111001
111010011101
000011010010
110110100111
000111010010
101111111100
111010100110
111100001001
001000111100
111110111100
000111010010
000000010101
010000011101
000001111110
001011001111
111110101101
001010100100
111000001110
111110111000
111000110000
000000011010
110011011101
000011010011
110011000101
111101100101
111010110111
000110000000
111100110010
001010110011
111001011101
000110011011
111110000111
111011100101
101110010000
000000101010
110010010111
001001001011
000100000100
000111000101
000100100111
001111100100
000011010110
001011001011
111011101010
000000100001
111001111110
000011111010
111011001101
111101010101
110110110111
111111001010
110101000110
111101110001
110001101111
000100101111
111100010011
000000100010
111110010001
000110110101
111101111001
000001101010
110101000111
111010011011
110010011111
111110011010
111001110001
001101100111
111011000111
001100010101
110110111011
000010011100
111001110011
000010010001
111101000100
000101000011
110111111101
000001100001
110111111010
000000110111
110101011110
000101100100
110100001011
000000000111
111100111101
000110100101
111001110010
000110101110
110110100000
000001001000
110110100000
000001111110
110101010001
111111111000
110111010111
000000011011
110110101111
111111100100
111010000010
000001110001
111011100110
001001100101
111010111001
000010000011
111011010000
000011011111
110011010111
000011010110
111010101110
111101110000
111100011111
000100101111
111101111100
001000100010
111010011110
000101001000
111010010011
111010100001
110111011101
000100110101
110100011001
111111111111
110101111111
111101010111
110000110101
111101001111
110111110110
000001001001
111000000110
000111101010
111110001111
000110010101
110110100001
000111010011
111000000100
000110000111
110101110001
111111100000
111001111000
000110000001
111001111100
000100101000
111111100110
001000000111
111100111100
000010100111
111001000101
000001001010
110110111010
000000100100
111010001000
000001100000
110101010101
111110000110
111000100000
000000111101
111011101111
000001101101
000000010011
000011011001
110101010011
000100001000
110101011101
000001101101
111001010000
000010001111
111101110010
001001110110
110111000000
000100111001
111010110111
000011111001
110110000111
000100110010
111101011110
111101011100
111011111011
000001011101
111010000011
000111010001
111011000101
000010000011
111110110101
000110101000
111100000001
000110000111
110111110111
000111110101
110111000000
000000111010
111101110000
000100000111
111001111010
111111110110
110110110110
001001100011
111010011110
001001110011
110111101111
000011010010
111100010110
000010001101
111000101111
000010000110
111000001000
001001110010
000001000010
001010010111
111010000011
001001101010
111110000111
000010010101
110110110011
000110101000
000000101000
001100100101
000011101101
000101111101
111001010100
001010000001
111110011011
001000101001
111100010011
001000011101
110110100011
000001011011
111001010010
000011110010
111111111110
000011011010
110111110110
000011011101
111010100000
000011101101
111100011001
000110011000
111001000010
000110010110
110001110010
000011010001
111001001011
000011001000
111101010011
000100001010
111100110000
001011000010
000001010101
001010100001
110111110101
001000110110
111001011011
000001010101
111001010111
001010001011
110110001101
000100111010
111111101110
000101000101
110110110000
111111111011
110110110101
000011010000
111011101100
000011110011
110111000110
000110000000
110101010010
000001001100
110111110000
000101000111
111000011101
001000111010
111000100110
001110000110
000010100110
001000000110
111010001001
000001100110
111100001111
000101000100
110101011110
001010010000
111001100010
000101111110
110110110010
000101000101
110101010000
001001111001
110101110010
001000000000
110110101010
000110110110
111010101111
000000001110
111011111000
000100010111
111010001000
000011101001
110111001000
000011100010
111101010101
000010011111
111100000010
000000110011
111110110111
000100101111
111001000000
000111111010
111001101010
001010101111
111110001100
000101101011
110110001101
001000010010
111111100100
000111110100
111101110011
111111111110
111001100011
000000111111
110110110011
000100001011
110101100101
001001000101
110111001010
001001111011
110110101001
000111110110
111000111101
000011010111
111100010110
001001000111
111010111100
001000001001
110110010010
000110010101
111110010101
