000000010010
111110111000
000011011001
111100111000
001001100101
111001100101
001000000001
110100111111
001010011001
111111111010
000101011010
110111111000
000011010010
111001100010
000110111010
111100111100
000100011001
111010000001
000001011011
110111110101
001000110100
110101000111
000101111001
111011010110
000111001111
111001110101
001001111111
110110101011
000010001000
110101010010
000010110000
111101100110
000000101001
111001110110
000101011100
110101101001
000001001011
111101100101
001001111011
111111011000
000010011001
111011101010
001000100110
111010001000
001010100001
111011100010
001000110000
111100000110
001010010111
110101110100
000000110101
111000000000
001001111001
111001010001
000001011101
111010000100
000001101110
111111110001
000100000011
111100001011
001010111101
111001001100
000110001100
111111010011
000001010000
111110111010
001001100111
111011101111
000001110000
110101000111
000001101011
111000111011
000000111101
111101110011
001010010110
111101010011
000100111110
110110111100
000101100011
111011000011
000111100101
111001010110
000001100101
111001101001
000010001100
111100111111
000001000101
111100000110
000011010000
111010110101
000111101000
111100010110
111111110000
111011011010
000000100101
111010001011
000001000000
111010010011
000010110001
111000000110
000000001011
110110010010
111111001110
111010011111
001000011011
111110001100
000011101111
111001110010
001000010011
111111110100
001001101110
111010100111
000110110010
111111111010
000000100011
110111000100
000011010100
111110010100
000001101011
111001100111
000110011001
110100111100
000111110010
110110000010
111101001010
111000111101
000100111111
111001000111
000011101110
111101100000
001110100000
111110101111
000011110101
110101101101
001000110101
111101101110
000000010010
111100100111
000110110000
110110111111
000011011110
111010100101
000011001010
110101101101
000101100100
111100101010
001000010100
111000100000
000110101101
110111000110
000010110001
111011101100
111111011110
110100100010
111110111101
110101001010
000011100011
110110111010
000001110110
111011011010
000011100100
000000101100
000011110000
111111111111
000011100101
000000011010
000101000011
111110110111
000011011111
111111010000
001010001000
111001001000
000110100100
111110111101
000111001011
000001010101
000111101010
111110010000
001001010111
110111111100
000001100011
111111101111
000000111001
110101001011
000100011000
111001101010
001000000101
111001101100
000111110001
111010100110
000111011001
111101010011
001100001000
111010110011
001001100101
000000000011
000110100100
111101011011
000001001001
110110011000
000100000110
000001011001
000110101010
111010110111
000101000011
000000010101
001001101010
111001111101
001010011000
111110011110
000111010101
110111010000
000110101101
111101011001
000100100100
000001010010
001010011101
111010010001
001010111110
111111101110
000111111100
111111101101
000111101000
111010010000
001000111110
111100001001
000101111110
111100100101
001000000110
111001101101
000100011101
111001011010
000111010011
110111111101
000111111101
111001101011
001100000001
111001101100
000100001000
111011010001
000101001000
000011101101
001000001100
111111010100
000001111101
111001011100
000101000011
111001111110
001001110111
111111011100
000111111001
111101001001
000101110011
111101101010
001001001011
111101111000
000111011001
111100111001
000110100111
111100110001
000111111001
110111101101
000010101110
111010011100
001001000000
110111110010
000010111001
111100100111
001001111011
111011111011
000110000111
110111001111
000100010011
111101111011
000000100111
111101110011
000011001010
111110000010
001001000101
110111100100
001000001000
111011100011
000000110010
111110101000
000111111101
110110101100
000001111111
111011110011
000000001001
111100110001
000010101000
111100010010
111111010110
111001111000
000100001111
000110111011
001000110101
111011101001
000001101000
111010000000
001101010000
111011100001
000000110000
111011010110
000101110101
111101101100
000011010010
110110010001
001000011100
110101001101
000111101010
111011111101
000101110110
111000001111
000101100111
110100001011
000001000110
111001100101
111111111010
111011100010
000101001100
111000100000
000101111100
000001001100
001111000111
000001010010
000101001010
111000011000
000011010100
110111100011
000000000001
111000101101
000011110101
110110110010
000001011010
111001110000
000001110011
111100101110
000101000110
110110011010
000101000101
000000010011
000100100100
111011011010
000111110111
111101111100
001000001000
000010000111
000101100100
110110011000
001001101101
111110001011
001000110100
111111000111
000111110011
111111011111
000001010100
110011010100
111010000110
110010011000
000100101011
111000010001
000110000001
111000100010
000101101100
111001000000
000010101001
111000101111
001011100100
111011110100
001010010000
000010101010
001001111110
110110010100
001001011001
111100111011
000000101010
111001111100
001000011001
111110100100
000111100110
111110011111
000100111011
111010101101
000011100110
111011110011
000011111110
101111110110
000001110011
110100100111
000101000111
111100101000
000111001000
111111111110
001010111110
111110011010
000111001110
000000010100
001101001111
111111110010
001110100100
000001110001
001010011110
110111110110
000011101011
110111000110
001001110111
111110000110
000110000101
111101010011
001011000011
111110100101
001101101111
111111000110
000001111011
111010001100
000001100000
110100011011
000011101101
111000000110
001010110100
110111000100
000000010111
111001001000
000111100001
110010011000
001000000111
111100010101
000100100111
000001010101
000111110000
111101100100
001111111000
111001110010
000110110100
000000111001
001001110000
000010001110
001100000111
111110101111
000111111011
111111101011
000101000001
110101110011
001000010010
111011011111
000011101001
111110110100
000011010101
111000100010
001001110010
111100011110
000010101100
110001100000
000010110111
110110100100
000101100101
111011101010
001101001000
111101101101
001010000100
111011100111
001010100000
000000000110
001001001111
000000010001
001001110001
000010111011
001101000101
000001100001
001001000100
111110111111
000111000111
110100111010
001010001011
111000101110
000001100111
111101000010
001001010010
111011011000
001000001111
110010110010
111011101010
101110001001
110011111001
101110100011
111111001111
111000100000
111110111010
111011110111
000010001011
111101100000
000100100110
000001000111
000101111101
110110110001
000001111010
110100010010
111111000100
111001001010
111100111010
110101000110
000100100100
110110011101
000111000010
111011111010
000110011000
111001100010
000110111001
110110000000
110110011011
101011111100
110000100001
100111100100
101011111111
101101100100
110011010001
101111001001
000001111000
110101101100
000010000010
110111110110
000111011110
111000001000
000010101011
110111101110
000100111101
110000110001
111111110111
110101000010
000100101000
111011100110
000110101011
110110101011
000011010110
000000011011
000101000010
110110010110
000100111001
101110010011
110000000111
101101000110
101111100100
101001011011
101101100000
101111001111
111010101001
110011001111
111101001011
111001100110
111110101010
110111001110
000110111011
111010011011
000000101101
110110111101
000100010110
111101110010
000100111000
111111110001
001010011011
110110100101
000100110011
111011101101
001010001110
110111111011
000101101001
110011110010
000010111101
110011110010
000000001111
110011011010
111100111110
110110000110
111101010010
111001010101
111111000111
111010111011
000100110000
110101011100
000110001111
110011110001
000011110011
110110010101
111111111001
110101000000
000000100001
110110101100
000001000111
111010101010
001001011111
000000011011
000110010010
111100000101
000010101100
110101110101
001101000010
111111011100
001010110100
111101010000
111110111110
110110101100
000100000111
111011011000
000001111000
110101100000
000000100011
111011111100
000001011010
110101011110
000001001011
110100110111
000110101001
110110001110
000110001100
110111000110
001001011110
111001010110
000111000101
110101101111
000010100001
111011010001
001000001000
111011001101
001001010110
111111001100
001001100110
111101001001
001000011000
111001010101
111101011101
110101010011
000111001000
111000100101
000111111011
111000100110
000101100000
110000111000
000111011101
110100001100
000111001110
111101011000
001010011010
111100000101
000000111110
111010101000
000001101000
110110001110
000100011010
111100001010
001100001100
000000101101
000010101111
111011100001
001010011100
111000100100
000011101001
110010101001
000011010001
111001010011
111111011010
111001111100
000001000100
111110110101
000001101010
111100100011
000011110100
111101101110
001010100100
111010010000
000001100011
111000100010
001000000010
111111001101
000000010001
111000000111
001001011101
000011110100
001110101010
111110110001
001011101101
111011110000
001001011011
111100011100
000011010001
111100100100
000010011001
110110001010
000001011100
110110010011
111101111010
110111100011
000010000001
111011101001
000010111101
110101001011
000001011001
110101001000
000001000001
111110011100
000101000110
111101011001
001001000010
111110011000
000100011110
111001010011
001110101101
111011101101
001111101110
111110000000
001010111110
111011101010
001000010110
000001111111
000100001000
110111101110
000100111001
111011011001
000101001110
110110001101
000000011111
111000010101
000010000010
111001001101
001001101001
111010000101
000110010000
111111100100
000101100001
111000101110
000010000000
110101011000
001010001000
110101011000
000010001010
111110110110
001001110011
000000000100
000001111001
111000010101
001001100111
111010110010
001000100001
111111001000
001001000110
110111100010
001010010001
111100010100
000000100111
111010000101
000000110000
111101110011
000010011011
111101100110
001001001010
111111000101
001000011011
111011110010
000001010111
111101010000
000000010011
111100101001
000010001100
110101111000
000011010000
111100100111
000001010001
111111000100
000100101011
111110101101
001010001110
111101111100
000111011110
111001100101
000100000010
111011100100
000100100101
111101010101
000111111000
111010100001
001000100101
110111011000
000111101011
110100111111
