001001010010
111111000001
000110100011
110101100101
000111100110
111011101011
000101101110
111100110000
000000001101
111110110111
000101101010
111001011111
001000000011
111100100001
001001001001
110101110010
000001010011
110111111010
001001000110
110101000101
001010110001
110101010110
001010111110
110111001100
001010010011
110101111010
001010101010
111001110111
000101011101
110111100011
000000111011
111100011110
001001011100
111000100011
000010110000
111010001000
000000010101
110111010010
001001000011
111111001101
001001100001
111100011100
000111010010
111001100000
000111001110
111010101110
000101001111
110111100011
000010000011
111100011010
001000000001
111110010010
000010110110
111000001100
001010100010
111110000100
000110101101
110110000010
001000000101
111111000100
000111010000
110111000000
000100011100
111010100001
000100111011
110111111011
111110111111
111001011101
000100000010
110110011101
000101110110
111100000001
000000010000
111011100110
001000000101
110110100110
000111001110
111011011111
000101001110
110101110001
000111000111
111101011110
000000101011
110110000100
001010010110
110100110100
000000101100
111010001100
001001111111
110111000110
000110100000
111001111001
000110001110
111111101010
000001000111
000001100110
001000111111
000001010101
000101110111
111101011101
001001010111
111100001001
000001001101
110010110011
000010100010
111011110010
000110111001
111110011011
000101101101
111100111010
000000011011
111110011111
000101100111
111110111010
000000010001
111011010001
000001011010
111111011110
001011010111
110110001001
001100110000
111111001011
001100011011
000001111010
001011111100
111111011010
000110110111
111101111110
000111001100
111111011100
000011110000
111001110110
111111101110
110100100010
000001101100
110101011010
000111100101
111101010111
001000111111
111100110000
000101011100
110110100011
000100110001
110101000111
001100000010
111101101010
001000100111
000010101000
000111111110
111111101000
000110011111
111111010011
001101100101
000001000001
001111100001
000011101100
001001000011
000000101000
001010011001
111001011110
000010111010
111011010011
111100000001
110001011010
000011011111
111000010110
000011101110
111011010110
001000110100
111101111010
000111110001
111101101011
000010101111
000010100110
000111101001
110111011110
001000000000
111010011111
000011000110
000000000001
000100101100
001010011100
001111110001
000001011010
001111111000
000010100111
000111100000
111000010110
001000001111
111110010010
111111010101
110101010110
111010001011
110110111010
001000100011
110111001111
000000111011
111101011000
000001111001
110111001010
000111101010
111010000110
000100111110
111001111110
001000010101
111101010110
000110111011
111010001111
000100111101
000000110010
001111010001
000110110011
001100001111
000100101000
000100001101
111110101111
000011110111
111001000011
000010111011
110100011011
111101110010
111010100011
000010110100
110111011010
000111001111
111110000000
000101101100
111000011011
000110100110
111001011100
000110001001
110001110000
000000111110
110111100110
000010110100
110111001010
111110101100
110100010010
000110110100
001100010010
001111101101
000000010101
001000001100
111001000001
001001010011
111100011011
000100101010
110100011111
111111001011
110101001011
000100011010
111011000100
000110111100
110111010110
000001110101
111100110110
001010000101
110110000011
000101011111
110011001011
111011100100
110010010110
111100000000
101110000000
110101001011
110010010011
001010100011
001000010000
001101111101
111111110100
001010110011
111101001011
000101001011
111001011011
001010101001
111011000100
111110001010
110100000111
000010110110
111110010101
000010000100
110111011100
000110001000
110110110010
000011110100
110010111110
110111100010
101111011000
111000100100
110001111110
111010001110
101100001000
110111011111
101111010010
001101000000
111011100101
001001011000
000001010111
001011111111
111111001100
001111011001
000100110011
001111011111
000011000111
000011001101
110011100011
000000111111
111011011010
000111001011
111011010001
000101111110
110110010100
111110111111
111000001010
111100011010
101110111000
000000010110
110001001110
111010001100
110010011010
111101101001
110000011000
111110010110
110110101001
000100100110
111101100100
001000110111
000011001011
001010101010
111100100101
010000001100
000100100001
010000010000
110101100110
000100011110
111111101000
001000111101
111010000111
000100101000
111010001111
000111001100
110000000000
111100111011
111000101010
111110101110
111000010001
000101100000
110111101001
111111101111
110000010111
111101010001
110011101000
000000101111
110001001101
000110000100
111001111101
001010111010
000000000100
001110101011
000010011010
010000100110
110101110011
001000011001
110101100111
001000011000
111110000101
001010011011
111001001111
000101111000
111001101011
001010101110
111100000011
000110001011
111011011000
000010010010
110100010101
111111011001
110110100001
000001111100
110000001100
111101000100
111000110011
111101111110
111001100100
000110101011
110110101111
001011100001
111101010010
001110100000
110110001110
000001111100
110101001000
001000010011
110101110010
001001111100
111010010001
000001111010
111001010100
000110100111
000000010000
000110101011
111111011101
111111100011
110101111110
000000010111
111011010001
111110001100
110011001000
111111011110
110100010010
111110101100
111011010011
000110101010
111101101111
000010010011
111100010110
000011011001
111110110001
000100110001
111111001111
001010101100
111001111100
000000011110
111000001011
001000010011
111110100001
001001111110
000011001010
001100110100
111111110101
000010110111
111010101110
111100000110
110010100010
111111101001
101111001010
000000110001
110100001111
001000111001
111000011101
000110111101
111110111010
000110000001
111100100000
000101000101
111000010000
000010110100
111011010001
001001000110
111001010100
000101111010
111000000101
000110000101
000101010010
001101110000
111111011100
001000000001
111100101010
000011010110
111001100111
000100001000
110100101011
110110111101
101111100111
111101110010
111110101111
001010111110
000001001111
111111010010
111000111011
001001010011
111000111010
001000010101
000000010000
000011111101
111111100010
001000100111
111010000100
000101110100
111011001011
000110011010
111101110101
001001111000
111111011101
000101110000
110110101010
001000111010
110011001000
000000111110
111000001010
111000110100
110100101010
001000101100
111101101010
000111111110
111100011111
000101011011
111100100101
001100011101
111000011110
001000011000
111011011100
000101011100
111011110001
000110011010
110111010011
000101001100
111111000011
001000000101
111101001110
001011010111
111010010010
001010001110
111100110110
001000000011
111101100011
111111000111
110100101100
111110001101
111010001000
001110101011
111111000111
001100110100
000001111010
000010100110
111101010100
000011010100
110111001001
000101000011
111110111100
000111101100
111111011111
001000001011
111110101010
000101001100
000000011111
001110111100
111011100000
001000001011
111110000111
000111100100
111011110111
001100111000
111111111101
001001101101
111001010101
111111101001
111001010100
001000001110
111101111100
000111100000
111011111000
000011000001
111101110010
000011100000
111100101101
000111001100
111011000101
000100001000
110101101101
001000010110
111111110111
001011001111
111110010011
000111011101
000000010000
001001110111
111110100100
000000001011
111100100011
000100111000
111000001101
000111110000
110100011111
001000011110
111001110001
000100110001
111001110010
001011100100
111110100000
000011110101
000000111100
000011101100
111101001110
000101110000
111010111111
000111100111
110101011110
000000101000
111111110000
001010000110
111001101100
000101000110
111100001100
000101001101
111110010011
000010010011
111111100111
000010011011
111100101110
000100110100
111011100010
000110010011
111011100000
000101010001
111101111110
000011101000
111010001010
001001111100
110110111001
000001010001
110101111100
000001111000
111101010101
000010110101
111010111010
001001001000
110101101111
000100111010
111000000000
001101011001
000000110101
001010110101
111000010110
000100011110
111001000110
000100111111
111110010000
001001110000
111010111011
000101010010
111000111110
000111100100
111011111000
001001001110
111110101010
000011001010
111110100110
001001100000
000000000111
000001110110
110111010101
000000001011
111110000010
000000111001
111101001000
000111011000
110110111100
000011000110
000000101111
001010011010
000000110111
000100100000
000000011000
000011111000
111110010110
000111101001
111101010101
000101101010
111010011110
000011000111
111000011001
001010000110
111100001010
000100001010
110110101011
000101110110
110111100010
001010100001
111101011100
001001011011
111111100011
000000001101
110110011110
000010100101
111111010100
000001101010
110110011100
001010001000
111011100111
001000010110
110110010110
000011011101
111111111110
000101101010
111100110010
000110110101
110111110011
000101010101
111011110010
001000100010
111010100010
000100101010
110110000011
000111000110
111111001111
000110101111
111110110100
001001011111
111010001011
000011110110
111000011001
000110010010
111011111010
000101101100
110110101111
000011110010
110110001001
000100010100
110111011110
000110000110
110110111100
111110101010
111000110111
000011110111
111000010001
000101101001
111011011111
001001100111
111001110101
000011010010
110100111010
001000111001
110110011010
001000101000
111010111111
001010001111
111011111110
000110010110
110111100101
001001110111
110101110100
000100110101
111011000000
000010111001
110100111001
000001101110
110110010000
000100111011
110100101001
000000100000
110111110010
000000101100
111001001000
000111010000
110011010010
000111110011
111000010101
000001101011
110111000010
000001101010
111010100110
001000000111
110101001010
000011110000
111010011101
000100101101
111101010001
001001100110
110100111100
001011001001
110111110000
001010000011
111011010000
000010000000
111101111011
000100000010
111011011110
001001111000
110100101000
000010001100
111110111000
000101011101
111001010000
000100110111
111011111001
000110010001
111101001001
111111110111
110111111100
000000010000
111110001010
000010001111
110111101000
