001001011010
111011100101
001000110001
110111000100
001010001101
111101110010
000011110000
110111011001
000011000111
111001110011
000101010110
111000111101
000100000110
111010010001
001010101011
110101101111
000111001000
110111111110
000001100110
111001001101
000000001100
111101010010
000001100010
110111000000
000001110000
111011100001
000001011101
111110110010
001011001100
111101100100
000101110000
110110100111
000110110111
111100101100
000111001001
111010001001
000101101000
110101001110
000011010111
110111011011
000110000011
110111011111
000100010101
110110000011
000011001101
111100001000
001001010101
110101111001
000000111000
110101011100
000101111010
111111000011
000010001010
111000100101
001001111110
111100000110
000000101110
111111110010
000101001000
111111010011
000010101011
110101001000
001010001000
110110101100
000011100011
111010011010
000101000000
111000110000
000111100001
111001111111
000111001100
000001001001
000110000011
110110011110
001011010010
111001010110
000100011111
111000101100
000111110101
111100011100
000111111100
111110001010
000100111011
110110001001
001001010010
111100010011
000010100100
110110000010
000011111100
111000011010
001010111110
111010000001
001000100110
110111011000
000101111110
110111100110
000111001110
111010011101
001101101010
111101100001
001011110010
000011111111
010000101101
111101001100
000111010101
111001110011
001001000101
111100000010
000111010011
111100110110
001000110011
111100100100
000101000000
111101011110
000010000110
111100111101
000110001101
111011010111
000001111100
110110011100
000001111110
111110111111
000101011011
110111100110
001011011010
110110110010
001001010001
111110000101
001010111111
000000001001
001000001110
000001110001
000111101100
111101010110
000001010110
110111100101
000001000010
110111000010
000001110101
110111101010
000000110101
110101010111
000000100110
111010000010
000001110010
111100111101
001000001011
110111000001
000111110111
110100000100
000010101011
110000111111
111010100110
110110000101
111100011010
110110010010
110110011101
110100011111
111110111110
110010100001
000000011111
110010010011
111011110100
111010001011
001000110000
111101000110
001001111000
111110100110
001011001011
111111011001
001001110101
111110110111
111111100101
110101000010
000101011001
111100110010
000000010011
110110101111
000100010111
110100100000
000000101111
110110010111
000111110100
111101110001
001001110101
111110001101
000011111001
110010011010
111100100011
101110110100
111100101010
101110011110
000010010111
110110011000
111111101010
110111100100
001001010101
110101100010
001001111101
110110101100
001011001001
110110101010
000111001101
110001100011
000010101001
110111001010
000010110010
111010100110
001011001110
000000011001
001110010010
000110011010
001101101111
000001000000
000011111000
110111100000
111111100011
110111000011
110101100001
101111000101
111010110001
110100110001
000100100010
110101000010
000011001000
111001111100
001000010101
111111000011
000101110001
110111101000
000110011100
110101101001
000000111110
110101000101
000100111110
000001000111
000010000111
111100000010
010000011010
000111001000
001000111110
111001101001
111110111010
110110100111
000010100011
111001011011
111101001110
110101101111
111100011101
110011100100
000110010001
111000101010
000011111001
111101111011
000110111000
111001111101
001000010111
111011110110
000101110001
111011000010
001000001110
110111011001
000111001110
111110000001
000110101001
000010010001
001111001111
000010001110
000110001111
111011100100
111111001010
111001011010
000001100101
110101001101
111111000100
110001101110
111111111100
111000010110
000010011110
111101110001
001011000010
111111111100
001001010000
111101000010
000010000010
111011001111
001010001010
111000000101
001001011110
111001001011
000100111100
111100010101
000100110110
111011111010
010001011110
111110000001
001011001011
111110011001
000110011100
111001010101
000100111000
111000001101
000110110110
110000001100
111111011100
110110011111
000001001001
111100110111
001001101100
111010100110
000101101100
110111011001
000110001000
111101111000
000101100000
111111101110
001100010100
000000001111
000110010111
111010101001
000110000011
111001001000
000110110001
000010111000
000111001100
000100010001
000010010110
111111100010
001011101000
111101100000
001101001001
110111110100
000110001111
110101000000
000101001001
111100010000
000100011011
111000101110
000111011100
111110000011
000011110110
000001110011
000100011011
111111000110
000110011010
111101011100
111101111110
110110110000
111011010101
110000111110
000101011110
000000101100
001011101100
111110010011
000111011010
000011101101
010000111011
000000101001
001001111000
111110011110
000101001000
111010011001
001000111110
111011100110
000010101111
111100010110
001000100110
111010001010
001100111010
111110110110
001010101000
000000100000
000011001110
111101011101
000001111000
101111111000
110111111000
110111000111
001001010000
111011111111
000111001000
000001101110
001110100001
000010001111
001001001010
000000111100
001100101110
000000101110
000010010001
111011101000
000011001011
111000101000
001001000011
111110100000
000000110001
000000010100
000101011101
110111110100
000111010111
111001100001
111101111110
110101100010
000000000011
110100101100
111110011001
111000111010
000100000001
111000001111
001000001001
000010000110
001100101000
000000111111
001011010000
111101111000
000111101010
111001000101
000010000111
111111101000
001010000000
111110000110
000101011001
111101011110
001001001111
111100110100
000011111011
110101100100
000110101010
111001011000
000110010111
111010001111
111111010011
110111111000
000011101010
110100110001
111111010011
111101101110
000100110010
000001010111
000110110001
111110001110
001011101101
111100000010
000101100010
111101110110
000100110101
111011111010
000010000011
111011100111
000101111110
111110010001
000110001001
111111011101
000011110110
111010111111
000111010110
111110001001
000101001101
110111110111
000101000110
111001001011
000100001011
110010111110
000001101010
111010111011
000110100000
000100000011
001001011110
111001111101
001000111011
111001011001
000110111011
111100001000
000100100011
110111111100
001000010111
111000010001
000001101110
111111100111
000000011110
110111011111
000000001011
110111000110
001001000011
111101001011
000010100000
000001001110
000101110101
000001000011
000110001111
111001101000
000011010100
111101010001
000011001000
110111111000
000100111001
111010100110
001001001001
111101000000
000000001011
111001000000
001000101010
111000000101
001001101110
111101110100
000100011111
111000000101
001001011000
111000011111
000101100101
110010010000
000000100101
110101010001
000101100111
110111110001
001010011100
111110000111
001011111111
111101110100
001101010110
111001010001
000011011010
110110110110
001000000000
111001010001
001000000100
110111111100
000100001101
110101110001
000111001111
110110110000
000010110111
111001001101
000101010001
111110001001
001000011111
110100111010
000111011111
110100001010
111101100011
110010001001
111111111110
110101110010
000101010101
111111100111
000111111011
000100111100
001010111101
110111010010
000110110111
111110100011
111111111110
111000111000
000011011010
111100001101
000110001101
111010100101
000110111101
111010111010
000001100000
111011011000
000010110001
111011011100
111111110101
110111000100
000100000110
110010011100
111101011101
101111101001
111010100001
101111010100
111101011111
111100100000
001001110011
000011000000
001001001101
111110000101
001000110000
111010000110
000100001010
110111000101
111111011000
110000111110
000110000010
110011110011
001010100100
110111100101
000011110000
111001111111
000010011101
111010101010
001010011001
111001110111
000111111000
110001100101
111010101110
101111111110
111101110000
110000000000
000010100001
110111100001
001001100111
111101110110
000110010011
111110100001
000111101010
111001110000
111111101100
110101101110
111011111100
110100111110
000010010100
110011111110
000011001000
111001010101
001001101010
111110110001
000100001100
111101110001
000111000111
111000100101
000110010011
110111001011
111011010110
110010101100
111111111001
110110110001
110110011111
101111110000
111001100001
110001011011
111110110010
110001101001
000000011111
101110100000
110100011011
101111110010
111100110000
110000110000
000011011010
110100011001
000010010000
111100111010
001001111001
111011111010
001010000101
110111101000
000101001101
111100010110
001010010100
111110110110
001000001010
110111100111
000110000110
110001111010
111010110110
110000101001
110111110010
101111111011
110110001101
101111010000
110001001000
110010100100
111101111101
110110100101
111011010000
111011011000
000011100101
111000011001
001010101100
111110111100
000110111100
111111001101
000100011010
111010011100
000100111011
111100101101
000011101000
111000011000
001000111110
000000110100
000100101111
111100100110
000110111100
110110101001
000011101000
110011010100
111001000001
110110000101
111110111001
111011000111
000100101111
111001010110
001001111101
111001001101
000011010101
111111011010
001000101011
110111000000
000111110101
111000010111
001010001000
111100100000
001000011011
111100110110
001001111000
000000011010
001010010111
000100011000
000111110001
000100001011
000110011100
000101100010
001110011100
000101101001
001110101000
111101000011
001011011111
000001111011
001100101100
000001000111
001010000000
000000010101
000110111101
111010100110
001001001011
110101101001
000101111001
111001011111
001000001011
111101011111
000010111101
111000111010
000110011000
000000011110
001100000010
111110010011
000101010011
111110000111
001000001011
000001011001
001100011100
111111000001
001100001000
000001111001
001011001010
000000101010
000110110000
111010001111
000011111111
111000110100
000000011001
110110100111
001001100011
111001010001
000011100110
111000100001
000101111010
110110100000
000010110011
111101001000
000000110100
111010001111
001001111101
111001001011
000110000000
110110111000
001010111111
110111111000
000100011100
111100110011
000001110100
000000001101
000000011010
111010110110
000011100101
111000011000
001001010010
111010011100
000101101000
111111001101
000010001001
111010100101
001010010110
111111100001
