000101101000
111111010001
001000010000
110110001011
000010000110
110101000000
001010001000
111010100011
000001111110
110110111010
001000101010
111010100010
001010001010
110110010011
001010000011
111111100101
001000011100
111110110001
000111101001
111100000100
000101000000
111111000100
001000100000
111000010101
001000110101
111101001101
000101000011
111001110000
001010011101
111011001000
000110000101
111011001000
000101100111
111100110111
000011100010
111000010101
000010111110
111101100101
000010000001
111011011000
000000011010
110101011101
001010001110
110101010000
001001000010
110110110010
001010111010
111001101010
001010011110
111000101010
001010010011
111011101111
001000010010
111000011010
000000101111
111010000101
001010011001
111010001110
000000111110
110110010111
001010101010
111000111101
000011011000
111011000110
001010011010
111001011111
000010001111
111110101100
001001110010
111101000000
000111001111
110110100001
000011001111
111010101011
001001010011
111111101001
000100011011
110111100000
000111001011
111100110000
000100110011
111001110000
000111100011
111110001001
000010101001
110111101111
000111110001
111110001011
000010110110
110111001001
000000001100
111101110111
000101011101
111101001011
001000001100
111100111111
001010010111
110111000101
000101100111
110111110011
000010010100
000000011010
001000011010
111101011110
001000010000
111100001111
000101010100
110101001101
000010010010
111111001001
000011001101
111001001000
000111001000
110101010000
001000101100
110110001111
000111110000
111010011000
111111111101
110100111000
000010011001
111110101011
000000011010
110110010010
000000101000
110010110110
000101100000
110111111010
000100100110
111011001000
000001011000
111000101001
000110110101
111001001000
000001111110
111110011111
000001100110
111010010011
000010010000
111100101010
000110101101
111010100011
001010001110
111101010010
000100011100
110110110011
111111000101
111010111010
111111000101
111011001111
111101111100
111000011100
111111011110
111011010110
111110101111
111000000111
111111100010
111111111111
001011100011
111010110001
001000001010
110111001010
000110111000
000001100100
001000010100
111011000101
000011101000
110111011000
001011001011
111010001011
000000110001
111000111100
111110100000
110001100011
000100011100
110101111101
000011001110
110010110000
000100010010
110111100010
000100001001
111101111100
001000101111
111111101011
001010000000
111100011111
001001010000
111111110100
000011001010
110110111111
001010111001
111001000000
001010000000
111111101101
000000100110
111011111100
000110011000
111011110001
000001011001
111000101100
000110000101
110111110011
111010100010
110000110101
111110101010
110011001001
000011101111
110111110100
001011011001
111010001001
001101000100
111011111100
001011111010
110111010001
000011001100
111000111110
000001010111
111100100010
000110110100
111011100100
001101001010
111101101111
000111001110
111001110110
000100101000
111000010001
001010000001
110010101011
111010110101
110111100011
111110010100
101111111011
000000011000
110110001011
000110000110
110110000111
000001111000
111011111011
000100100100
111110111001
000111100110
110100101101
000100010111
110110100100
001001001011
110111011111
000011111101
000000111111
000100000110
000001011000
001001100010
110110100001
000100010111
111010100111
000011111101
110100001001
111011011111
110100011000
000011100001
111011110000
000011101010
111010101011
111110011010
110111100100
111100110100
111010111110
000100011111
110110010000
000001110000
111001000001
111110111010
111010001100
111111110011
110011011110
000001111001
000000011010
001011010111
111000111011
000010001100
110110001100
001000111000
111111011100
000111001110
111010100000
111111011101
111000110010
001001011000
111001000110
000110101010
111010110011
001010101100
111010100000
000000100101
110100111100
111000001011
110100011000
111010001101
110100011010
000001101110
111000010110
000010011100
111100000101
000111000010
110111011011
000010101010
111111010111
001000011011
111110100110
001000111000
110101000000
111110110110
110110001000
000101010001
110110010001
001010100101
111111000000
010000011111
111110000010
000111110010
000000111000
000000010101
110000000010
110001101011
110000010110
111101100000
111000111011
000010110111
111101011110
001001011111
111001100110
000101011010
111100101001
001010110111
111100110100
000001000000
111110000011
000011111011
110110000100
000010001011
111011111011
000101111000
111101010101
001011101101
111100010100
000110101001
000011011011
001010001100
111111101111
000101001100
111011010010
000001100001
111000011001
000110100100
111111100111
000101110001
000000000010
001100111001
000000100101
001011101011
111101101000
001010110000
111101011100
001011000000
110111100001
000101100100
111110111111
001001011001
110100011101
001010010001
000001001110
001110101100
111101101011
001100110010
000010110111
010000101110
001100010100
010001011000
000100111001
001101001011
000001100010
000111010100
111101110011
001000010100
111110100110
000011111000
111011001001
001001011101
111011111100
001010100000
111110101011
000101001100
111001000100
000011101010
111010111100
000011101101
110101100000
000101111111
000000110010
001101100010
000001001011
001100010001
000010011001
010001000101
010000010110
010001100011
000001001111
001011101111
111110000001
000111011111
111101110010
111100110001
110100001000
000111101010
111011110011
001010001010
111001011100
001011001000
111101011010
000111111011
111000011001
000011100010
111101111011
000011000100
111000001001
001000010100
111111100111
001101001101
000111010111
010010000101
001000100000
010000110001
000111001111
010000111100
111001100111
000101100000
111110111110
000110000010
111100111110
000010100110
110111110001
111100111111
110001100111
000001000101
111111111101
000001011010
111111000111
111111111111
110100110110
000010110000
110111110000
000111010011
111001011001
001100001011
111101110111
001101100111
000101110111
010000111111
000100110110
010001100110
000100000101
001011110000
111001010111
000001001111
111100010000
000001100010
111000111110
000100110111
110010010111
000011010101
110011011110
001001011010
111101110110
000011010101
111100110001
000011100111
111010110000
000010100101
111011110010
000100111011
111010001110
000011111111
000101100010
001100000000
001001111100
001011010001
000111000100
010000100101
000001111111
001001110111
111001011100
000000011011
111010100101
000111100011
111100000110
000010000110
110101101110
111101001011
111011000011
000001101101
110100100101
000110010000
111011100100
000001110100
110100110100
000101011100
111001101111
000100111011
110110111000
001101010101
111100101111
001011110100
000111001111
001000101100
000110000110
001010101101
000011001000
000010110101
110101101000
000101011101
111101110001
001000111011
111101101000
000010000011
111101000001
000100110010
111001011111
001010100100
111000000011
000101010000
111011100001
001000100001
111110111000
000111001000
110100110110
000000101110
111100111000
000111000111
111111100110
010000100011
000000010010
001001010100
000100001100
001001001111
111001001110
111111011011
110110110010
000100110011
111000101111
000001000100
111100001100
000101110110
000011101001
001001000010
111110011110
000110010110
111011100101
000110101011
111011010101
000010110110
111111101000
001000010011
111111100011
000001010110
111001110010
111111111001
000001101001
001011101111
111111111110
001100100011
111101101100
111111010110
111000101001
111111001101
111000011011
000101111100
111100010000
000001010111
111100000011
000111101100
000001001101
000011010111
111100011011
000101100001
110101111001
000111001010
110111110001
000100110011
111101110100
000001100010
111000000110
000010011111
110100111011
000110111100
111101001001
000101011101
111011001011
001001010000
111011000100
000100111010
111001100110
111111010110
111011000000
000110100101
111010111110
000101111111
111011001011
000010011101
111001001111
001101000100
111101100010
000100100001
111111001010
001001111111
111001011111
000000100010
111010001011
000011101101
111010100001
000111111010
111010000010
000000100110
110011001111
000001010001
110010000100
000010101110
111011111111
001001011000
111000100010
000101000111
111101001011
111111100111
111000010111
111111101001
110101111010
001001010000
111110000000
000101000010
110111101110
000100011101
111101011011
000100110001
111011000100
000100101001
111100101000
000000101001
111010110010
001001001011
111011001001
001000110010
110110101111
000010100111
110101110010
000001100011
111110010100
000010011111
110111011010
000101101111
110010111011
000010000001
110111001000
000010011010
110010110101
000100010010
111110100101
001011000111
111110011001
000111010010
000000011111
000101001011
111001100101
000100111100
110110010101
000000100100
110110011100
000001110110
111110011111
000010100110
110010101111
000001010100
111000010011
000011001101
111010110101
000100100001
111100001101
111111110010
110100001100
000001100011
111000010001
000000111001
111010100110
000110011110
000001110100
001000000011
000010110000
000110001001
000000001100
000110001111
111000001001
000011000110
110100110100
000011011010
110111111111
001001101010
111100000000
000110010000
111111011001
000100011101
110101010111
111111000000
110100110000
111110101101
110101000000
111111010011
110110001100
000010000100
110110101000
000010011111
111100101010
000001110011
111101001011
001011011110
111011010101
001000001010
111111010010
001000011010
110110000000
000011010010
111100101001
000110111001
111001100111
000011010110
110101101101
000011100010
111110101011
000100001010
111000001110
000100101110
111011000001
001000110011
111100111101
001000111101
110101010110
000101010011
110011011010
000011110110
111010110011
000110101100
110111001000
000110100000
000000000101
000000011011
111011100101
000111111100
111000110100
000110000010
111010110110
000110000101
110110101100
001000100001
111110001110
000100100000
111111010110
000000111010
111000100101
000010101000
111100000100
000110000010
111010111011
111111111111
111011110111
000110010000
110110110101
000001011001
111010101100
000110101101
110111011110
000110100001
111001010110
000011011101
111101010100
000110111011
111011110001
000111000111
111100010110
