0010010101000
1110001010000
0001010111010
1101011010000
0001101000010
1101101010000
0000010010111
1110110011011
0010000001110
1111001000110
0001001111001
1111000000111
0010010110111
1110110010010
0000011000100
1101001110000
0000000101110
1110001000001
0000110010110
1110101001000
0000100000010
1111000000101
0010001110000
1101010111111
0010001000110
1111110001011
0001000100111
1111101010001
0001001001001
1110100101101
0010100110001
1111010101000
0000011101010
1110110101111
0000011101111
1101111010011
0000101011110
1111001111011
0000011111000
1101010001100
0001100101111
1110010001100
0000111101001
1110111000111
0000001000011
1110101100101
0001001010011
1111110001111
0000010111101
1110000010101
0001100100111
1111001000000
0000001001100
1111000000011
0000101100111
1101101101101
0001001110010
1110001110010
0010101000010
1101101000101
0000011001000
1101100100111
0000001111001
1111001000110
0000101110101
1111001110110
0000000101001
1110011010000
0001010111101
1111010100010
0001010001001
1111100110101
0010001001111
1101100010010
0001010110101
1101011111011
0000110011000
1101010011111
0010101010001
1110110011100
0001110011000
1110100010110
0010000100101
1110000011010
0010011100111
1101001110100
0001011100000
1111001000001
0001110000000
1110101111000
0000011100111
1101110101011
0000110100100
1111001011000
0000000101110
1110011001100
0001100111100
0000000110101
0000110101010
0000000011111
0000011110000
1110000110101
0000100100100
1111100101110
0001011000010
1110001000000
0000000110111
1101111001100
0001101000000
1111111111010
0000100000011
1111010110100
0001011110000
1101011010100
0010100111001
1110111001000
0010100101000
1110101110100
0001111101110
1110011011010
0010010100000
1101010010110
0000110100111
1111101011100
0000101101000
1111101111110
0011001101111
1111011100101
0010000011000
1101110110000
0010000110010
1110000111011
0001111000111
1110010110000
0010110110100
1111110100100
0001001001100
1111111100100
0010001100011
1101010001111
0000000111011
1101010011110
0000100100100
1110011010101
0010011101000
1111100000001
0010010100110
1101010101110
0001000101001
1110001001011
0001000101010
1110111100111
0001011100101
1110001111101
0001001111101
1101011111111
1111000001001
1101100111110
1111100110001
1110000011100
0001000111011
1101110011110
0000100110111
1101001000101
0001110000111
1111010011010
0010110101011
1101001101111
0000111110110
1101110101101
0010101101111
1110111100011
0010000110100
1111101101101
0010011001111
1101111001110
0001010110000
1110100000001
0001111011000
1110101101101
0010110000001
1111011011000
0001110101010
0000010101010
0001100100010
1111101111111
0001011110001
1110101100100
0001101000010
0000001011111
0010010000010
1101110011010
0011001110110
1111110010001
0010101010101
1110100000011
0001100011000
1101100011111
0001100011000
1101101001001
0010001001010
1111001100101
0000111000110
1111000011101
0010101010011
0000001111001
0011011000001
1110011011110
0010000100110
0000001001100
0011001001110
1111000000111
0000111111001
1111110110100
0010000000110
1110100000100
0010000001000
1110111111011
0010101111001
1110111001001
0011010101010
1110001000001
0010000001000
1110000000110
0000011000110
1110100010111
0000110011010
1110010010110
0001101000100
1110010101011
0001111110100
1111110111001
0001100000100
1101111010111
0001001010010
0000010110011
0001010101000
1111111100011
0001000100011
1111100000011
0010001110111
1110010010111
0001000100101
0000111000110
0001101010001
0001011101000
0010011100100
0000001000010
0011011101000
1111001010011
0000011100101
1110100111000
0001010010001
1101111010111
0000100111011
1110100001101
0000111011001
1111001000101
0001010001011
1110100111000
0001100101010
1101111000111
0001010011101
1110011011010
0001100111001
1111110010111
0010111111110
1101110101011
0000111100110
1111100001011
0001101101101
1111010000111
0010101110100
0000101101100
0010011000101
1111010100101
0010010001110
0000110110000
0000100101001
1101001110111
0001101000101
1111011001011
0001011010110
0000000110100
0011000000000
1110101000101
0010011010010
0000011101101
0001011010000
1101110101111
0010000011100
1110111011111
0001111000111
1111100001101
0010101011011
1111101101001
0001101001110
1110101110100
0001101000110
1111000110111
0010011100001
1111101010111
0011011101110
0000101000010
0011100100000
0000001100011
0010110101100
1111101101111
0000101100101
1111111001100
0000010101010
1101111101000
0001010011011
1111010000110
0011011100101
0001000101010
0001111110001
1111111010000
0010010110110
0000000100100
0010011101101
0010010001110
0100010110110
0001110011001
0010000001110
0000011111101
0010000010101
1101111100110
0001010001101
0001001000100
0001001000100
1110110010110
0010101001000
1110001010011
0010010000000
1110100110001
0000011010000
1110001000011
0001110001000
1111010000101
0010110010010
1111010100010
0010000001100
1111000011110
0001100011111
0001011101000
0010110101011
0000100001101
0011011110100
0001101100001
0100100101110
0010001110001
0000110110011
0000101111011
0001001011111
0000110111100
0010100010010
1110111110110
0010001011100
1110110100011
0010011011111
1101100111111
0010100011000
1110001101000
0010010010110
1110001100111
0000011101111
1101101001100
0001101111101
1110101000011
0001001111011
0000001011100
0001000110101
1111101010000
0001010111111
1111100110001
0011001101100
0001111000110
0100000000110
0001100110010
0100001001111
0000001111000
0010000101001
1110110000011
0010110010000
1111100111011
0001110001001
1100001101011
0000010110110
1110001101011
0000110000000
1110111111001
0001011110011
1111100010110
0000000001000
1111001110011
0010101010011
1111100001101
1111110011110
1101111010011
0000001111010
1100111000011
1111101111111
1110100111001
0001000000111
0001001010110
0010110110010
0000001101101
0010011100101
0000000100000
0001000110001
1111101111101
0000011111001
1111000111010
1111100000000
1101000010100
0010001100101
1101010100010
0001110111000
1110111100010
0001011101101
1101010101001
0010000011100
1111111111100
0000011010010
1101001100110
1111011101001
1011010001111
1110110001100
1011011000110
1110010101000
1011111101101
0000011000111
1111111101110
0001101010101
1111111010101
0001000100111
1111001111110
0001110101111
1110110000100
0000111011010
1111000000010
0010010111000
1111001101000
0000010111110
1101001011110
0010010010110
1111001111010
0010001100111
1110011111111
0001111000111
1111010111001
0001100001001
1110000101010
1111000010010
1100011000001
1101111101000
1011101010001
1111000111101
1101001010010
1111011011111
1101001010111
0001100111001
1101110111010
0000110111010
1110101011000
1111110101111
1111010101000
0001011101110
1101111100101
0001111001101
1110000101011
0001100101100
1101101010010
0001101000110
1111111001101
0001011001101
1110101000111
0000111101100
1111100010100
0000001011111
1100101001001
0000101111111
1110011010010
0000010100100
1100100110001
1110011000010
1100010010011
1111111011011
1100100001101
0000001001000
1110111000101
1111011110011
1101110100010
0001001011001
1111011101011
0001000001011
1111010110100
0000010100001
1100110111110
0000010001100
1100101110111
0001001101000
1111011100100
0001010111100
1111101110110
0000110101001
1101111010100
0001110010100
1110001010010
0001000100011
1110100010110
0001010001100
1101110101010
1111101100101
1011111011011
1111000111110
1101100001100
1111111000101
1101110101010
0000110101110
1101000010101
0001000011110
1111100110011
0001000101100
1110000010111
1111110100000
1100100001000
1110110110000
1110011011010
0001100011100
1110100000101
0000100011101
1111111100010
0010010000000
1110100111100
0000100000001
1101100111011
0001110100000
1101111010100
0000111001010
1101111101100
0000000011101
1101001001000
1111001010111
1100110110110
0000110000000
1101011000111
0000111100000
1111101110000
1111111101001
1110100001000
0000110100010
1101010001101
0000111110111
1101001010000
1111101001101
1111001111111
0010011000110
1110010010110
0000111101110
1110110100100
0000011111000
1110100111000
0001001110010
1101110000011
0000101100101
1110111001001
0010000000011
1101100010110
1111100111100
1100011100011
0000010110110
1101011001110
1111101110011
1101100011100
1111001010010
1111000000101
1111110011000
1101011011111
0000101110010
1101101001010
1111000100111
1100010101010
1111011100110
1111000111110
0010001000101
1101110000000
0000100110011
1110001010100
0001000111100
1110010101101
0000010001000
1110101111000
0001001010111
1110111110001
0000111001011
1110001111100
1111100100000
1110001110101
0000000101011
1110001011001
0000011100011
1110110100110
1111000010101
1100011111010
0000101001000
1110111010110
1111111011000
1110101110101
0000010111010
1100000001001
0000100111101
1111001101011
0000101110101
1101110100101
0001001000101
1111110100110
0001100011010
1110001000100
0001110110001
1101011111101
0001000110110
1110001000010
0001000001110
1110001001011
0000101011110
1100111101011
0001010111000
1110100111010
0001001111111
1110001000011
0010000111110
1101011110111
0001010000100
1100001111001
0001000011100
1100110110100
1110101110111
1110100111010
0001011011000
1101010001111
0010010010101
1111100010011
0000010111100
1111101110110
0010100110110
1110011101010
0000101011000
1110110110011
0000111011010
1101111111100
0001010010000
1110000110001
0000100100011
1110110101010
0001100000101
0001010101111
0010010101011
0000110111000
0010010111001
0000001010101
0000000001100
1110001110000
1111110010101
1100110011011
0000110010110
1100111101100
0001100100011
1110010011100
0000000100000
1111001000101
0001010111010
1101100111101
0001010110011
1110011000100
0010111001000
1111010000011
0001010111111
0000110010100
0011101011110
0000001101111
0100000110110
0000010100010
0011110100001
0001000101001
0100000011100
0000110101101
0011001111000
1111111000000
0010011101000
0000001001001
0010110111011
1110111101100
0010011001111
1101011011000
0001011010001
1111001010100
0010100000010
1111100110100
0010011000110
1101011001110
0001010000110
1111000110100
0010001110110
1101100111100
0011000010111
1110101001101
0010000101110
0001001100010
0011110111100
0001000010100
0011000101011
1111111101001
0011111111100
0001001111000
0010110010110
0001010100011
0010110011111
0000101111001
0011010110001
1110101000111
0001110101101
1110001101010
0000111110101
1111001011000
0001101111111
1101101000000
0001100111000
1110100001101
0010110001100
1110110011011
0001010001100
1110110001010
0010001111100
1111100001010
0001001111010
1110001111000
0011000001010
1110011111011
0010110000010
1110011011010
0011011100001
1111110100101
0010001110111
1110101011001
0001101100011
0000010000111
0000001111010
1110011011010
0001000000010
1101101010010
0001001101101
1101110000011
0001011101010
1101110110111
0000010000110
1111100101011
0001101101111
1110001000010
0001111001000
1110010011111
0000010001010
1111101001001
0000001000100
1101100101111
0001000001101
1110111000110
0001101100101
1111001011110
0000011011010
1110111001000
0000011001000
1111110010010
0001111110110
1110000010111
0010010110110
1101001101101
0010010010010
1101100111101
0001110001110
1111101110110
0001111101011
1111110100001
