0001110010111
1111110111101
0001110101101
1110110101111
0000010001110
1101101010011
0001010010111
1101010110111
0001010010100
1101101001101
0001100110111
1101110111010
0000010100001
1110100101011
0000001110100
1111111101011
0000100110001
1111111001010
0000110000010
1111000110010
0010000011110
1111111010110
0010100110111
1101011110110
0000000111010
1110100100011
0010000101011
1111010000000
0000111010100
1110100000100
0001001110000
1101010010100
0001100111111
1111101111101
0001000001100
1110000000110
0010011100010
1101011111111
0001101000010
1110110100000
0001101111010
1111010101011
0000011001111
1101101101000
0001110111001
1111010100001
0010010001011
1101011111001
0000101111101
1111101111001
0000100100110
1111111101010
0000010101011
1111100101110
0010100001111
1111100011010
0001110101111
1110001100000
0001001100101
1101001111100
0000100000010
1101100101010
0010100111001
1101101010010
0010010010000
1110101011011
0000101110010
1100111111000
1111110011001
1111001000011
0000000110011
1100111010011
0000000000111
1110011001010
0001100110000
1101001000110
0001100101111
1110011100000
0010001100000
1101011001010
0001100111111
1111111000000
0010100100110
1110000010101
0000100010001
1101101100100
0010011010000
1101100111110
0001010100001
1111001011010
0010001100110
1101110000001
1111101111101
1101001001101
0000011001010
1110101010000
1111000100000
1100000100010
0000110110110
1101010011010
0001000100111
1110011011000
1111110100001
1110110010110
0001001110010
1101011010000
0000001101100
1111001000001
0000111010100
1101011001001
0000101010000
1101011111011
0010101110110
1111100100011
0001101010111
1111100010011
0010101111111
1110101011100
1111110011110
1110001110100
0001011011000
1101000101000
1111101010000
1100110111011
0001010111011
1110000111001
0010000011111
1101101000100
0001010001000
1101011111101
0000001111011
1111100000000
0000111010110
1111100000100
0001001111111
1101011111100
0000001000110
1110100000000
0000101000000
1111000001110
0001010010101
1110101110001
0000101011111
1110110010010
0001101111101
1101101100111
0001100010100
1101111000110
0000001110001
1101111100010
1111001011010
1111000010011
0000010101011
1110110101001
0001110100010
1111010111000
0010001100100
1101111010111
0010010010010
1101001001110
0010000110110
1101010110010
0000110010101
1111011011001
0000001101001
1110000010000
0000000111111
1111101010100
0000100111000
1111001111011
0001010011011
1110000111010
0010000110110
1110001010001
0000000110000
1110101010011
0001000110010
1101110000001
0001100000101
1100110101000
0000010000100
1100011001101
0001101000010
1110010101011
0001001111010
1110010000010
0010011001101
1110100010001
0010100001011
1110011000011
0001110110011
1110000101011
0001011001010
1101000010000
0010001010100
1110000000111
0001111001011
1101101000100
0010010010110
1101011111001
0000011000011
1111010011001
0001011100011
1101100011011
0000011001111
1110011000001
1111111011010
1101111111000
0000010011111
1111000101010
0000010010100
1101101110100
0000011100000
1111010111101
0001010001101
1111101011101
0000100110100
1111000101010
0010011101000
1101000100000
1111001101101
1101100110100
0001000111110
1101110101000
0001110000011
1111001010110
0001001111101
1111000110010
0000011011010
1111010101001
0000110101111
1111110100011
0010010011000
1110011110111
0000001100011
1110001000001
0000111100110
1111000101111
1111100010011
1100110011000
0001001001110
1111011101101
0010101011000
1111000110110
0010000010001
0000000110101
0010000001100
1100110011110
0000000001000
1101001010111
0001110100001
1110000001111
0000100001110
1111010000010
0001001100111
1101100111110
0001100111011
1101111010100
0000110101000
1111000000111
0000111010001
1111100100101
0010011100000
1110000111100
0000000010100
1101101111010
1100110000100
1101000100101
0010100011011
0001100011011
0010110110111
1110110100100
0000010000101
0000110010000
0001001101011
1101000010100
1110110000000
1100001101111
0001101010101
1101111101111
0001000111111
1110100001101
0001000001001
1110010001101
0010001010101
1110001010011
0001110100001
1111100110001
0010000100110
1110110100111
1111100110110
1101000101000
0000100011101
1010100001110
1101101001010
1110000110101
0011101011111
0010100101010
0011001110011
0001001000000
0010111011010
1111001010110
0001100100011
1110011011101
0001100100101
1110011010001
0000110101010
1111101100101
0000010101000
1111100010010
0010000101101
1110011110010
0001110111101
1111101110111
0000100000011
1110110110011
0010010010101
1110010011100
0001011110001
1101011110001
1110110100011
1011100101111
0001100101000
0001001111110
0101000110010
0001101001001
0100001000001
0000111010010
0100001000001
0001101000000
0001111010110
1101010111001
0000011011110
1111010000111
0001011111001
1111100001100
0001001100010
1101010000100
0000100110001
1110010010101
0000000111100
1111110000110
1111110101101
1101100000101
1111110110000
1111011110110
1111101011011
1110001111001
0000000010011
1110101100111
0100000010001
0001110000110
0101000000100
0001010100011
0100000000000
0001000101010
0100100010001
0001010000001
0001110000100
1110010101110
0001101111111
1110101101011
0001001000001
1111111110100
0001101111011
1101010010011
0000011010110
1111101101100
0010011010100
1110100101011
0001000111101
1111001011010
0000100100000
1101100110110
0000000001111
1100100011111
0001001011101
0000000111000
0011011000010
0000110111100
0011011011111
0001001011101
0010110010101
0001110011110
0010100100011
1110011000111
0000111111011
1110000101110
1111101100110
1111101111000
0001101001100
1111110100011
0001010111100
1101001101111
0000001011011
1111101011001
0010111101000
1111100111111
0000011010100
1101001000100
0000011101111
1100101010010
0000100101001
1111000010100
0001110000011
1111101100000
0011010011101
0000100111101
0100010010010
0000110110001
0011101111111
0000110101101
0001011111011
1100111111110
1111000101011
1101000011001
0000111010110
1101001010100
0001110010010
1111101100101
0010100100111
1111010100111
0000011110010
1110111111110
0001001110010
0000000100010
0001111101000
1111100000001
0001001101100
1101001000101
1110011011111
1111111000111
0010111111100
0010000011010
0011000011001
0000110101010
0100000010011
0000110110100
0000100101011
1110010010100
0000110110011
1100111000101
1111000110010
1100011011100
0000101011111
1110101010000
0000101010100
1110011011011
0000100011110
1101100001111
0001110111110
1111110110101
0000110100101
1110110100011
0010010011011
0000000001010
0001110001011
0000000110100
0001010001000
1111001111100
0100001101010
0000111100101
0100010000100
0011000100010
0011101000001
0000001110011
0010000011100
1110001111011
1110111100010
1111000001011
0000100000000
1101000011111
0001001010011
1110001011101
0001011001101
1110011011001
0010010010111
1101111011000
0000010101010
0000000101101
0010001011011
1110101110011
0000101000001
1111001111110
0011111001000
0000001001111
0001010100111
1111100100110
0100100111101
0001111101111
0011001111011
0000110111001
0001111101001
1110110101011
1111110000010
1100000011101
1110100110111
1100111100001
0000011001010
1110100101100
0001001010110
1111110010110
0000001000110
1110110011100
0001011101000
1110011100101
0010110000001
1111010001111
0000111110110
1111111111110
0000101110011
1110000001001
0011101101011
0000011101000
0011011000011
0000111001111
0011111001010
0000100111011
0001100000000
1101011110010
0000010001110
1100011101011
1110101100111
1100000111001
0000000000010
1011110100011
0000111111001
1101001001111
0001001111100
1111001100111
0000110100011
1111101101101
0000110011110
1111000000110
0001011110111
1101111100110
0010011110010
1110010001110
1111101011011
1110111111110
0000111001101
1110101000010
0000010001010
1101110100111
1111000101101
1100001011111
1101110111100
1101010100001
1111010110110
1100111000111
1110110010110
1101011001101
1101110111000
1101100000111
0001010110111
1101100100011
0000111000100
1110101001100
0010010101001
1101110000001
0010001100000
1111100110110
0010100001111
1111111010110
0001011011101
1110100000011
0001111001101
1110000000100
0000100010101
1101101001110
1111100000101
1100001100010
1110111111001
1011101010110
1101100101110
1101001000100
1111110001010
1110010100110
0000101011110
1110000101010
0000011000111
1101001010110
0000000101010
1101101110110
0000100101001
1101011111001
0001111010001
1110100111010
0001001001001
1110100001000
0000110101010
1111011111101
0001101000111
1111100111110
0000111001011
1110111110010
0000010111100
1110100111101
0001010100100
1110001011001
1111101110110
1111001101100
1111111011110
1101111001011
0001100010101
1110001100000
0000101000000
1110101000111
0001000011110
1111111001111
0001100001001
1111001100010
0010010000000
1110001100110
0000010001011
1111111111101
0001100101101
1101110011000
0001011001110
1101001101001
0000101010000
1101110010100
0001001001110
1101001101110
0001110101000
1101111110011
0000110001100
1111000011010
0001010110100
1110100001001
0001001000010
1110100010111
0001100101001
1110111001001
0001110000001
1110001000000
0001100101001
1110000010011
0000101100000
1111011010111
0010000111011
1110001001100
0001011101000
1110011010110
0000111010100
1110010001111
0001100110011
1101011101111
0000111010010
1111101100010
0010100110111
1110001010001
0001100100100
1110001111111
0001000001010
1101101011110
0001100001100
1110100101001
0001110111101
1111101001011
0001001100111
1101110110011
0010001101100
1111000000110
0000000111111
1111100111111
0000110010110
1110001110001
0010110001100
1111001000010
0010101101101
1110000010101
0010110001101
1110101000110
0000101111111
1111001000010
0000001111111
1101101011011
0000100111000
1110101100010
0010000101001
1110101000010
1111111001111
1101111011100
0000000010100
1100110110010
0000010100110
1101000011111
0001000110110
1110101100111
0001000110111
1110111111111
0010010111000
1111001101011
0010010110100
1101110110011
0001100111111
1101010111000
0001100111001
1110100100000
0000101110110
1110011110010
0000100110010
1111010010110
0000000011111
1110100111000
0001100100110
1111011011011
0000101011111
1101100100100
0001101101111
1110111111110
0001101010010
1100111100101
0010000000110
1100110010110
0001111011100
1110000000001
0001010001001
1110010111011
0001111010110
1111101100011
0010100111111
1110111000101
0001010111011
1110000100101
0000110001100
1111111000000
0001110000101
1101100111010
0001100100000
1101100000101
0001000111101
1101110101110
0000010110001
1110101111000
0000100100100
1101110101011
0001001010100
1101110000111
0000011111011
1110100111100
0001010011010
1110001101010
1111100100000
1101100001000
0000101010111
1101100100010
0000110100111
1101100101100
0001001011100
1101010111111
0010110010101
1111000011110
0001000011001
1110101010100
0000000100100
1110001011011
0001011101101
1110001011000
0001011010001
1111110001101
0001100001010
1101011110001
0010010110101
1110000011011
0000111001000
1111101001111
0001000001100
1101011010011
0001101101110
1101011011010
0000010000010
1110110010101
0000100101100
1111100001111
0000011010100
1110011010101
0000000000100
1110110001101
0001001100000
1110110100111
0001000011111
1110110100110
