0010010100100
1111110000010
0001101000101
1101011001010
0001111001100
1110111010110
0001011011100
1111001100000
0000000011010
1111101101110
0001011010100
1110010111110
0010000000110
1111001000011
0010010010011
1101011100100
0000010100110
1101111110101
0010010001100
1101010001001
0010101100010
1101010101101
0010101111100
1101110011000
0010100100111
1101011110100
0010101010011
1110011101101
0001010111010
1101111000101
0000001110101
1111000111011
0010010111001
1110001000101
0000101100000
1110100010000
0000000101010
1101110100100
0010010000111
1111110011001
0010011000010
1111000110111
0001110100101
1110011000000
0001110011101
1110101011011
0001010011110
1101111000110
0000100000110
1111000110101
0010000000010
1111100100101
0000101101011
1110000011000
0010101000011
1111100001000
0001101011011
1101100000011
0010000001011
1111110000111
0001110011111
1101101111111
0001000111000
1110101000010
0001001110101
1101111110110
1111101111110
1110010111010
0001000000100
1101100111001
0001011101101
1111000000011
0000000100001
1110111001101
0010000001011
1101101001011
0001110011011
1110110111110
0001010011011
1101011100010
0001110001101
1111010111100
0000001010101
1101100000111
0010100101101
1101001100111
0000001010111
1110100011001
0010011111110
1101110001100
0001101000001
1110011110010
0001100011101
1111111010100
0000010001111
0000011001011
0010001111110
0000010101010
0001011101101
1111010111001
0010010101101
1111000010010
0000010011001
1100101100110
0000101000100
1110111100011
0001101110001
1111100110110
0001011011010
1111001110100
0000000110111
1111100111101
0001011001110
1111101110100
0000000100010
1110110100001
0000010110011
1111110111011
0010110101101
1101100010010
0011001100001
1111110010101
0011000110111
0000011110100
0010111111000
1111110110101
0001101101101
1111011111101
0001110011000
1111110110111
0000111100000
1110011101101
1111111011100
1101001000011
0000011010111
1101010110101
0001111001001
1111010101110
0010001111111
1111001011111
0001010111000
1101101000101
0001001100010
1101010001111
0011000000101
1111011010100
0010001001101
0000101010001
0001111111100
1111111010001
0001100111111
1111110100111
0011011001010
0000010000011
0011111000011
0000111011001
0010010000101
0000001010001
0010100110010
1110010111100
0000101110100
1110110100110
1111000000010
1100010110011
0000110111111
1110000101011
0000111011100
1110110101101
0010001101000
1111011110100
0001111100001
1111011010111
0000101011110
0000101001100
0001111010001
1101110111100
0010000000000
1110100111101
0000110001100
0000000000011
0001001011000
0010100111001
0011111100010
0000010110100
0011111110000
0000101001111
0001111000000
1110000101101
0010000011110
1111100100100
1111110101001
1101010101100
1110100010110
1101101110100
0010001000110
1101110011101
0000001110110
1111010101111
0000011110010
1101110010101
0001111010100
1110100001101
0001001111101
1110011111100
0010000101010
1111010101011
0001101110110
1110100011110
0001001111001
0000001100011
0011110100001
0001101100111
0011000011110
0001001010000
0001000011011
1111101011110
0000111101110
1110010000111
0000101110111
1101000110111
1111011100011
1110101000110
0000101101001
1101110110100
0001110011101
1111100000001
0001011010111
1110000110111
0001101001100
1110010111000
0001100010001
1100011100000
0000001111011
1101111001100
0000101101000
1101110010101
1111101011000
1101000100011
0001101101000
0011000100100
0011111011011
0000000101011
0010000011001
1110010000011
0010010100101
1111000110110
0001001010100
1101000111101
1111110010110
1101010010110
0001000110100
1110110001000
0001101111001
1101110101011
0000011101001
1111001101100
0010100001010
1101100000110
0001010111101
1100110010101
1110111000111
1100100101100
1111000000000
1011011111111
1101010010110
1100100100111
0010101000101
0010000100001
0011011111011
1111111100111
0010101100110
1111010010110
0001010010101
1110010110101
0010101010010
1110110001000
1111100010100
1101000001111
0000101101100
1111100101011
0000100000111
1101110110111
0001100001111
1101101100011
0000111101000
1100101111101
1101111000100
1011110101111
1110001000111
1100011111100
1110100011011
1011000010000
1101110111101
1011110100101
0011010000001
1110111001011
0010010110000
0000010101101
0010111111111
1111110010111
0011110110010
0001001100101
0011110111110
0000110001110
0000110011001
1100111000111
0000001111110
1110110110100
0001110010110
1110110100011
0001011111101
1101100101000
1111101111110
1110000010101
1111000110100
1011101110000
0000000101011
1100010011101
1110100011000
1100100110011
1111011010011
1100000110001
1111100101100
1101101010010
0001001001100
1111011001000
0010001101111
0000110010110
0010101010100
1111001001010
0100000011000
0001001000001
0100000100000
1101011001100
0001000111100
1111111001111
0010001111011
1110100001101
0001001010000
1110100011111
0001110011001
1011111111111
1111001110101
1110001010100
1111101011101
1110000100010
0001011000000
1101111010010
1111111011110
1100000101111
1111010100001
1100111010001
0000001011101
1100010011010
0001100001001
1110011111001
0010101110100
0000000001000
0011101010110
0000100110101
0100001001100
1101011100110
0010000110010
1101011001101
0010000110001
1111100001010
0010100110111
1110010011111
0001011110000
1110011010110
0010101011011
1111000000110
0001100010111
1110110110000
0000100100100
1101000101010
1111110110010
1101101000010
0000011111000
1100000011000
1111010001001
1110001100110
1111011111100
1110011001001
0001101010110
1101101011111
0010111000010
1111010100011
0011100111111
1101100011100
0000011111000
1101010010001
0010000100110
1101011100100
0010011111001
1110100100010
0000011110011
1110010101001
0001101001110
0000000011111
0001101010110
1111110111010
1111111000111
1101011111100
0000000101111
1110110100001
1111100011001
1100110010000
1111110111100
1101000100101
1111101011000
1110110100111
0001101010100
1111011011110
0000100100110
1111000101100
0000110110010
1111101100010
0001001100001
1111110011110
0010101011000
1110011111000
0000000111011
1110000010101
0010000100110
1111101000010
0010011111101
0000110010011
0011001100111
1111111101001
0000101101111
1110101011100
1111000001100
1100101000101
1111111010010
1011110010100
0000001100010
1101000011110
0010001110010
1110000111010
0001101111010
1111101110011
0001100000001
1111001000000
0001010001010
1110000100000
0000101101000
1110110100010
0010010001011
1110010101000
0001011110101
1110000001010
0001100001010
0001010100100
0011011100000
1111110110111
0010000000011
1111001010100
0000110101100
1110011001110
0001000010000
1101001010111
1101101111011
1011111001110
1111011100011
1111101011101
0010101111101
0000010011101
1111110100100
1110001110111
0010010100110
1110001110100
0010000101001
0000000100000
0000111111010
1111111000100
0010001001101
1110100001001
0001011101001
1110110010101
0001100110101
1111011101010
0010011110000
1111110111011
0001011100001
1101101010100
0010001110101
1100110010001
0000001111101
1110000010100
1110001100111
1101001010100
0010001010111
1111011010011
0001111111011
1111000111101
0001010110101
1111001001001
0011000111010
1110000111101
0010000110000
1110110111001
0001010111001
1110111100011
0001100110011
1101110100111
0001010011000
1111110000110
0010000001011
1111010011011
0010110101110
1110100100100
0010100011011
1111001101100
0010000000110
1111011000110
1111110001110
1101001011000
1111100011010
1110100010000
0011101010110
1111110001110
0011001101000
0000011110101
0000101001100
1111010100111
0000110100111
1101110010001
0001010000110
1111101110111
0001111010111
1111110111111
0010000010110
1111101010011
0001010011000
0000000111110
0011101111001
1110110111111
0010000010110
1111100001101
0001111000111
1110111101110
0011001110000
1111111111011
0010011011001
1110010101011
1111111010001
1110010101000
0010000011011
1111011110111
0001111000000
1110111110001
0000110000010
1111011100101
0000111000000
1111001011011
0001110011001
1110110001010
0001000001111
1101011011001
0010000101100
1111111101110
0010110011111
1111100100101
0001110111011
0000000100001
0010011101111
1111101000111
0000000010110
1111001000110
0001001110000
1110000011010
0001111100000
1101000111101
0010000111011
1110011100010
0001001100010
1110011100100
0010111001000
1111101000000
0000111101010
0000001111001
0000111011001
1111010011100
0001011100000
1110101111110
0001111001110
1101010111011
0000001010001
1111111011111
0010100001101
1110011011001
0001010001011
1111000011000
0001010011010
1111100100101
0000100100101
1111111001101
0000100110101
1111001011101
0001001101000
1110111000011
0001100100101
1110111000000
0001010100001
1111011111100
0000111010000
1110100010100
0010011111000
1101101110010
0000010100011
1101011111000
0000011110000
1111010101001
0000101101010
1110101110100
0010010010000
1101011011110
0001001110100
1110000000000
0011010110010
0000001101011
0010101101011
1110000101101
0001000111101
1110010001100
0001001111110
1111100100000
0010011100000
1110101110101
0001010100011
1110001111011
0001111001000
1110111110000
0010010011100
1111101010011
0000110010011
1111101001011
0010011000001
0000000001111
0000011101100
1101110101010
0000000010110
1111100000100
0000001110010
1111010001111
0001110101111
1101101111000
0000110001100
0000001011110
0010100110011
0000001101101
0001001000000
0000000110001
0000111101111
1111100101100
0001111010010
1111010101011
0001011010101
1110100111101
0000110001110
1110000110011
0010100001101
1111000010100
0001000010100
1101101010111
0001011101100
1101111000101
0010101000010
1111010111001
0010010110111
1111111000110
0000000011010
1101100111011
0000101001010
1111110101001
0000011010101
1101100111001
0010100001111
1110111001110
0010000101100
1101100101011
0000110111010
1111111111101
0001011010100
1111001100101
0001101101010
1101111100110
0001010101010
1110111100100
0010001000100
1110101000011
0001001010011
1101100000101
0001110001101
1111110011110
0001101011111
1111101100111
0010010111101
1110100010111
0000111101011
1110000110010
0001100100101
1110111110101
0001011011000
1101101011110
0000111100100
1101100010001
0001000101001
1101110111100
0001100001011
1101101111000
1111101010100
1110001101110
0000111101110
1110000100010
0001011010010
1110110111110
0010011001110
1110011101001
0000110100011
1101001110011
0010001110010
1101100110101
0010001010001
1110101111101
0010100011110
1110111111100
0001100101101
1101111001011
0010011101110
1101011101000
0001001101010
1110101111111
0000101110001
1101001110001
0000011011011
1101100100000
0001001110101
1101001010001
0000000111111
1101111100101
0000001010111
1110010010000
0001110100001
1100110100101
0001111100101
1110000101001
0000011010110
1101110000101
0000011010100
1110101001100
0010000001111
1101010010011
0000111011111
1110100111001
0001001011011
1111010100011
0010011001011
1101001111001
0010110010011
1101111100000
0010100000110
1110110100000
0000011111111
1111011110110
0001000000100
1110110111011
0010011110000
1101001010000
0000100010111
1111101101111
0001010111010
1110010100000
0001001101110
1110111110010
0001100100010
1111010010010
1111111101110
1101111111000
0000000100000
1111100010100
0000100011101
1101111010001
