0000100101100
1110011000111
0000110110001
1101110011000
0000000001001
1110001100010
0001010010100
1110111010010
0000101110111
1101011000001
0001000011010
1110010100110
0001110001111
1101010110110
0000101010000
1111111010111
0010100110100
1101010101010
0001100111111
1111101100111
0000111010010
1101110101001
0010100010100
1101101111010
0001111011100
1110100111101
0000111111000
1101100111100
0001001001110
1111101000001
0010100100011
1110010000110
0001111110111
1111011000101
0001001001000
1110000000000
0010011011010
1101100100100
0000010010101
1111101001001
0010010000010
1110101010001
0001111011101
1110100111110
0001001111011
1101010100100
0001010100000
1111000000110
0010100011110
1111110111011
0001010010011
1111010101001
0010010011100
1110111110010
0000001000011
1110100100010
0010011010001
1110111000100
0001000001001
1111001111011
0001011111010
1111001101101
0010011111110
1111010101000
0001011010001
1111001011011
0010101011101
1111000000010
0000100001010
1111111010010
0001011000011
1101001100000
0001100100101
1111100000001
0001001110011
1101011010010
0000101000010
1101100011110
0000110111101
1111101110100
0010100110100
1101110101001
0000111100000
1101111001001
0000011001100
1110111011100
0000101111100
1111111111101
0010001011111
1110001111011
0000110001000
1111001101100
0010101100111
1111110110010
0001111101000
1111011000001
0001110111011
1111010000001
0010101111110
1110011011010
0010000000101
1111100111100
0010000100111
0000000000011
0001100100001
1111111100100
0000000110001
1110001000001
0010100010000
1110111011111
0010001010000
1101101011111
0000011011111
1111101101001
0001100111110
1111001010110
0001011000000
1101101010001
0000111000011
1111011000110
0001100101011
1111000001000
0010100001111
1111110101111
0010110011000
1111111110110
0001111101011
1111000001001
0001011111000
1110100000000
0010101001010
1111010011111
0001101111001
1110000011010
0000010100011
1110110001000
0001001111110
1110111110101
0000000001111
1111000001010
0010000111011
1101110100000
0000011111101
1101011100001
0010011111010
1101111100111
0000110010111
1111010101001
0010011101000
1111110100001
0011010100001
0001001101111
0001001101000
1111110110110
0001001100101
1101100010101
0000111101101
1111110000111
0000110100011
1101010111001
0001110101101
1100110000010
1111110010101
1101110011101
0000101011111
1110101101011
0010110010111
1101111010011
0010011110101
1111111110100
0000010001010
1110001100000
0010001110011
1111011110101
0010000010101
1110111101011
0001011000110
1111011011100
0001110101110
1111101000110
0010000100001
1111100011110
0010010100111
1111011010011
0010110001111
0000000100010
0001001010000
1111010110010
0000101011111
1110110011101
0000010011000
1111010000011
0000010110001
1110111101000
0010011111101
1111000011011
0010110000000
1101100001100
0000001111100
1101100101010
0010100010101
1111110010011
0010000011000
1111000000001
0010100011111
0001001000100
0010010111101
1111100111100
0011000001100
1111111011011
0000110101010
0000100010010
0000110100101
1101111000101
0001010100010
1111101000011
0010010111010
1101111010011
0000110100101
1111011000010
0010111110011
1110110000011
0001101100101
1101100111010
0000000101010
1110101000101
0000100010111
1111111110001
0001001001100
1111011011001
0010110111100
1111111010100
0010000110101
1111110000011
0011100000101
1110011100111
0001110101101
1111011010000
0001000101100
1111001001001
0010001101010
1101111000110
0000101100000
1110001111010
0001010100111
1110000111111
0011000010100
0000001011000
0010001000111
0000000111011
0001111000001
1111011000001
0001111000110
1111001111111
0000001110000
1110000010001
0010001100101
1111011001011
0010010001110
0000000011011
0010001001110
1111000001011
0001111111011
0001000101101
0011100010001
1111010111010
0001111101000
1101111001110
0000100000010
1110001100101
0001111101010
1111111011101
0011000011010
0000100100110
0001011111001
0000100110000
0011000111111
1101100101011
0001010001010
1111001110111
0000010011000
1111101101100
0001011010110
1101110101000
0001000100101
1110011101110
0001100011101
0000000011100
0010111001001
0000000100111
0001010101111
0000001001100
0011011000011
1111000011010
0000111100101
1100110001010
0000110000110
1110100011101
0001000100111
1111000100010
0010110000000
1110011111110
0011101100110
1111100011001
0011001100100
1111110110000
0001110100111
1101101101001
0000010010011
1111110011101
0000010010111
1111011101101
0000100000100
1110011001111
0010111101011
1111000000101
0001000110100
1111011100001
0010101110001
0001011011011
0011001011110
1110100000011
0001010101110
1101100011110
0000001001000
1101110110101
0001000111010
1111110001110
0001101101110
1111110001101
0000111010111
1110001001000
0001010011010
0000001100010
0001000011111
1111001011010
0000010100101
1111111111011
0000010111011
1111011100101
0000010010000
1111100001101
0001010101111
1111101001111
0010101110010
1111010111110
0011001001000
0001100000001
0011011101000
1111100110110
1111100110111
1101010001010
0000010011000
1111000011100
0000110110000
1111000110100
0010000010110
1111110110110
0000111111101
1110101001000
0010000110111
1111011000010
0001010011110
1111111011101
0000101111111
1101101101100
0000111100000
1110111101100
0010011001010
1110111000011
0001110010100
1101101000101
0001111101100
0000010110001
0001011110110
0000010011100
0001111011001
1101011100001
1111111101011
1101110110101
0000101111011
1110110100111
0011100100111
1111101000100
0001000001101
1101111000000
0001001011101
1111000110001
0000101111110
1110101111000
0000000110000
1101100111101
0010001011010
1110101111000
0010011101010
1111111001100
0000110011100
1111100011111
0001010010101
1111111000111
0010000010011
0000100000000
0011110111001
0000010100001
0000001000100
1110101100111
0000100011000
1110011101011
0000001111111
0000001100111
0011101110100
0000010001100
0010111111100
1110010100111
0010100010001
1101101001100
0001110100111
1111101001110
0000111010010
1101110100010
0001110011000
1111000110000
0001110000111
1110110110100
0010001110001
1110110010111
0001101000101
0000010001110
0010100000000
1110010111001
0001010000101
1110111110000
0001100100000
1101110110101
0000001111000
1110000000000
0001000100110
0000010110110
0010100110101
0000001011001
0010100001101
1111100011110
0001101111101
1110101100100
0010110111011
1111000011011
0001001101001
1110010001010
0001010101011
1101111001111
0001000111011
1111101011111
0000010010001
0000001111001
0010001001001
1110011110001
0010011110011
1101101001101
0010001000001
1110010100000
0001100111011
1110001010011
0000110101010
1110111100000
0001011010001
0001001011001
0011011000010
1111100110001
0010001000111
1111100110101
0001111100111
1111010010110
0001100110000
1111101010111
0010010110110
1110100010001
0001010111011
1111010000111
0000011001101
1101010101000
0000001101001
1111000010011
0001011110001
0000111011101
0010010110001
1110011111010
0001100001111
1111010000010
0001000001101
1100011110101
0000101111000
0000001000101
0100000010011
1111001001110
0010000010110
0000101101000
0000110000101
0000000111011
0001011011010
1110010001111
0001001010010
0000001001111
0000000101010
1101101001011
0000011011100
1101100100101
0001000001110
1110001111100
0000101001111
1111011011011
0011100100011
0001000010001
0000100000001
1101111000100
0000010011000
1110001110011
0000100010110
1110110111011
0010001100000
1111011011101
0100001111001
0000111101001
0010001100000
1110010111010
0011010001111
1110011011101
0010110110010
0000000110110
0010011110010
1111011000001
0010001100001
1111100110001
0000101100111
1101101100001
0010101111110
1110111010100
0010001010000
1111111001001
0001101001111
1110110100100
0010101010101
1110000000010
0010110011010
1101100011110
0001000000101
1111000011000
0001110110101
0000000100110
0010000110111
0000001001100
0010100011111
1111111100101
0001100011101
1101110111011
0001000010011
1111100100011
0010001010110
1111111111111
0000110111111
1110011100111
0000101100110
1111101010010
0001111100010
1110101010101
0010110001100
1110100101000
0010101110110
1110011000001
1111111010010
1101101110110
0001111101001
1110001111010
0001101011101
1110110000111
0010001110111
1111000100110
0010100000010
1111110101111
0010101111001
1110010101010
0010010010010
0000001110111
0001010000100
1101111010010
0000011101110
1110101111101
0000001011001
1101100101010
0001010011110
1110110111101
0001001100100
1110000000101
0001011011100
1111011111111
1111111101010
1101111101011
0001110000110
0000010010111
0001000110101
1111001011011
0001000001011
1110110111111
0010001110101
1111001111110
0011001010011
1111000100001
0010101100001
1111011000011
0010110011000
0000000001101
0001111000010
1111011010101
0000111010111
1101100101010
0000001101100
1110110000000
0000111000111
1111100100001
0000111010000
1101110100010
0001011101011
1101001101001
0000010110101
1110110100000
0001111001001
1110010110011
0010011011010
0000000101000
0011101011111
1110111000101
0001011110010
1110000010011
0000001110010
1111011101000
0010000110100
0000000100100
0001110101100
1111111000010
0010100111100
1111100101100
0000111101110
1110110010110
0001001100111
1110001010111
0000110100101
1110100101001
0000010001111
1110010110110
0001101110111
1110000010010
1111111101111
1110100110100
0000000110001
1110001110010
0001110110100
1110010110000
0010001111011
1110001011000
0001111111001
1110011111001
0000101101001
1100111001110
0001010010001
1110010010010
0010111111101
1101101010100
0000001100011
1110111011111
0000010001100
1101100010100
0001100110101
1110110001110
0000110111101
1111111110110
0000010000010
1110010101111
0001011110011
1111011010010
0000010111000
1111100110110
0010010101010
1111011111000
0010100010010
1111010011000
0010011100011
1111010101101
0010111101010
0000010001111
0001111110001
1111011010100
0001110000010
1111111000111
0000100100011
1101011011110
0010011111111
1111101110010
0010011100101
1101011100011
0001011001011
1101010010001
0010001101010
1111110010011
0001001001000
1111101110010
0000010000110
1110101001010
0010000001111
1110100100001
0010001110001
1101111100001
0010110110101
1111100111111
0001111011010
0000001101110
0000100111110
0000100110001
0010111101110
1110010000011
0000100101110
1110110110110
0010101001111
1101111000101
0001100100100
1111101111100
0001111101100
1110101111101
0000100001101
1110011001000
0001000000001
1110000100111
0001100001101
1111100101111
0010001001000
1101010101100
0000101100100
1101101010100
0001011001011
1101100001111
0001010101100
1111101110100
0010101010110
1111101001001
0001011000111
1111000111110
0001010001011
1110110010110
0001010010011
1111010010000
0000011011010
1110010010100
0010000001111
1111101111111
0001000010010
1111001100111
0000100000011
1111110011011
0010000011100
1110111110000
0001110011100
1111101111101
0000001001111
1111011110000
0000101010100
1101101101011
0000011001100
1110101001101
0001110111001
1110010110001
0001001100110
1111101100101
0010000010111
1111001011100
0000111010101
1111100100100
0001111101001
1101111111011
0001101011110
1111101000111
0010110001011
1101111001000
0010000101001
1110000000010
0010010111010
1111101011111
