0000100111100
1101101011000
0010110001100
1110111101111
0001001111110
1110001001111
0000000111111
1111110111010
0010000111010
1111100000111
0000010000110
1110010001011
0001100000010
1110100101111
0000100100101
1101100110111
0001110000010
1110001111110
0010101100001
1101111011100
0000110110110
1110001000010
0001101001100
1111001001110
0001010011000
1110110000011
0010101000000
1110011011110
0000011001111
1111111111010
0001010001110
1110111110101
0010010101110
1110101111111
0010000101000
1111010000001
0000010111000
1101110110011
0000111011101
1101100101111
0010101011110
1110110110001
0001010110000
1110101001000
0010100111011
1110000111001
0000111110001
1110011101111
0000111001011
1111001010011
0000110101000
1110010001111
0010101110000
1101100001101
0010100100100
1110110010010
0000111010110
1101100110110
0010110010000
1110101011001
0010011001111
1110101111101
0010011000100
1110001001011
0010101001110
1110100110001
0010111111010
0000001101101
0001010111110
1111100111111
0010111010111
1111100111110
0010010111111
1111001101111
0010010101100
1110011000010
0000010011100
1111110100101
0000110010100
1111001100100
0001010010010
1110100101000
0010101010001
1110110111111
0001000110000
1101100100110
0010010101111
1101111110101
0010000001011
1101101100101
0000100110001
1110100000100
0001000011100
0000101001010
0001010100100
1111111011000
0001110111100
1111110000111
0001011000110
1110101001001
0010100000011
0000010100100
0001010111011
0000000101000
0001111011011
0000110001101
0011010100100
1111010010010
0000101100111
1111100000110
0010000100011
1110010101101
0001110110111
1110000011100
0010110010100
1111110101111
0001100010101
1101101000111
0010000110011
1111001100101
0010000001001
1101110100001
0010100011010
1100101001001
0001111011100
1110111111110
0000011010011
1110110100101
0001011001011
1110110011011
0001100010111
1110011011101
0010001111111
1110111110010
0001010000100
1110001010111
0001111100100
1111010000000
0000010110100
1101010000110
0000111100000
1101100001100
0001100110100
1101001001010
0001011110000
1110001010011
1111110000110
1111001110001
0001000000001
1101101010100
0000000010011
1110000110111
0001000011010
1110101100100
0000100011111
1110000000100
0000000010000
1110011001010
0000011111101
1110011011100
0010000011101
1110010010110
0010001101111
1101010010101
0001001010110
1111100110010
0001010011000
1110100100000
0000100001011
1110001111111
0001010111110
1110011010000
0001000111010
1111001111101
0000110000100
1111010111010
0001001010000
1101111001100
1111011011000
1110110001011
1111110001110
1101000010101
0000001100101
1110111100010
0000101101011
1110100000100
0001101001000
1110101101101
0000100110100
1110011100010
1111001000001
1100100111100
1111010000111
1100100011011
0000110101110
1101010011000
0010101110111
1101100001000
0001010011101
1111010110010
0000111100000
1100011101111
0001010100101
1111100111011
0000000010010
1111010010110
1111101110100
1101011100010
0000100000110
1101110010100
0000111010010
1110100000010
0001010111110
1100111010100
0000110111000
1100110100011
0001010101001
1101100011101
1111010001011
1101110100111
0000001011101
1101011011111
0001110111011
1101010010011
0001010101110
1111100111001
0010011110110
1110100000100
1111101011010
1110011100100
0001100000001
1110010110100
0001000011011
1111100100011
0001000110110
1110101111100
0001010111011
1111000000100
1111101100000
1110110011110
1110111011110
1101011001101
0000100111111
1111001011100
0000011101100
1100101101011
0001000111111
1100100110111
1110011110010
1101111011010
0000111111110
1101100010010
0010001011010
1111010111000
0010001111000
1111001100011
0000111000111
1101111100011
0010000111110
1111000110011
0000011111111
1111001111101
0010001110000
1111000110101
0011010011110
1111110101011
0010101001111
1111011100111
1111011111101
1100011110010
0000001100010
1110010000100
0000011101010
1100011010111
1110110101101
1101001111111
1111001010001
1101110101110
0000111000001
1101100001111
0001001010010
1101010010000
0001111100111
1111010100010
0000011001011
1110100111101
0001100110111
1110110001101
0001001111110
1111101110110
0010110111000
1111011111100
0001110000000
1110000001100
0010010010011
1111011011111
1111110011111
1100101101100
1111101000010
1101010111111
0000010010110
1101111010101
0001101101010
1110110000001
1111111001001
1100010001100
0000001011100
1111010011101
0000010010011
1110001000010
0000001110111
1110011101100
0001110110111
1110001100001
0010101000100
1110011111101
0001101101010
1111111110101
0001001100101
1110100000000
0000100011001
1110001110011
0010100000101
1110100010011
0000110101100
1101100101101
0010010011001
1110100000111
0001110110000
0001010100101
0010001100101
1110001010001
0010001001100
1111011111000
0010100011000
1110111111010
0010110011001
1111100010110
0001101001110
1111101100110
0010011110111
1110011001001
0010001011100
1111001001000
0001010110101
1111001100001
1111100101001
1100010011010
0000001001101
1101010101000
0001101110101
1111010101101
0001010001111
1111101101001
0010001101101
1111101000110
0001101110111
0001011000111
0010100111001
0000000110100
0010011011001
1110110001011
0000111111011
1110100101110
0001011001100
1111000001011
0010011010001
1110101001000
0001100011110
1110110000000
0001100001111
1110110001011
1111110010111
1110110101000
0000010110011
1100010000101
1111111100101
1111100010001
0010001011110
0001101101111
0011001010000
1101111001111
0010001110011
0000000100001
0001110001011
0000110011101
0011000011100
0000011010011
0011001000110
1110001101111
0010001111111
1110010000110
0000011001001
1111100001011
0000010110001
1110010001010
0001011010100
1101000010000
0000100010111
1111010110101
0000000001000
1100100100100
1110111001010
1101001011100
0001001010011
1111110100110
0010010010000
0000100111101
0001111110000
1110011111101
0000110010010
1110001100010
0001011100010
1111100101100
0001101100000
1110100100101
0010011101100
1101101110000
0000010001001
1101111100101
0001100010111
1101100000100
0000111101111
1110001000011
0000000110010
1110100101000
0001011010001
1110011100101
0000100101010
1101000110010
0000010000100
1101001101100
0001010000101
1111010111000
0100010011001
0001110010111
0001110111101
1110011111000
0001010000101
1101010001011
0000000000101
1111000101011
0010010001010
1101101101100
0001100111110
1111100101011
0001111100101
1110111110001
0000001011011
1101110001001
0000001100111
1110001111000
0001101101011
1110100101010
0001001011100
1110011110001
0010110010010
1110011110111
0001100101011
0001011111100
0010101000110
0000101011110
0100010100101
0001000011111
0010011011010
1101000001110
1111110001111
1110111011001
0000010100101
1110001011101
0001010000110
1101011001100
0000111101010
1110101101100
0010010111111
1101010101000
0001111111000
1110010111110
0000110010101
1101101010000
0000100001000
1101111110110
0000010011000
1111111101101
0011010001000
0000110111000
0101001000000
0010101101010
0100011101111
0100000011000
0100001010010
1111101111011
0000111000000
1100001011000
1111111001101
1100101110111
0000000011001
1101110111101
0001101101000
1101001111110
0001001000011
1110010101011
0010001111100
1101110001101
0000011001011
1110000010011
0001111110111
1101010001010
1111111101100
1110001111101
1111011101101
1101011111001
0001111101000
0011010000100
0101010011010
0100000011101
0101001010100
0010001110110
0010010001010
1111011111011
1111100110110
1101100011001
0000000000110
1101110010100
0001101110001
1110011011011
0000010111111
1111010101010
0001100000000
1110111110011
0000010011010
1101011100101
0000001000000
1101010111110
0001111000011
1110111110111
0000101110101
1101000001001
1101110011011
1100010110111
0000101010011
1111000011110
0011000101000
1111100110001
0011010110111
0000010011000
0000110101101
1101111010000
0000100111101
1110001101101
0000110001011
1110110011111
0010000010001
1101001011111
0010000110001
1110011011101
0000100101101
1111010000000
0010100011110
1110001110010
0010000101111
1111111100010
0001011100111
1101011001001
0001101110000
1110001101110
0001101000110
1101111010100
0000101000010
1110110101001
0000111011010
1111010011000
0001110111000
1111010110110
0000010111110
1110110000110
0000011001010
1110010001100
0001011011110
1111101010000
0000010011000
1111110111010
0001100011000
1110000111111
0000011001111
1111000111010
0001011111111
1111100100010
0001111011001
1110110001010
0010001000111
1110100111010
0000101111011
1110010100010
0000001010011
1110110011101
0001000110110
1111010101111
0000011011010
1111010010010
0000100111101
1110101001110
0001010010000
1101010110110
0001101010101
1110001010000
0001001001110
1101111111100
0001010011111
1110001010010
0000111001101
1111010110010
0000011110011
1110011110110
0000101101001
1111110001111
0010100111110
1101110011010
0000100101111
1110000111001
0000010001001
1111101100011
1111111110010
1110010111101
0001001110000
1111010001110
0000110001010
1111011011010
0000001011011
1110010001100
0000000111111
1101110010011
0001000111100
1101101010011
0010010011101
1111110010011
0010110100010
1110111010101
0001000111011
1111111011000
0010010001001
1111000010001
0001100001111
1101101101000
0010101001011
1101110000111
0010100000111
1101011000111
0001010000001
1111001101111
0001001000000
1101101100010
0000111001011
1110011110001
0000111100100
1101100011111
0001001101011
1101011100101
0000011011000
1110000111111
0001100011000
1101111010110
0000100011101
1111100011100
0011001000010
1111000011011
0010001001001
1110100010011
0001010001110
1101101001010
0010000010101
1111011011111
0000100101111
1111001110111
0000000011111
1111011100111
0000000000010
1101001101110
1111111110111
1110000010011
0000000110100
1110001000100
0000101100001
1111000101101
0000011110000
1101010100100
0001010111100
1100111000010
0001010011101
1111001100101
0001000011101
1111100100010
0001000100101
1111101000100
0001111100100
0000000011011
0010101010110
1111011100100
0001101101011
1110111001101
0000001000100
1111000011010
0001101010100
1111010001101
0001101110001
1110010010011
0001010000001
1110001000100
0001011110101
1110011011101
0000011100111
1101101111111
0010010110001
1101000100001
0001011111001
1111001111111
0010000011101
1110101111101
0000100001000
1111011011100
0010110010011
1111010111100
0001101101011
1111111001101
0001110110111
1111100001010
0000001011111
1110010010011
0001000010101
1110000110110
0000000000110
1110110100110
0000000011001
1110010110000
0001111100111
1110010011011
0000101100000
1111110100010
0000111110111
1101111111000
0001101010001
1110010101000
0001001110110
1110100001011
0001010010101
1111101000110
0001111011100
1111011011011
0010000111101
1110001010011
0001100111011
1110011011011
0000000111111
1111101001010
0001101101111
1110000001010
0000110101100
1110000110010
0000111001010
1110000111111
0000111111110
1111000110000
0000010000001
1110111101100
0010100101110
1101110110011
0010110010010
1111100110011
0010011001101
1111001000001
0010100010010
1110110111100
0010101111110
1111011000001
0010101011010
1110110001100
0001000100000
1110010101010
0001111010011
1111110000011
0000110101111
1111010111100
0001110101101
1111000010011
