0010101010100
1101010100011
0000110000010
1111010101010
0001000001110
1101111111010
0010101101010
1101011001000
0010000101100
1110001011011
0001100001011
1101111100111
0001110011110
1110000010011
0000001100001
1111111001010
0001010100111
1111100101100
0001000001010
1111000111110
0001101101101
1110100111111
0010001011110
1110000101000
0001100100001
1101111011011
0001111010011
1101010000111
0000010101011
1111101000001
0000111010101
1111110011011
0000010000010
1110010101001
0000110111011
1110101101111
0000111000011
1111001110011
0001000101110
1111110100110
0010100101100
1101011000001
0010010010010
1110100010100
0001110001110
1101100101101
0001101101011
1111101100101
0000000001010
1101010001010
0001001011100
1110010001001
0001010011110
1111011011111
0000110110101
1111111011011
0010101000110
1101001110111
0000000000100
1111110101001
0000010101110
1111000100111
0000010111011
1111011001011
0010100011111
1110101101011
0001110011011
1111001111000
0001111010110
1111101101100
0000111000000
1110011100001
0010111001011
1111101000000
0000011111110
1110001000110
0010100011111
1101101001110
0010000101000
1101010100100
0010001111110
1111100011101
0001100111111
1111001111111
0001000000100
1101100001011
0000110100110
1111001010000
0010011100100
1111001010101
0001000000011
1101001010011
0001100100001
1110010110100
0000001010001
1101110111010
0001111111111
1100111111101
0001110110011
1110000011001
0010010000110
1111001111111
0000001110010
1100111110101
0000010000011
1110011111111
0001100010100
1111100000101
0000110111111
1111001010110
0000010011000
1111100111110
0001010001101
1110000101010
0001001000011
1101101101111
0001100110001
1110000000001
0000001111010
1110100100001
0010011100001
1110001010101
0000110111100
1110000001011
0010010111101
1110001101000
0000111001010
1101101100101
0001010111000
1100110011001
0000111111110
1110101000101
0000010101101
1110000010111
0001010011011
1111011001101
0000111110110
1101010001000
0001000111100
1110000100100
0000101100110
1110100100111
0010010011110
1110000010101
0000100010110
1111001011101
0001000011100
1101010001100
0001100100011
1101000100101
1111110000010
1100110110011
1111100101100
1110001011110
0001101001000
1111100010110
0000010000010
1100111101110
0001010100000
1100111010001
0001100011010
1110111100111
0001010000011
1110001010110
0001001110010
1101111011101
0000000011001
1101111001001
0001101110001
1110110100101
0001001110101
1101100110110
0010100001001
1110110101000
0000110111011
1110100011101
1111101101001
1101101101010
0000110001101
1101110100100
0000101001011
1110011110101
0000001001001
1100011001101
0000100101100
1100010110101
0001000011100
1110110011011
0000111010110
1101011110000
0010011110010
1111010101111
0001001110000
1111011101111
0000001011010
1101100011010
0010001010100
1111110010010
0001101111110
1110111000111
0001001101001
1111010101011
1111110100110
1101100101100
1111000001111
1011110000101
1111011010111
1100100101111
0001011010000
1101100001110
1111010110111
1100111111110
0000010011011
1101101110010
0000010100010
1110101100001
0000100101001
1110101000101
0000110000000
1111101011000
0000100111000
1111011101101
0001000101101
1101101111001
0000101100100
1110101111001
0001111010000
1111111010101
0001001111110
1110101101101
0000011110000
1110101100101
1111010101000
1100001110010
1111100101101
1101001101000
0000111010000
1101000110110
0000110110010
1111001001111
0000110000100
1110011101101
1111111110011
1100011101110
1111111011111
1110001110011
0000011101101
1101011011111
0010001111111
1110010101010
0010101001111
1111010110001
0001110111110
1111000001111
0000000110111
1101011001100
0001111111000
1101100000011
0001111000001
1110000011110
1110100100001
1101010100101
1111110001110
1110100100111
0000000100000
1110011011100
0001000001010
0000001001010
0011001111101
1111000101001
0010000100111
1110000110111
0000001110100
1101011100101
0000011110011
1101101010110
0001000101110
1110101100101
0001111010101
1111001110011
0010101011110
1110001011101
0001011001111
1110001010101
0010100100110
1110000000100
0000101101111
1100110011100
1111100100010
1101011011010
1111111001010
1111000100110
0010010110011
1111010111001
0011010100010
0000011001100
0010100110111
1101111101011
1111110000011
1110110011010
0000101111000
1111010010110
0000101010111
1101011000111
0000010010011
1110101011000
0010001100011
1110110010010
0010100101011
1110101100101
0001111110010
1101011100110
0000001011011
1110111110111
0000110010011
1110110011100
0001001011010
1110110110111
0001110110000
1111010100101
0001011111011
0000110100010
0010101011100
0001111011000
0010101010001
1111001000011
1111100000110
1100111001001
0001101001110
1110000010010
0010000001010
1110101111010
0001110010011
1111100100000
0000111011101
1101111111011
0001110010110
1111101101011
0000011001001
1110010110100
0001011100111
1101010010001
0000111010110
1101101000101
1111110010111
1100111101101
0001100011101
1101001011010
0000101011011
1111000111110
0100010000000
0000111000011
0010010110101
1110101001001
0001010111110
1101110111110
1111110001000
1111000110101
1111101101000
1111000101111
0001011110010
1101011110101
0001110100101
1111010111011
0000000100111
1101001110001
0010100111110
1110000101110
0000001010111
1111100100110
0000100001110
1101111100001
0010101010110
1101111111000
0000100000101
1111100001011
0010010101010
0000111110000
0100100000110
0000011111101
0010010111010
1101010101001
1111001101111
1100111010011
1111011000100
1111010110100
0010000111111
1110011010000
0000001101010
1101011000111
0010000110000
1110000010111
0010001101011
1110110101011
0010100101111
1101101100000
0001000100110
1101011100000
0001010001111
1110011110010
0010100110100
1101110010101
1111111011101
1101010000010
0001101101001
0000001000100
0001110110110
0001011100011
0010100011000
1100100010010
0000001010000
1101001000110
0001010111001
1101001011111
0000000110010
1101001101010
0010010110001
1111111001010
0001001101001
1111111111000
0010100110101
1111011101100
0001111110010
1101111100101
0001100111111
1110000101101
0001010001100
1111101000101
0001000100000
1111001110001
0000101010110
1110101110100
0001110110011
1111101010110
0010101001110
0000010000110
0001011101010
1101011011100
1110110001111
1100001111111
0000000101010
1101000111011
0000101101110
1111001100101
0001100101010
1110010101001
0000010100101
1110101000100
0001101010000
1110011011001
0001011000000
1110100000100
0001111110101
1111010001110
0000010110001
1110011001111
0001100011111
1101010011101
0000100101110
1110101011111
0001010011111
1111001101111
0011111100010
1110111110100
0001010100000
1101101010011
0000001111010
1100100000101
0000111011001
1101000001011
0001011001111
1111010111110
0001011010010
1111100001110
0000101111011
1111011001000
0001111001100
1110110101010
0001111101100
1111001100100
0010100100110
1111001110111
0001100101110
1101001111100
0000011101011
1111010110001
0000000001011
1110011010010
0001111001110
0000101111000
0011010000011
1110100010101
1111101011010
1101001010110
1110111000100
1100000101101
0000110000101
1100111011011
0001011110001
1110011100011
0001001110000
1110011001100
0001001011101
1111011010011
0001101001100
1101111101110
0001001011100
1111001100111
0000001110011
1111010011111
0000100100100
1110111110100
0000110101100
1110111000010
0001101011001
1101011111011
0001001111111
1111001111111
0100000000001
1111001000001
1111101011101
1101011101010
0000111001111
1100110001110
0001100100000
1100100111111
0001010011111
1101111010110
0001100011010
1110001011010
0010010011001
1111000111010
0000001110001
1111010000011
0001011101011
1110000100010
0010100110110
1100110111110
0001110010000
1111011001001
0000100011000
1111001001000
0000011110101
1110111101001
0010011111010
0001001110110
0001010110000
1111000001010
1111001111000
1110111001100
1111101101011
1101110100111
0000101000111
1110110100010
0000000001011
1110010001101
1111101101010
1111011100011
0010011011000
1101111100111
0010001000101
1110000011010
0000000111101
1101100100011
0010100001000
1110000010001
0001011001000
1101011110000
0001110100000
1110111001011
0000000100001
1110011011001
0010001000000
1111101111101
0000110001110
1101010100101
0000110110110
1111001110111
0001010110011
1101011111100
1111011110111
1110011111000
1111011000001
1101011101110
0000100001010
1110101101111
0000001110111
1111000110001
0001101100010
1101010101011
0000001000100
1110111100011
0001101111001
1111110010001
0000110011011
1110101000110
0001101100000
1101011011000
0000111110101
1110011011011
1110101101010
1101100011010
0010000101001
1111011110010
0000000000001
1110000001101
0001110101000
1110000000110
0001111001011
1101011100000
1111100011101
1111001110011
0010010001101
1111100101011
0010010110101
1111100011011
0001101000000
1101011010001
0001010110000
1111011110101
0010011011001
1110111110000
0010000000100
1110110010111
0001011001101
1101001111001
1111001110010
1101100001010
1111001111000
1100100111000
0000111111000
1110001110111
0001110101011
0000010010011
0010100110000
1110110100101
0000001101000
1110000110111
0010000011101
1111010011111
0000011010010
1101011010100
0000111010111
1111111110010
0000001010111
1111100001101
0000011110011
1110000111011
0000010100001
1110110000011
0010111101000
1101011101111
0000010011001
1110000111000
0000010110110
1100110110010
1111100100010
1101001011110
1111011000111
1110101101001
0001110000111
1111000111100
0001001011110
1101110110111
1111111100100
1100111100110
0000000000001
1111000010000
0001010001001
1101010110011
0001011011011
1110010011000
0010011011101
1101101101001
0001101110110
1101010101111
0010101100011
1101110010101
0001100100010
1111001101000
0000000011110
1101101101000
1110111010100
1100110110011
0000110000011
1100101101111
1111101111101
1100010100000
1111110000011
1110001110111
0001011000011
1110010011010
0000110101011
1101101111111
0000100111100
1110110000010
0010000001111
1111000111001
0010000110100
1111011111111
0000101111110
1111010100011
0010001101001
1111100111110
0000000111110
1110110010000
0000000001110
1111011011000
0000000010110
1101100011111
1111011101110
1101011111000
1111010001001
1110010111001
1111111000011
1100110101001
0001011001001
1101100110110
0001110010110
1101001101110
0000111110111
1111010110001
0001010101111
1110000000010
0010110001101
1101111110111
0000011011111
1101111111110
0000000111000
1101011101110
0010100000011
1111001001010
0000011010100
1110000101010
0001001110001
1111010110100
0000001001110
1110011110010
0000101010111
1111000101101
0000001000110
1110100110001
0010010011011
1111010011111
0001011101111
1111010111000
0010100101111
1110111101101
0010100010011
1110000101100
0000110011101
1111001110011
0010100001101
1101110101010
0010110001010
1101100000000
0001011000101
1111100110001
0001101101001
1110100000011
0000001001000
1110100101110
0010010110010
1111011100001
0000100001000
1111001101100
0001001000010
1111001110100
0010001100001
1110000110011
0001100010100
1101011001010
0000001101000
1110101010011
0000001110100
1110000111100
0001110100100
1111110100010
0000000010100
1110011011011
0010000100011
1111001000101
0010010110000
1110001101010
