0000110000011
1111110110110
0001110100101
1101010110000
0001000010011
1111000110100
0000110110101
1110000011100
0001001001110
1110000111000
0001101110100
1111011111110
0001110111101
1101110110010
0000000111100
1101001111000
0001110011001
1110101111001
0010101011110
1101100011011
0001001000011
1110111001000
0000101101101
1111111111100
0000001100010
1111000010010
0000110110011
1111001011010
0000000000001
1110001100000
0001110011111
1111001111100
0001111101001
1111001010110
0000100110010
1111110010000
0001101101100
1110100001111
0010001000111
1111111010111
0000100001110
1110111010001
0000100101100
1101100000001
0000010111001
1111010000110
0010011000010
1101110001010
0001111010001
1101101001011
0001110100011
1111101100110
0000100110111
1101011101101
0000010011110
1111001100111
0000101100111
1110110110000
0001100111111
1111010011000
0000001010110
1111010111100
0001011100111
1101110101100
0001011100010
1110000000110
0010011010010
1111101101101
0000111000100
1110011100000
0000011000110
1110011011001
0010010100111
1110011110110
0000010110010
1111000110101
0001010010101
1111000011101
0010010000100
1110111100000
0000000000011
1110011111111
0001001111100
1111010101010
0001001111001
1110011100111
0001011101111
1110000011111
0010101101001
1111101101011
0010101001100
0000000000101
0001001101110
1111010000010
0010111011110
1110100001100
0001011011000
1110101111110
0010011111100
1110001001111
1111111111001
1110010010100
0000110011111
1101101111011
0000010001111
1110001110000
0000000011001
1111001001010
0001001110100
1111100010001
0001011011011
1110100110001
0001111110011
1101010100000
0010000100110
1111100101011
0001010110110
1111000010100
0010001000001
1110100110101
0001100010110
1110111100111
0010100111100
1111101011010
0001111101100
1111101011110
0001111000101
1111010001101
0010100101000
1110100111100
0001100011110
1101111110000
0000101111110
1100110111000
0000001100110
1110111011010
0000001111110
1110011000010
0001001111000
1110010000010
0010000101110
1101010101000
0000010110100
1110101101001
0010010100110
1100111110001
0001001011111
1111000101100
0001001111101
1111111010111
0011001010000
1111011010100
0001110111000
0000000011100
0001110100011
0000000011010
0010100010110
1110111010011
0001111111000
1100111010110
1111110000010
1101010100111
0001100010101
1111100010011
0001101001111
1111111010011
0000101100011
1101100101101
0001101010101
1110000011001
0001010110000
1110111100110
0001011010100
1101101001101
0001110111011
1110110011010
0001111101001
1111110101011
0011100010011
1111000101110
0011000000100
1101101110011
1111111010100
1111100100010
0000000001001
1110001000101
1111111110100
1111000000011
1111001001110
1110110000011
0001111010001
1110101111111
0000010001111
1110101110000
0000110100011
1101001011100
0001000011110
1110010101111
0010011001111
1101001111000
0000100010000
1110101010110
0000110100000
1101110010100
0011000100001
0000010100011
0010001111010
1111101001001
0001100111100
1110100011111
1111000010011
1101111101011
1111111100011
1101110111110
1111111000000
1101101111001
0000110110001
1101011100110
0010011010111
1110111000001
0000100011001
1110101001001
0010000101110
1110010100110
0010000001101
1111101100010
0001101100110
1111101100001
0001111000110
1110110100100
0000010101011
0000001100110
0010010001110
1111010111110
0011000100100
1111000000101
0010001100010
1111000110110
0000001100111
1101011000001
0010001101100
1110111100101
1111110101000
1110111010110
0000101001011
1110001010011
0000111100111
1110101110100
0001011010001
1101011010010
0000001011111
1101100011000
0000011010001
1101100011100
0001011001000
1101110010001
0000010001001
0000010000111
0010111111101
1110011011000
0001100111000
0000000001001
0010010101100
0000101011000
0010101111111
1111000011110
0010011011011
1101111000000
0001011101101
0000111011010
0010110101110
0000101111101
0001011011101
0000100100001
0010011100010
1111011111010
0010011101001
1110011101001
0000001011010
1110101110000
0000101011110
1111100001001
0001000000111
1111000101010
0000100111000
1110101000011
0001011100011
0000101010001
0011010011011
0000001010010
0010111100010
0000011111001
0010001010000
1110100110110
0000100101100
1110100001001
0001110001000
0000000100010
0010001101110
0000010001001
0011001011110
0000111100111
0010110111101
1110111011110
0010010101001
1101101110100
0000101101001
1110010011100
0000101100001
1111000001000
0000001111101
1110110110100
0001110111000
1111110111011
0011100010000
1111101111110
0010000111011
0000010111111
0001111100101
1111110110100
0000001010011
1100100000100
1110110010111
1101110000100
0000101001110
1101110110000
0000010001001
0000000010000
0011111011110
0000111010101
0100000110101
0001010110011
0001110011101
1101100010001
0010101011101
1111110011111
0010000100001
1111011001010
0001111111100
1101100100011
0010000110111
1110110010100
0010100000001
0001001011010
0001101011101
1110111111101
0000110010001
1101010101101
1110101010100
1100000110000
1110001010010
1100000011110
0000110000100
1100111000100
1111011101001
0000101010000
0011110010011
0001000111100
0011000101101
0001011000111
0010001010101
1101101100110
0000011111110
1101100011110
0010010010100
1111101110100
0010110000000
1110101001110
0001010110101
1111000011000
0010101010101
1111000110010
0010001111010
1111011011010
1110101110010
1101010010001
1110110100110
1011111001111
1111100000011
1100011001101
1111000111000
1100110110001
0000111100110
1111011111110
0010001010100
1110100010101
0010001101101
0000110010011
0010010100001
1110011010011
0000011110010
1111101011000
0001010101110
1111001011111
0010110110000
1111010010011
0001011111101
1110011100101
0011111011101
1111110110011
0010100010100
1110010011110
0000101000011
1100011010101
1111001010011
1101001111000
1111111001000
1110000001101
0001110010101
1110010110001
0010000001100
1110011001110
0001110001110
1110111011010
0000011000011
1111011110010
0000101111010
1111001001010
0001101011101
1110001000011
0010101100001
1110000000111
0010001100110
1110110110001
0011000001110
1111000001101
0100000011010
0001010001011
0011011011010
1111100000011
0000010111000
1101110101010
0001010110001
1100101001000
1111011001000
1111010100001
0001101000111
1111100000011
0001000010011
1101110110100
1111101000001
1100100111010
0001000111011
1111110011100
0010100101011
1110010101101
0010001100101
1101110111001
0000001010000
1111001001000
0001001000100
1111111000000
1111111111011
0000100001101
0011011001111
0010001010110
0010010101111
0001110100111
0010100010100
1110010011100
0010000110100
1101100101011
0001110100010
1110101010111
0001101100011
0000100110000
0000000000100
1101010101000
1111101000001
1101101010011
0000100101100
1101111101110
0011000100011
1111110110110
0000101011001
1110100100010
0010110000000
1101100010101
0000101110000
1111101000011
0000010010100
1110100111110
0001010101111
0001001110110
0100011101000
0010000101100
0011100010010
0000110000111
0011111011111
1111101010101
0010110001101
0000001001000
0001001111110
1110111001011
0000011100110
1101110111101
0000101100100
1101011100000
1111011101110
1111101110001
0010100101001
1110111111000
0000101111001
1111000010001
0010100111110
1111001010101
0010010100110
1100110001100
1111111000001
1111100100000
0010011110101
1111100010010
0100001010110
0010110001111
0100010011111
0000100001000
0100000111100
0000100010001
0011100111000
0000000010101
0000110010011
1110101001101
0001011011101
1101110100000
1111010010000
1100001110101
0010001001101
0000111001010
0001111111001
1110011001100
0001000101000
1101110100111
0001011000100
1110101011010
0000010000000
1110001100100
0001001010101
1111010011110
1111110011101
1101000010110
0000110101011
1111100111000
0001101101110
0000100100100
0010010111010
1111010010011
0011100011111
1110101011000
0001100010101
1101100000100
1111011111001
1101000100100
0000010001001
1101100001110
0001011011011
1111011001000
0010111010010
0000011100100
0010000110101
1101100000101
0010011101000
1111111111001
0001110100100
1110100101011
0000101011000
1101001110100
0001010111011
1110100011111
0001011000010
1110011011101
0000000001011
1111101001101
0010001101001
1110111110000
0000111101100
1111010100110
0000101111011
1110111100110
0000101000000
1101100100010
0010000100010
1110101001000
0011011000011
0000011100101
0001111010111
1101101000011
0000001100001
1111111110001
0000000001111
1101111010000
0010011100000
1101001110101
0001010100111
1110001011001
0000001111100
1110011001010
0000001111011
1111011010100
0000110000101
1111001111001
0000000110100
1110001010101
0001000111000
1110101010110
1111101110010
1110000000001
0000011100010
1110001110001
0001001100010
1110001100100
0010000111011
1111011101000
0010010011110
0000000010010
0010101011110
1101010001111
0010110001100
1111111100101
0010101011111
1111101010001
0001011011001
1101001011101
0010010110010
1101111011111
0000110001110
1111001100000
0001011010111
1110000100110
0001001000101
0000101101011
0001100010010
1111000111100
0001011101111
1101111111101
1111011100100
1111000101000
0010011011001
1111100101010
0010001100110
1111010110110
0001011111000
1101101100001
0010101110010
1111110111110
0010011010111
1101011001011
1111111110010
1101010000011
0001110001111
1100001101110
0001100110110
1101001110110
0001110001111
1101010111011
0000000100011
1110101000100
0010000010001
1101101011000
0000111111001
1111000000010
1111011110010
1110001000101
0000110100101
1111100111100
0010100010000
1111000101011
0000111000110
1110011010011
0010110100100
1110000101101
0000001100000
1110110011011
0001011110110
1111111000100
0001001111110
1110101001100
0010010100100
1110000101001
0000000010100
1100011011101
0000010111110
1110010101101
0000011000111
1110001111001
0001100110100
1101001010011
0001011101101
1101100101101
0010000110001
1101010001111
0010101101001
0000010011100
0001010010110
1111001110101
0000100001000
1111100011101
0010011010100
1111001000001
0010010100101
1101100110110
0010110010010
1101011110110
0000110010010
1110011111011
0010100011000
1101110011010
0010011110001
1101010100011
0000001101001
1110100110001
0001000110001
1101011110011
0000101011011
1111000000100
0000101110101
0000001000001
0001011110010
1110010101101
0010110100111
1111101101111
0010011001111
1110001011101
0000101000110
1111011011101
0000000001001
1110111101110
0001000100110
1101100100100
0001111001100
1111011001110
0010000001100
1110000111011
0000010011101
1111111011110
0000011010100
1111101011101
0001111011110
1111010100001
0010011011001
0000000110011
0001000010101
1110010010011
0010101111011
1110111111100
0001001001011
1101111101111
0010000101110
1110011010110
0001111111100
1110100101001
0010001110000
1110011110110
0000100100011
1111111111000
0010000110101
1111011010101
0001000011001
1111100111110
0000001101101
1111110110100
0000111110100
1101110000110
0010000010001
1110101101001
0010010000001
1101011010110
0001011100011
1110011010111
0000001000011
1110101100001
0001101010000
1111001011000
0000111000001
1111001100111
0010011111100
1110011101110
0000011111010
1110100011010
0000011111100
1101100010110
0000000111100
1101010100101
0001001011011
1111010100000
