0000000100101
1111101110000
0000110110011
1111001110001
0010011001010
1110011001001
0010000000010
1101001111111
0010100110001
1111111110101
0001010110100
1101111110000
0000110100100
1110011000100
0001101110101
1111001111000
0001000110011
1110100000011
0000010110101
1101111101010
0010001101000
1101010001110
0001011110011
1110110101100
0001110011111
1110011101001
0010011111110
1101101010111
0000100001111
1101010100100
0000101100001
1111011001100
0000001010010
1110011101101
0001010111000
1101011010010
0000010010110
1111011001010
0010011110110
1111110110001
0000100110001
1110111010100
0010001001100
1110100010001
0010101000010
1110111000100
0010001100000
1111000001100
0010100101110
1101011101000
0000001101011
1110000000000
0010011110010
1110010100010
0000010111001
1110100001001
0000011011011
1111111100010
0001000000111
1111000010101
0010101111010
1110010011000
0001100011001
1111110100110
0000010011111
1111101110101
0010011001101
1110111011110
0000011011111
1101010001110
0000011010111
1110001110111
0000001111010
1111011100111
0010100101101
1111010100110
0001001111100
1101101111000
0001011000110
1110110000101
0001111001010
1110010101100
0000011001001
1110011010011
0000100011000
1111001111101
0000010001011
1111000001101
0000110100001
1110101101010
0001111001111
1111000101011
1111111011111
1110110110100
0000001001010
1110100010111
0000001111111
1110100100111
0000101100010
1110000001100
0000000010111
1101100100011
1111110011100
1110100111110
0010000110110
1111100011000
0000111011101
1110011100011
0010000100110
1111111101000
0010011011101
1110101001110
0001101100011
1111111110100
0000001000110
1101110000111
0000110100111
1111100101001
0000011010101
1110011001110
0001100110011
1101001111001
0001111100011
1101100000100
1111010010100
1110001111011
0001001111101
1110010001110
0000111011101
1111010111111
0011101000001
1111101011101
0000111101001
1101011011001
0010001101011
1111011011100
0000000100100
1111001001111
0001101100000
1101101111110
0000110111100
1110101001010
0000110010101
1101011011010
0001011001000
1111001010100
0010000101001
1110001000000
0001101011001
1101110001100
0000101100010
1110111011001
1111110111101
1101001000101
1111101111011
1101010010100
0000111000101
1101101110011
0000011101011
1110110110101
0000111001000
0000001011000
0000111100001
1111111111110
0000111001010
0000000110100
0001010000101
1111101101101
0000110111110
1111110011111
0010100010000
1110010001111
0001101001000
1111101111010
0001110010110
0000010101001
0001111010100
1111100100000
0010010101111
1101111111001
0000011000110
1111111011101
0000001110010
1101010010111
0001000110001
1110011010011
0010000001011
1110011011000
0001111100001
1110101001100
0001110110001
1111010100111
0011000010000
1110101100101
0010011001010
0000000000111
0001101001000
1111010110110
0000010010010
1101100110000
0001000001100
0000010110010
0001101010011
1110101101110
0001010000110
0000000101011
0010011010101
1110011111011
0010100110000
1111100111101
0001110101011
1101110100001
0001101011010
1111010110010
0001001001001
0000010100100
0010100111011
1110100100010
0010101111011
1111111011101
0001111111000
1111111011011
0001111010000
1110100011111
0010001111101
1111000010010
0001011111101
1111001001010
0010000001101
1110011011010
0001000111010
1110010110011
0001110100110
1101111111010
0001111111001
1110011010111
0011000000001
1110011010111
0001000010000
1110110100001
0001010001111
0000111011001
0010000011001
1111110101000
0000011111010
1110010110111
0001010000110
1110011111100
0010011101111
1111110110111
0001111110010
1111010010010
0001011100110
1111011010100
0010010010110
1111011101111
0001110110011
1111001110001
0001101001101
1111001100010
0001111110011
1101111011001
0000101011100
1110100111000
0010001111111
1101111100101
0000101110001
1111001001101
0010011110110
1110111110110
0001100001101
1101110011110
0001000100110
1111011110111
0000001001101
1111011100101
0000110010011
1111100000101
0010010001001
1101111001000
0010000010001
1110111000110
0000001100011
1111101010001
0001111111010
1101101011000
0000011111101
1110111100101
0000000010001
1111001100010
0000101010000
1111000100100
1111110101011
1110011101111
0001000011101
0001101110110
0010001101011
1110111010010
0000011010001
1110100000000
0011010100000
1110111000010
0000001011111
1110110101101
0001011101011
1111011011000
0000110100101
1101100100011
0010000111000
1101010011010
0001111010100
1110111111010
0001011101100
1110000011110
0001011001101
1101000010110
0000010001100
1110011001001
1111111110100
1110111000101
0001010011001
1110001000000
0001011111000
0000010011001
0011110001110
0000010100100
0001010010100
1110000101111
0000110100111
1101111000111
0000000000001
1110001011010
0000111101010
1101101100100
0000010110101
1110011100000
0000011100110
1111001011100
0001010001101
1101100110011
0001010001001
0000000100111
0001001001001
1110110110100
0001111101110
1111011110111
0010000010001
0000100001111
0001011001001
1101100101111
0010011011011
1111100010110
0010001101001
1111110001110
0001111100110
1111110111101
0000010101000
1100110101001
1110100001011
1100100110001
0001001010111
1110000100010
0001100000010
1110001000100
0001011011000
1110010000000
0000101010010
1110001011111
0010111001000
1110111100111
0010100100001
0000101010101
0010011111100
1101100100111
0010010110011
1111001110110
0000001010100
1110011111000
0010000110001
1111101001000
0001111001101
1111100111110
0001001110110
1110101011001
0000111001101
1110111100110
0000111111100
1011111101100
0000011100110
1101001001110
0001010001110
1111001010000
0001110010001
1111111111101
0010101111011
1111100110011
0001110011100
0000000101000
0011010011110
1111111100100
0011101000111
0000011100001
0010100111100
1101111101101
0000111010111
1101110001100
0010011101111
1111100001100
0001100001010
1111010100110
0010110000111
1111101001011
0011011011110
1111110001011
0000011110110
1110100011000
0000011000000
1101000110101
0000111011010
1110000001100
0010101100111
1101110001001
0000000101110
1110010010000
0001111000011
1100100110001
0010000001110
1111000101001
0001001001111
0000010101001
0001111100001
1111011001000
0011111101111
1110011100011
0001101101000
0000001110010
0010011100001
0000100011100
0011000001110
1111101011111
0001111110111
1111111010101
0001010000010
1101011100110
0010000100100
1110110111110
0000111010001
1111101101000
0000110101001
1110001000100
0010011100100
1111000111011
0000101011001
1100011000001
0000101101110
1101101001001
0001011001010
1110111010101
0011010010000
1111011011010
0010100001001
1110111001110
0010101000000
0000000001100
0010010011110
0000000100010
0010011100011
0000101110110
0011010001010
0000011000001
0010010000111
1111101111110
0001110001110
1101001110100
0010100010101
1110001011101
0000011001101
1111010000100
0010010100100
1110110101111
0010000011110
1100101100100
1110111010011
1011100010001
1100111110011
1011101000110
1111110011111
1110000111111
1111101110100
1110111101110
0000100010111
1111011000001
0001001001100
0000010001110
0001011111010
1101101100011
0000011110011
1101000100011
1111110001000
1110010010100
1111001110100
1101010001100
0001001001001
1101100111001
0001110000101
1110111110100
0001100110000
1110011000100
0001101110010
1101100000000
1101100110101
1010111111000
1100001000011
1001111001000
1010111111110
1011011001001
1100110100010
1011110010010
0000011110000
1101011011000
0000100000100
1101111101100
0001110111101
1110000010000
0000101010101
1101111011100
0001001111010
1100001100011
1111111101101
1101010000101
0001001010000
1110111001100
0001101010101
1101101010111
0000110101101
0000000110110
0001010000100
1101100101100
0001001110001
1011100100111
1100000001101
1011010001100
1011111001000
1010010110110
1011011000000
1011110011110
1110101010010
1100110011111
1111010010110
1110011001100
1111101010100
1101110011100
0001101110101
1110100110110
0000001011010
1101101111001
0001000101101
1111011100100
0001001110000
1111111100010
0010100110111
1101101001010
0001001100110
1110111011011
0010100011101
1101111110111
0001011010010
1100111100100
0000101111010
1100111100011
0000000011101
1100110110100
1111001111101
1101100001101
1111010100100
1110010101010
1111110001101
1110101110110
0001001100000
1101010111000
0001100011110
1100111100011
0000111100110
1101100101011
1111111110011
1101001111111
0000001000010
1101101011001
0000010001111
1110101010100
0010010111111
0000000110101
0001100100100
1111000001010
0000101011000
1101011101011
0011010000100
1111110111000
0010101101000
1111010100000
1111101111011
1101101011000
0001000001110
1110110110000
0000011101111
1101010111111
0000001000111
1110111110111
0000010110100
1101010111100
0000010010101
1101001101101
0001101010010
1101100011101
0001100011000
1101110001101
0010010111100
1110010101101
0001110001011
1101011011110
0000101000010
1110110100010
0010000010001
1110110011010
0010010101011
1111110011001
0010011001100
1111010010010
0010000110001
1110010101010
1111010111010
1101010100101
0001110001111
1110001001010
0001111110111
1110001001100
0001011000001
1100001110001
0001110111001
1101000011000
0001110011101
1111010110000
0010100110011
1111000001001
0000001111011
1110101010001
0000011010001
1101100011011
0001000110011
1111000010100
0011000011000
0000001011010
0000101011110
1110111000011
0010100111000
1110001000111
0000111010010
1100101010010
0000110100010
1110010100110
1111110110100
1110011110111
0000010001000
1111101101001
0000011010100
1111001000101
0000111100111
1111011011101
0010101000111
1110100100000
0000011000111
1110001000101
0010000000011
1111110011011
0000000100010
1110000001110
0010010111010
0000111101001
0011101010101
1111101100011
0010111011010
1110111011111
0010010110110
1111000111001
0000110100001
1111001000111
0000100110001
1101100010011
0000010111001
1101100100110
1111011110101
1101111000111
0000100000010
1110111010001
0000101111001
1101010010111
0000010110011
1101010010001
0000010000011
1111100111000
0001010001101
1111010110011
0010010000100
1111100110001
0001000111011
1110010100111
0011101011001
1110111011011
0011111011100
1111100000000
0010101111101
1110111010100
0010000101011
0000011111110
0001000001111
1101111011100
0001001110010
1110110110010
0001010011100
1101100011010
0000000111110
1110000101010
0000100000011
1110010011010
0010011010001
1110100001010
0001100100001
1111111000111
0001011000011
1110001011100
0000100000001
1101010110000
0010100001111
1101010110000
0000100010100
1111101101101
0010011100110
0000000001000
0000011110010
1110000101011
0010011001110
1110101100100
0010001000010
1111110010001
0010010001100
1101111000100
0010100100010
1111000101000
0000001001111
1110100001011
0000001100000
1111011100111
0000100110110
1111011001011
0010010010100
1111110001011
0010000110110
1110111100101
0000010101110
1111010100001
0000000100110
1111001010011
0000100011000
1101011110000
0000110100000
1111001001110
0000010100001
1111110001000
0001001010110
1111101011010
0010100011100
1111011111000
0001110111100
1110011001010
0001000000100
1110111000111
0001001001001
1111010101010
0001111110000
1110101000010
0010001001011
1101110110000
0001111010101
1101001111110
