0010011111101
1111110110100
0001000100010
1110000011001
0000000101011
1110011110000
0010010110001
1101100010101
0001111011011
1111011000110
0010001001100
1111101100001
0010010001000
1111010011000
0001101000010
1111000110010
0001100001010
1110011000110
0001010011010
1111100010110
0000010000001
1101011010011
0010010110101
1110010001011
0000011100110
1111001001000
0000111111010
1110000000111
0000000110101
1111101010100
0000001101101
1101011001110
0000011111000
1110101110001
0001101111111
1111011011101
0000000000100
1110101101000
0000001110010
1110000010111
0001111001010
1101100110011
0010001101110
1110100101010
0000010010010
1110111011001
0010010001011
1110001100110
0010101100000
1111001110001
0010010000001
1111110110110
0000100100001
1110001100010
0001110111101
1110111111001
0010101010110
1111111100011
0000001100111
1101001110110
0000011001001
1111100101100
0010100100010
1111000110010
0001101100111
1110100000001
0001011011000
1110010000010
1111111100110
1110001111001
0000100111110
1101110010011
0001000000000
1111011110001
0000010100110
1110011000000
0001010001001
1101001100100
0000100000011
1110101111010
0000110000000
1101001110001
0001011001011
1110101011111
0001110010011
1111100010001
0010010101000
1110010101110
0000100001100
1101011111110
0001101100010
1111001001000
0000010010001
1110110111101
0010000010100
1110011010010
0000011001000
1111110010011
0000111001101
1111110111111
0001111110110
1110010110111
0001111101011
1111100100011
0010000111101
1101101111110
0010001110010
1111100010101
0010011111001
1101011000100
0001101100011
1111100010110
0010100101111
1111101101011
0001110001010
1110011010011
0000101111110
1110110001010
0000100011010
1110111011000
0001010100101
1110010101110
0010011001101
1111000111001
0000111011100
1110110100100
1111111001000
1110110000001
0001010101001
1110110100111
0000101001110
1110110001100
0010011001100
1111111100110
0001100110101
1110011101001
0010101000101
1111000110011
0010000001000
1101101001000
0000100110110
1111000011101
0000000000111
1111100111100
0001010001100
1110011000010
0010010110011
1110101011111
0000111111100
1110100101011
0000111101101
1111000000100
0001011010000
1100000110110
0001010010111
1101110000001
0010011000010
1110011001001
0000010010000
1101010111000
0000101000000
1111000001100
0001100011011
1111111010101
0001010010111
1101011101011
0010001011111
1110111000000
0000010101100
1110100010111
0000101011001
1111000110100
0010011100011
1111101001101
0001111000101
1111110000011
0010111001011
0000000011010
0000001111001
1100010010110
1101100111000
1100000111111
1100110010100
1011100001011
1110001001010
1101100001000
1110111100011
1101101001101
0000001100101
1111000011000
0010111001100
1111011100111
0011001100001
1101111101001
0010011000100
1110110000100
0001101100011
1110010010000
0010010110111
1101111111000
0000011000000
1111111110001
0000010111011
1101010111100
0000101101111
1110100101011
1110110111001
1011111101110
1101010101100
1011011011111
1011111010111
1010110110100
1100001001011
1011001011100
1101100110011
1101000011100
1111010001010
1101111001000
0001011101011
1111101111111
0001111000110
1110110000110
0010101110110
1110110001000
0000111101101
1101111000111
0010011111011
1101010011110
0001000000011
1110010001100
0001111010100
1110101110110
0001011111011
1101101111010
1111110110111
1101000001100
1101111011100
1011110011110
1100100100000
1010011101000
1100011101110
1100001111001
1110111010100
1110000010011
0000110001111
1111110100100
0000001111111
1111010100110
0000011110101
1111101011010
0001101000000
1110100100100
0010010010110
1110101000110
0010101100010
1111011101011
0000111000111
1101110100010
1111110001100
1101100001100
0000100000000
1101100010101
1110100110010
1101000101101
0000111000010
1100110010110
1100110010000
1011011000101
0000100101000
1101110101100
0000010111100
1111000011111
0001000011110
1110011001011
0001111000110
1101001011001
0001101101101
1111101000001
0010100000110
1101111010101
0001000011110
1110101000001
0000110001001
1111010001001
0010100101011
1110111111000
1111100001100
1101110111010
1111001001110
1101111010000
0000011100010
1100111011100
0000100010011
1011011111100
1110100011100
1101011001011
0010000101110
1110111101011
0000001011001
1101111000010
1111001010110
1101111110000
1111101011101
1100101000011
0001111010010
1111000000101
0001010100010
1110100001000
0001011011100
1110110111011
0000110000110
1101010110111
0001111110100
1101010100100
1110010010010
1100010110100
0000101110000
1101011111000
1111110100100
1110001001000
0010111111100
1011101000011
1110001111001
1111100010100
0011010010111
1110101000101
0000011000110
1101101010110
1111100000011
1100110101011
1111001001101
1110010100011
0001011010101
1101110000100
0010011001001
1110011011000
0000010101001
1111000010010
0000001101000
1110000111010
0001010010110
1101100111101
0000001101000
1110010100011
0001111110101
1110010001000
0010001011110
0001011011011
0010110100011
1110001101110
1111011001110
1110101100101
0010100001010
1101000101110
1110011011011
1101000100100
1110000100111
1110010101001
0001000100101
1100111111101
0001001100010
1111100000011
0010100000100
1111100001110
0010100110111
1101110001000
0001111110111
1111100011111
1111011110111
1101011100101
0010101000111
1111000000100
0001110100010
0000110100001
0100000011111
0100100000011
0101010000111
0000101000011
0000110010110
1110100001101
0010011110101
0000000001101
0000110010101
1110011011111
0001100011101
1101011111110
0001110010000
1110000011001
0011001000010
1111001001010
0010010000110
1111000010001
0001101000111
1101111101100
0001011011010
1110010111001
0000111110100
1111111000001
0011000001011
0000100110000
0010101000111
0001101010111
0100001001000
0100001011011
0100100010100
0000011001000
1111100011000
1111010101011
0001010011001
0000110110010
0000101101000
0000000010011
0001110100010
1110101110100
0011100010010
0000100000010
0010100111010
1110111101001
0000001111011
1110000100000
0010010011110
1101011111011
0000001001101
1111000111001
0001110000110
1111001100101
0011110011100
0001000100000
0011101000100
0000111110111
0011100011011
1111110101111
0011110011010
0000001101001
0010011011110
0010001001001
0010101100110
1111110000110
0010010101010
0000101110010
0010010110111
0000001011100
0010001101000
1111001000111
0001001111101
1111110101000
0010010010001
1111100011100
0001011110111
1101011101011
0010011000010
1111010101001
0010011111001
1110101100011
0011101000010
0000001110001
0010010101111
1111000110110
0001011000100
1111101010101
0000111100011
0000101101111
0100010011000
0010001111101
0011110011001
0001000110010
0001001101100
0000111111111
0010111111010
0000000011101
0011000001111
0000100111011
0011011010011
1101101111000
0010011100000
1110111110010
0000001000001
1110001000101
0001100001110
1110100101110
0010010011111
0000101000011
0100010101110
0001010010110
0010011000110
1110011110100
0001010001010
1101101011111
0001001011111
0000111101010
0101001001110
0010001001000
0011110001100
0000101000011
0010010111001
1111110000000
0001011001101
1111101010110
0010110110001
1110100110011
0000111110010
1111000010100
0000001001101
1111110110101
0001001000011
1101100011001
0001001101101
1110111011100
0010001011100
1110101110111
0001101100011
0001100001000
0010010111011
1110001101101
0001001000111
1110010010000
0011100010011
0001011011001
0100000111000
0011000010110
0011101000011
1111100011111
0001111100101
1110101010001
0000010111000
0000001101110
0000101100001
1111110001010
0010111011001
1110010010000
0001001111110
1110000110000
0000101001011
1110101100110
0010000001100
1110011001001
0001011001001
0000001100000
0001001010001
1110010110001
0001000011101
0000000111010
0010100011000
1111011001000
0001010110111
0000100100100
0011000000011
0000101110001
0010110110001
1111100000110
0010000000100
1101111111010
0000100011000
1110110010101
0010101001110
1110010011101
0010000011111
1101100111000
0001010101010
1111111110001
0010000110001
1101011101011
0001111011110
1101010010010
0000111100101
1110011100001
0001101101101
1110001111010
0001110110001
1101111100011
0001011010111
1110101010101
0011000000010
1111000010000
0001010101000
1110001011000
1111100101100
0000010011110
0001011111111
1101011011000
0000100000000
1110101110010
0000110010001
1111111101111
0010001110011
1111010010110
0000001010111
1111111001111
0000101111110
1110100011010
0000001000000
0000000000100
0000111001111
1101000000101
0001101011111
1101000000001
1111110100000
1101000111010
0000011001101
1110001110010
0000100101110
1111010011000
0001000100110
1111000101101
0000011111111
1110111011000
0010100001010
1110000100011
0001010010000
1101110110011
0001010110010
1110111011111
0010101000100
1101011010011
0001100000001
1110100000101
0000101010010
1110010110110
0001100101001
1110101000010
0000000101101
1101100100011
0000001010010
1101000110010
1111001001000
1100010101010
1111000000110
1101010110001
1110010001101
1100101110110
1111001010000
1101001000110
0000011110110
1101101110100
0000110111000
1110011110000
0000110100101
1101111010010
0000001111111
1110010010100
0000010011101
1101011111011
0010010001110
1101001110010
0010010111000
1111000010001
0001011110000
1111110011001
0010100000011
1111010111011
0000110001110
1110011110110
0000001010000
1110000001110
0000000101100
1110010001110
1110101100011
1011110000101
1111101001000
1011101100100
1111111010010
1111111011000
1111111000110
1101110110111
0001110100010
1101001011110
1111010001110
1110000100111
0000100101111
1110111001100
0010100001010
1111000011101
0000110011001
1110000000101
0000111010111
1111101000111
0000000111000
1101100011111
0000001100000
1100011001011
0001010011000
1100101100001
0000000100000
1101011001001
0000100111001
1101101010001
0001001010001
1101100011110
0000000100111
1110010101001
1111110100000
1110100011000
1111101100110
1101011010101
0000111100110
1110101101100
0000001100110
1101110110001
0010010001011
1111000111101
0000011101011
1110000001001
0001110100101
1110101111011
0001001001101
1101001001111
0001001111010
1101110010110
0000100101000
1011111100000
1111110110101
1011111100001
1110110010010
1100110001000
1111110000101
1101000001111
1101110110010
1101000000111
1111101001000
1100010000010
1111100100010
1110000110010
0001001011100
1101000101010
0001100001010
1111000100111
0000110011111
1110001101110
0000010011010
1111101110111
0010101010101
1111001111010
0010001110010
1110001111110
0001101101110
1110111000011
0000101000100
1110000110010
0000101111101
1101001000110
1110011101000
1110010000101
1110111001101
1100101111011
0000001101000
1100111000000
1110110011000
1100110011010
0001011010001
1111010100110
0000100000101
1111000001100
0000101010100
1101011110000
0000110100001
1101110001110
0000101010011
1110011000100
0001001101010
1111000010011
0001111000101
1110111011011
0001101110010
1110101001100
0010101010001
1110111100001
0001110010110
1110010000101
0001100010001
1110101110111
0010011101110
1101111010010
0001011101001
1111011001100
0000111100100
1111011000101
0010001011000
1110100111011
0010100010111
1110010111001
0001100001100
1111100010111
0010100100101
1101110100000
