0000011111000
1101110010111
0001100100111
1111111111001
0001100010001
1101111110110
0001001000111
1110010011100
0010001111001
1111101111001
0010010011110
1111100101011
0001110001111
1111010110010
0000101001010
1101011010100
0010010101110
1101001101011
0000010101100
1111011111111
0010000110100
1101101101000
0010010000000
1111000011000
0000011001000
1111111000100
0010101011110
1110100011011
0001111001010
1111001100111
0001100000001
1101100111110
0000001101000
1111101110010
0010011001001
1110010000101
0010010000100
1111001111110
0000101000110
1110010000010
0000111111010
1111110100110
0010001001101
1101010000101
0000110110111
1101001100110
0010100000110
1111101000110
0010101111111
1111110101000
0000110100110
1101111010110
0010011001100
1111101110010
0000001111001
1101001101100
0000011001011
1111111000010
0001011011111
1101101101100
0000111010111
1111110111001
0001110111101
1110110111010
0000010110111
1110100011100
0000000010010
1101010110100
0010001111100
1111001110000
0001011011110
1111010011001
0000100000111
1110101000111
0000000010111
1110001000001
0000110011000
1111101010011
0001110011001
1111000000101
0000010011111
1101010010001
0000010000011
1101010111010
0000001111110
1111100000100
0010101000000
1111010111000
0000100111001
1110101111101
0000001000100
1110100000000
0001011001001
1110001111010
0011000000100
1110101110111
0001001011000
1101100001001
0001100010011
1111111110010
0000110100100
1111010111100
0000001111011
1110001100111
0001000111011
1110101100011
1111111011111
1101010100010
0000111101111
1101110110010
0000101110110
1110110011101
0010001010100
1111000000111
0001000010000
1101100101111
0001011111011
1111001011000
0000001110110
1101111000110
0010000110101
1111110101011
0001010111011
1111101100101
0010101100100
1111100011100
0011000000011
0000100001101
0001010011001
1111001110000
0001000011000
1111010111101
0010000110100
1110110110000
0010001010000
1110110010000
0001011000110
1111111001000
0000100101110
1101011110010
0010010001111
1110101100110
0000111011011
1110011001011
0010010101100
1110000011010
0001001010000
1110111000011
1111100101111
1110011100000
0000100110011
1110001110110
0010000010001
1111011110100
0000100101110
1111100001110
0010001100000
1101111001000
0010001010101
1110001000010
0001010110101
1101111000011
0000001000111
1110101001101
0010001100110
1111001110001
0001010001100
1110011100010
0000101001010
1110001000110
0001010010011
1111111011000
0000011011111
1101110001111
0001100101111
1101000011111
0001000000100
0000000011110
0001010101111
1111001101111
0010011000001
1111110110001
0001101001010
1111111010000
0010000111001
1110010111110
0001110010111
1111100111011
0001000011001
1110110101101
1111110010100
1100111111110
1111010110011
1110010000000
0010001100011
1111100100110
0001111011101
1111010000010
0001111111100
1101011011110
0010101100100
1111011100001
0010101001101
1111100010010
0010100101001
1110111001001
0001000010111
0000001011001
0011000111000
0000011000001
0011110001100
1111111111001
0001111111010
1110100010100
0000111001110
1111010111110
0001101111000
1111000101011
0010000010101
1100101111110
0000111010100
1111001001001
0000101110010
1101001110111
0001100101001
1111110000011
0000011000001
1111010100110
0001000111001
1101101101111
0000100001001
1111000101000
0000010110110
0000101111000
0010000011010
1110110011010
0011100100111
0000011011101
0010101110101
0000011110011
0010010011100
1111001010100
0010001001101
1111110010111
0001110101111
1111101101110
0010100010110
1011111101010
0000000100111
1101010010001
0001101100000
1110100111010
0010000001110
1101011011101
0001010101001
1111010110001
0000010011001
1110100100000
0001101111100
1111001001111
0001011111001
1110100100111
0010000100110
1111011011111
0010011000001
0000001000111
0010001100110
1111101101001
0001011001001
1110000100110
0010100101001
1111100101100
0000101011111
1110101111001
0001011011111
1100110111101
0001000111001
1110110011101
0001110101011
1110010001010
0010010100001
1111000110001
0000010010000
1110100011101
0000110110010
1110011000011
0010001011011
1110111010011
0000010011010
1110010000011
0000101111011
1100111110110
1101011111101
1101001001001
0000001010011
1101111010000
0000001011000
1110001101000
0001010001111
1110100010000
0001011000101
1111101111010
0010011001110
1110001111011
1111111100010
1111101010010
0000011100000
1111100011101
0000100100001
1101100100001
0010001001010
1111111101101
0000100010101
1100111100000
0000010000100
1101010100000
1111110011100
1100110011000
1111000010001
1011011011001
1110000101101
1100101101001
0001100010110
1110100111000
0000100011000
1110100101001
0010111000010
1111010111101
0011011001111
0000001010110
0001100101010
1111011011100
0010100110000
1111110001000
0001101010110
1111101000111
0000010100000
1101110011100
0000110011001
1111000101100
0001101000100
1110010101101
1110100000001
1011101100110
0000000000011
1011101011010
1101111010110
1011011000111
1100110110110
1100101001111
0100010111101
0000000110001
1111001011000
1111011101000
0000110111110
1111010101011
0010110111011
1110010000111
0000111100101
1110001110001
0000011110010
1111110110101
0001001011011
1111010111110
0000011011101
1111111111110
0001000000011
1111010000110
0001101110101
1100010010000
1110100011110
1100011011011
0000000111010
1100010110000
1110111001101
1011111110010
0001001111000
0000011000110
0100010100000
1111010000110
0000001000101
1101110011100
0001100100011
1110010111000
0000101000001
1110110000110
1111111110010
1100110001000
1111101101111
1111010000001
0010010111000
1110011010111
0000110101110
1111011011100
0010010000000
1110101100111
1111111101010
1101101101010
1111100101011
1011111001010
0001000011011
1110010100000
0000001011111
1110100001101
0001110011101
0001010110001
0010010100000
1111111000110
0000001011110
1111011100101
0000011100000
1101001110111
0001110010110
1101010010011
1111110010010
1011101001110
0001011000100
1111010000011
0001011111011
1111011001001
0001001101010
1111001101100
0010001110010
1101111011011
0001000011110
1101011011110
1111000111110
1100111100000
0000101011111
1100111000001
0001011100110
1110011010111
0001101011011
0010011011001
0010010001001
1111110000010
0010000101101
1110111111000
0000101110100
1111001001111
1111101011111
1100100110111
0000010110101
1101110001100
0000000000110
1110101000011
0000011001100
1111010100110
0001111001011
1110011010110
0001010011011
1111110001100
0010011101111
1111010010001
0001101000100
1110001100100
0001100100000
1111111011010
0000001111010
1110101011000
0011100010010
1111011110100
0001110100010
0000110011111
0011001000011
1111011110001
0000100011110
1101101101100
0000001011110
1110100100001
0000100011010
1100110111000
0001111100000
1110110000100
0010101101111
1111110010110
0000001010011
1101010111010
0000111010111
1110001011100
0001110010001
1110001001101
0001110110110
1110100111100
0000001001110
1110000110110
0001011100000
1101110100100
0011000110000
1111100001101
0010111001100
0000001101000
0010011011000
1110001001111
0001011111011
1110110001001
1111001110011
1101110000101
0001011111001
1110000100000
0001100110000
1111001011111
0001000010111
1111100011010
0000001111010
1111100011100
0000101011000
1111111000000
0000101011000
1110111100110
0010000010101
1110001100101
0000110010101
1101001010111
0001101111000
1111010010111
0010000011001
1111111110010
0010101110001
0001010001111
0001110111111
1110100110101
0001110100000
1101111110001
0001001101101
1101100101000
0001111111011
1101111111000
0011011000100
1110011111101
0001001101100
1111010111110
0000110011010
1101111111111
0001001001010
1111010001110
0011000000011
1110101000000
0001000001111
1101100110101
0000011101001
1110010000001
0000100100000
1101101111001
1111111100000
1111000111010
0000100110000
1111000000101
0001001010110
1111110100001
0001100000010
1110010100001
0000110100010
1110011110110
0000111100001
0000011000111
0011011110000
1111101110100
0010110101001
1101111100100
0000001001110
1110111100100
0010110010000
1111100100100
0001001111011
1111110001101
0010011010011
1110000101110
0000001110100
1110011111110
0001000111101
1101101101000
0000000111101
1101101010111
0001011100011
1101001001101
1111101001011
1101001100100
0000010000111
1110111011111
0000101010111
1101110000001
0011001000100
1110111010011
0001101100000
0000000100111
0010110010100
1111101011001
0001000111001
1101010110111
0010011011100
1111000110001
0001100110110
1110011101101
0011001001100
1111110101011
0000111111011
1110101001101
0000011110110
1110000011110
0000011001000
1101110010000
1111101101000
1101001100100
0001000011011
1110001010001
1111101000001
1101001111000
0000101011111
1111011000111
0001011001001
1110101001111
0001001000011
1101100011010
0001111010111
1110111000000
0000010000111
1110001001010
0001011101110
1110110001000
0010000001000
1111100000110
0011101011001
1110101111000
0001010100001
1110011100001
0000110011111
1110001111010
1111100011000
1100111101100
0000110111001
1100010011000
1110111100000
1110110111111
0000111110111
1101101110110
0001011011110
1111001100111
0010100001011
0000001010100
0010001100110
1101100101110
0010100101110
1101100110000
0010011100100
1110010011100
0000101111000
1101010101111
0000111001100
1101111111111
0001111000000
1110101101010
0001100010010
1111011000111
0001111101011
1110011001100
1111111001110
1111000111111
0001101010100
1110101010110
0010011000011
1111000001110
0001010110110
1101110110111
0001110110000
1110010000111
0010000011110
1111000001101
0000001011010
1110110101101
0001010000011
1110000001101
0000111100011
1110111110000
0001100101001
1111011001010
0010101111000
1101101110011
0000101101101
1111101110111
0010000101110
1110011001000
0000011000000
1110001001111
0000100110010
1101100011111
0000010100101
1111101100111
0000100010000
1101111111001
0001110100010
1101101001101
0001000111001
1101101101000
0010000110011
1111100011110
0001011111110
1110110100010
0001011000100
1110011111100
0010011011100
1101010111100
0000101011110
1111011010001
0000110110101
1101101111011
0001001101101
1111010001100
0001111100111
1110011100011
0001100011100
1111100111101
0001000110111
1110010100100
0000001010010
1111100001111
0001111011010
0000001110001
0001101111001
1110100110100
0000010110101
1101010011011
0001010101111
1110101001010
0010011011001
1111010101110
0001101001110
1110111011001
0001110111111
1111110001000
0010100101011
1110011111111
0000000100010
1111100001110
0010000101000
1111000101101
0010110101110
1111101101000
0001111001001
1110100000001
0010010010000
1111110100101
0010101111000
1101011110000
0010010111000
1101110101110
0000111100101
1111001110001
0010110110101
1110001000001
0010101010100
1111111001101
0001111000110
1110110000001
0001011010100
1110011111100
0001111010010
1111101111000
0010100101011
1111000001001
0000100000000
1101101000011
0010011111000
1111011011101
0000000010100
1110010000100
0001100010000
1101001111011
0010001101001
1111100101010
0001101101101
1110100000101
0000110100011
1110101111010
0001011011111
1111110011011
0000110110101
1101111000000
0001001001100
1111001100001
0001010000000
1110111111110
0000111010100
1111101010100
