0001110110001
1101100111010
0001111000100
1110100100010
0010001011111
1101100010111
0001010101111
1111100111101
0001010110110
1101100101011
0000100101100
1110101000010
0001101110000
1111011000000
0001101100011
1110101101101
0001111111000
1101010001001
0001100011011
1110001001110
0010001011010
1111000110100
0000010110110
1111001101010
0001100111000
1110000100011
0000010001011
1110100000000
0000110111000
1110011110101
0001010011011
1101010010111
0001000110111
1111100111010
0001010100011
1111011110011
0000000010111
1101010100111
0000110101110
1110100110110
0010010000010
1110100000001
0010110001000
1110110001101
0001111010111
1110010100000
0010100000000
1110101111001
0001100111000
1110110001111
0000010100000
1111000001101
0010001001111
1111010101001
0001110000111
1111000010011
0010100110100
1101111101110
0010011101101
1111010101101
0000110000100
1111000010010
0000100011011
1110000011111
0001010001100
1110000011111
0010010000000
1110011000100
0001100001000
1111001100101
0010100011101
1110101100001
0001110001101
1101001001110
0010100100010
1110110111000
0001101001011
1101110111100
0010011110111
1111100101000
0000101001101
1101001111110
0001011000101
1111111111001
0000100111110
1111101001101
0000111110100
1111100100111
0010011000101
1111010101001
0001000001101
1111011011100
0001001101110
1101110010011
0001010110111
1110101011001
1111011010010
1100101111000
0000010011101
1100100011100
0001001111101
1101111101110
0000110011011
1110101001011
0001100111001
1111011100101
0010101110001
1111110001110
0000000111100
1101111011001
0000101110110
1111001101100
0010000010110
1101111000110
0000110011010
1101010101011
0010011100101
1110000100010
1111111001110
1101010011001
0001010101011
1101001011011
0000101001101
1101010100011
1110111100000
1101001101100
0000110100101
1110100100111
0000000110101
1110110101010
1111100111011
1111010010110
0001011110011
1110011011011
0001101110101
1111111101110
0010101100001
1110111111011
0000101010111
1101011001111
0000011000111
1110100110101
0000100101000
1101100000101
0000100001011
1110000111010
0001011100011
1110100011001
1111000111011
1011111101010
0000110111101
1100101010111
0000111001001
1101000001101
0000011011000
1101110000100
0000100101111
1100101101101
0001001010010
1101110011110
0010010001010
1111001100011
0010000001101
1111000110111
0010101000101
1111101111011
0010000010101
1110010111110
0001101011000
1101011010001
0001011010110
1101101111111
0000110001110
1101001101010
0000011100101
1100110110110
1111000010111
1100100110001
0000001000111
1110100000001
0000100001100
1101011101100
0001001010000
1110100011000
0001110000000
1110110000001
0000101010111
1110001011000
0001110001001
1111010100011
0001001111000
1111101101011
0010010100011
0000110110101
0001000110110
1101101011001
0000110100000
1101011010110
0001001100000
1101000111111
0001011101111
1100000110100
0000001010101
1101111010110
0000100101000
1101111010110
0001011001101
1100111111010
0000101001000
1100111000001
0000110100001
1110001001010
0001011111110
1110011000111
0001000001110
1101000110111
0001001011000
1101111010010
0001111101000
0001100001110
0010110010110
1110110100100
0010101111101
1111011010011
0000001101011
1111110111011
0000000100011
1110100011010
0001100010001
1101001000101
1111011100010
1100101000111
0000010000000
1100111110011
1111010000110
1101100100011
1110011011001
1110101111101
1111000000001
1100010001100
0000101101010
1101101101111
0000111001111
1110101111001
0000110011000
1111110111010
0000011010110
1111101111110
0100000011100
1111110110010
0010011011110
1110100010111
0001110101001
1110011101001
0001111001101
1101011000101
0000101000111
1100110110101
1111111010011
1110000000101
0000101010000
1111000110111
0000101110111
1111001101011
1111110110110
1101011100001
1101010011101
1011101101011
1110100100010
1101010111000
1110110101110
1110010011001
0000011111110
1110101010001
0001100001000
0000010000001
0010100110000
1111101011111
0010100101011
1101110111011
0000100101110
1110011001111
0000100101111
1100111111001
1111110110001
0000000001010
0010010100011
1111010001010
0011100111110
1111110011011
0001110010100
0000000101101
0001111101001
1111001100000
1111110010010
1100100100010
1101100011001
1100100111100
1111111101100
1101110001101
0000000101100
1110000011110
0001110111011
1111011010011
0001111001100
0000010110011
0001011000011
1101111000100
0010001001001
1111010010000
0001010100000
1100110100110
0010010111001
1110110000011
0100000111101
0000100110001
0100011010110
0001000011011
0011101001111
0000011100010
0011111001010
0001111100001
0011101110111
1111101100111
0000000011110
1110011110011
0000100110010
1110001101011
1111011000001
1111001001010
0001111111110
1110011010011
0001110111101
1110011011011
0001011010110
1111101010011
0010101001000
1101011101000
0010010110101
1101110001000
0000101111010
0000101000011
0100011101001
0001000101011
0011001010100
0001100010111
0100101000110
0011000101010
0101001001111
0100001000100
0101110101001
0001110011111
0001001011110
1110010101110
0001001011001
1110011001001
0001100011010
1110100100000
0000100001101
1101101000100
0001011001100
1111000010001
0010011010111
1111000001100
0000001101000
1111000101010
0001001011111
1111110010111
0001010011011
0000111011111
0100100011010
0010100010001
0100010100100
0001110101010
0010101101001
1111101101001
0100010001011
0010011011011
0011111011001
1111101011111
0010110100101
1110011001110
0010011111111
0000010101100
0011001110110
0000000100101
0000000011001
1110001111101
0001110110110
1110100111001
0010011000101
1110001101011
0010000111110
1101111101000
0010101001000
1101100101111
0000101111001
0000000111100
0100001100110
0000111010000
0011100010101
1111010000000
0010111111001
1111101000101
0011101011000
0010001101000
0100000000011
1111011010000
0010001110000
1111100101101
0000111101101
1111010101000
0000101011011
1101001000011
0000001101110
1110100111000
1111100001000
1110110111110
0001010011101
1111111111001
0001111101100
1110110011101
0001101100100
1110100101011
0000010011011
1110011000110
0000101101001
1111001100001
0000110100101
0000001010001
0001110100000
1111010001101
0011101000001
0001110100011
0010110010100
1111011011110
0001111101101
1101100110010
0000111101110
1101110110000
1111001011011
1101001000111
0000100010011
1101010111110
0000001001001
1101011000110
0010011101000
1111001001101
0000001110001
1110100111010
0000110100100
1101101001110
0001110100011
1011111111000
1110101001100
1111000010001
0010001111000
1111101111000
0001110100101
0000000101011
0100000111010
0000011111100
0010110011111
1111101011001
0010101001001
1110000011011
1111101110000
1110001100000
0000000110100
1100110111010
0000110100110
1100110001001
1111011001010
1110101101110
0001100000000
1111001100101
0010101100110
1110010111010
0001100110101
1111100001111
1110111001001
1011100100000
0000001010011
1100100101110
0010010010111
0001000001000
0001110001001
0001001001101
0011111001000
0000110101011
0010110010111
1110111010011
0000001000010
1110011111011
0000111110100
1110110011001
1111010101011
1101101101110
1111110010101
1101010001011
1111011100011
1100011011111
0001001011111
1111000100101
0000001000100
1111100100010
0001101101010
1111011110001
0000011010100
1101010001110
1110100110110
1100100111111
1111100110011
1110011100011
0011011001101
1110110001110
0011000101010
1101101110110
0000100111001
1110011100110
0000100100011
1111010001000
0001010000110
1101111111010
0000011000010
1101111110100
0000001101110
1101010111100
0001011001001
1101000010110
0000000001101
1111001111011
0001101001001
1110011100100
0001101011100
1101101000000
0000010010000
1101101000001
0000011111101
1101010100001
1111111101111
1101110101101
0000000110101
1101101011101
1111111000111
1110100000100
0000011100010
1110111001100
0010011001010
1110101110011
0000100000110
1110110100001
0000110111110
1100110101110
0000110101100
1110101011011
1111011100000
1111000111101
0001001011101
1111011111000
0010001000011
1110100111100
0001010010000
1110100100111
1110101000010
1101110111010
0001001101011
1101000110011
1111111111110
1101011111101
1111010101110
1100001101010
1111010011111
1101111101100
0000010010010
1110000001011
0001111010011
1111100011110
0001100101010
1101101000001
0001110100110
1110000001000
0001100001111
1101011100010
1111111000000
1110011110001
0001100000010
1110011111001
0001001001111
1111111001101
0010000001111
1111001111000
0000101001111
1110010001010
0000010010101
1101101110100
0000001001000
1110100001111
0000011000000
1101010101010
1111100001101
1110001000001
0000001111001
1110111011111
0000011011011
0000000100111
0000110110001
1101010100110
0001000010001
1101010111010
0000011011011
1110010100000
0000100011110
1111011100011
0010011101101
1101110000000
0001001110001
1110101101101
0000111110010
1101100001110
0001001100101
1111010111100
1111010110111
1110111110110
0000010111011
1110100000101
0001110100011
1110110001011
0000100000110
1111101101010
0001101010000
1111000000011
0001100001111
1101111101110
0001111101010
1101101111111
0000001110100
1111011100000
0001000001110
1110011110100
1111111101100
1101101101100
0010011000110
1110100111100
0010011100111
1101111011111
0000110100011
1111000101101
0000100011010
1110001011110
0000100001100
1110000010001
0010011100101
0000010000011
0010100101110
1110100000111
0010011010100
1111100001101
0000100101010
1101101100110
0001101010000
0000001010000
0011001001010
0000111011011
0001011111011
1110010101000
0010100000010
1111100110111
0010001010001
1111000100101
0010000111010
1101101000110
0000010110110
1110010100011
0000111100100
1111111111011
0000110110101
1101111101100
0000110111010
1110101000000
0000111011001
1111000110010
0001100110000
1110010000101
0001100101101
1100011100011
0000110100010
1110010010110
0000110010000
1111010100101
0001000010100
1111001100000
0010110000011
0000010101001
0010101000010
1101111101010
0010001101011
1110010110101
0000010101011
1110010101101
0010100010101
1101100011001
0001001110100
1111111011101
0001010001010
1101101011111
1111111110110
1101101101011
0000110011111
1110111010111
0000111100101
1101110001100
0001100000000
1101010100100
0000010010111
1101111100000
0001010001111
1110000111001
0010001110011
1110001001101
0011100001100
0000101001101
0010000001100
1110100010011
0000011001100
1111000011110
0001010000111
1101010111101
0010100100001
1110011000011
0001011111100
1101101100011
0001010001011
1101010100001
0010011110011
1101011100101
0010000000000
1101101010100
0001101101100
1110101011110
0000000011101
1110111101111
0001000101110
1110100010000
0000111010001
1101110001111
0000111000100
1111010101001
0000100111101
1111000000100
0000001100101
1111101101110
0001001011110
1110010000000
0001111110100
1110011010100
0010101011110
1111100011000
0001011010110
1101100011010
0010000100100
1111111000111
0001111101000
1111011100101
1111111111100
1110011000110
0000001111101
1101101100111
0001000010101
1101011001001
0010010001001
1101110010101
0010011110111
1101101010011
0001111101011
1110001111010
0000110101101
1111000101100
0010010001110
1110101110111
0010000010010
1101100100100
0001100101011
1111100101010
