0010010100000
1110100000100
0001100111100
1101010010000
0000011001011
1111101100001
0000000011110
1110001100011
0010101010010
1111011000100
0010010100111
1111010110101
0001110001001
1111101101011
0000000010111
1111001001001
0001110110000
1101010111011
0001000100100
1111101000111
0000000110001
1111110110101
0010001011110
1111101110101
0000001100010
1111000010111
0010010101101
1110111100011
0000011111111
1110101010111
0001010010100
1111111111010
0000000001100
1111111001010
0010101110110
1111100101011
0000011011000
1101001101111
0010001111000
1111101110100
0000100111010
1110010001011
0000111011111
1101101011010
0010000111110
1111000011111
0000011100100
1110111010010
0000110011010
1110011111111
0001011101010
1111000110111
0001101001011
1111001010110
0001001010111
1110001010010
0001110010100
1111010010101
0000000110001
1101101101101
0010000010100
1110100110111
0010010001010
1101111111100
0001100001110
1101110011010
0010100011100
1110001111001
0010011100001
1110010111000
0010011001011
0000001010010
0001001010100
1111111010011
0010100010011
1111111111111
0001011000001
1111111111001
0001001110100
1101111010110
0001100001101
1101010111000
0000001011101
1111100111111
0000101011001
1110101001011
0010001101110
1101100010100
0010000011111
1101101001011
0001111011001
1110110010000
0000111111001
1110110010000
0000111100001
1110001000110
0001011110000
0000011000100
0001110010011
1111111111001
0010100100111
1111100001001
0000101101011
1111110111100
0001001101001
1100111111101
0000000001101
1101011010101
0010101101100
1110011111101
0001110000101
1110100001010
0001010110001
1110000011110
0001110110110
1101111110111
0000011110011
1110100111101
0001101001011
1101011101101
0000111001111
1111101100111
0001110101001
1111000100111
0011001000100
1111010100000
0010011110000
0001000101010
0010111101010
1110001101110
0001011111100
1111000011100
0000101010110
1110111110011
0001001010000
1101100111101
0000110100001
1110011011100
0001110001100
1111001001011
0000011011111
1111010011100
0010010101011
1110001110110
0010100101111
1110011100010
0000110111011
1111100010001
0010101010101
1101110111010
0000110101010
0000001110111
0001100000010
1111100011101
0011010011011
0000111110100
0100000110010
0001001011110
0010001000101
1111010100101
0001111001000
1111101011001
0000011011101
1101111010101
0001111111100
1110011100110
0000111101110
1111101011110
0000100101000
1101010111100
0001001010111
1110111111100
0000100000101
1111000101111
0010100100110
1111011001000
0010010010001
0000000010101
0010001101101
1110111010001
0000101000010
1110110011000
0010000000111
1110101101010
0010101010001
1110100110101
0010010101010
1111011011000
0001101001101
1110111100101
0001100011001
1111010101100
0001001101101
1111001001100
0010100110011
1111110011000
0010110011010
1111010111010
0000100001000
1111011011111
0000100111011
1110100001010
0001111001011
1111011100001
0011001100000
0000000110110
0010110101011
1110110010101
0010010000101
1110010001101
0001010101100
1111111100011
0000101011001
1111110010011
0010011011010
1110110010101
0011001011001
1111101000010
0001110111001
0000011001000
0001110000110
1110100011001
0001001010100
1110011000000
0000011000000
1111001101110
0001110111010
1111101111011
0001101111010
1110001100000
0001101100010
1111011001111
0011000011000
1111001000110
0001101100110
0001001110001
0010100010011
1111100011010
0011110100110
0000010001000
0001110001101
1111110100010
0001101110011
1111101110010
0001101110101
1111010110011
0001010111011
1111110101011
0011101111001
1111110011100
0001110110110
1111011101110
0000010101111
1101011111100
0010010010001
1111011101100
0000111000010
1111010011100
0001111100101
1111100011111
0010100111011
1111100000100
0001111100100
1110011100110
0001010011000
1111000011100
0001011000010
0000010100101
0010100100000
1111011010101
0000111001110
1111100010100
0001101010000
0000110100011
0011010010001
0000010001001
0011111011011
1111111110001
0001001111111
1110101111000
0010100111101
1101110011101
0001111111101
1111111011100
0010000111011
1110110011001
0000111111000
1101101010000
0010011111010
1101110111000
0000010110101
1101110000011
1111000100001
1101000101000
0001101100110
0000101111001
0000010101110
1111001110100
0000101001001
1111011001010
0001100000100
1110101010100
0010111010001
0000111000010
0100001011101
0000111100111
0001010001111
1110111111100
0001101100101
1110010001111
0010011101010
1110011111101
0000110101011
1101111001011
0000001001110
1101111111011
1101111000111
1011111010000
1111111100000
1011011001110
1111110000110
1110101010001
0001110111010
1110110000101
1110111011100
1101110011110
1111100000110
1101010011100
0000111100101
1110011001110
0000101000000
1111000111111
0011111100111
1110110110110
0001011011100
1110000111011
0010001010001
1101110011001
0000001001100
1110111000010
0000010111110
1100001011010
0000010000011
1011100010110
1110101000101
1100110100011
0000011000011
1101100101010
0000101101011
1101110110001
0001010011011
1101100101000
1110000101111
1011111010111
1111001001101
1100100111101
1111011001011
1110101001111
0001110000001
1110100000101
0001100010010
1101111010111
0001110000101
1111010011100
0001011101011
1111111100101
0010100110110
1111000101110
0001010011101
1011101100011
1111010000010
1101000111011
0000100110010
1101101111000
1111011110010
1110111101001
0001101000110
1111000011010
0001111100011
1100011110111
1110110101111
1100110110101
1111110000000
1101110000010
1110101110010
1101010010000
0010010110100
1111101001001
0010011000101
1110010011101
0010101001011
1111101011010
0001010110011
1110100110000
0001000010010
1101000011000
0000101000010
1101100001011
1110111000111
1101101110110
1111101101110
1101101110101
0001100101101
1111101011100
0010011001111
1111001011000
0001011011000
1101010001000
1110100011101
1100111100110
1110001000110
1100111010110
1111111101111
1101000000000
0000001001111
1110100000001
0001011101011
1111001001010
0010001111100
1111100111101
0000000010111
1110001000010
0000101110011
1110100101101
0000000001111
1101100000001
1111110011010
1101001010111
0001110110101
1110100011011
0000101100011
1111010111110
0010011111111
1110111011001
0000101100100
1101011000001
1110000010000
1011110010111
1111101101000
1100010001001
1110111101100
1110111011001
0001110110110
1110110101000
0011001101110
1111110001000
0000100001000
1111001111111
0001101000001
1101011111101
0001001011011
1110100010000
0001101100010
1101111101101
1111010111011
1101000000011
0000000110010
1110111101100
0010001011011
0000011000100
0010010010001
1111011011100
0000100011011
1101111100101
1111001000110
1101000100001
1111000100100
1110011110010
0000011001100
1110111001010
0010011111001
1111100111000
0010001100011
1110110101010
0000011011010
1111000011000
0010010001110
1111010010010
0001110100100
1111011000101
0001001011000
0000001111100
0010101101011
1101101011100
0001000111111
1111001101010
0001110111111
1110101100110
0011010101111
1101100010100
1111001101101
1011111100101
0000011010010
1110000000110
1111100111111
1110110010111
0000110101100
1111100100001
0011000000000
1111001101100
0011011000001
1111100111001
0001000110010
1111011000101
0010010111011
1110101010110
0001101010001
1110101100101
0011000101001
0000100110011
0001100010111
1110110011011
0001000100110
0000000001101
0010000101001
1110001000110
0000101100010
1111000010100
0000011101010
1100001111101
0001010100010
0000000100001
0010111110111
0000001001001
0010100011100
1111001011000
0011111001001
1111001001110
0010001011111
0000001001100
0010001010101
1111110100111
0000111111101
1111101001110
0000110101011
1111101110011
0010101001111
1110110011100
0100001001101
0001110011111
0010110010101
0000010101100
0010111010001
0001010100010
0100001110101
1110011101011
0000001001110
1110111110111
0001010100010
1101110100101
0011001101110
1111010011000
0001101101100
0000011101000
0010010001000
1111100111110
0010000011010
1110011010011
0001110100101
1101111111110
0010000110110
1110110111101
0010001101111
0000000000110
0010011010000
0001000110110
0010101110111
0010011001011
0100111000010
0011000011111
0100010000100
0000111000100
0011010011111
0000001011100
0001000011011
1111101001101
0000010001110
1111100101011
0001101101001
0000110111101
0010110110011
1111011110010
0010010100000
0000001110010
0001111011010
1111100100101
0000001000000
1101010110101
0010010101011
1110000110011
0001111000000
1110101101101
0001001011110
0000001110000
0100000100010
0000111001101
0011011011100
0001011111001
0011111010011
0001011100011
0010011101011
0001010110111
0001111011001
1111000111011
0001011101010
1110111100000
0001110001110
0000010000011
0011100011111
0000001010011
0011001110011
0000001111101
0001000010010
1101100111000
0001010110100
1101101010111
0000001001000
1110100011001
0010001100100
1101101110000
0001000110111
1111110111101
0010110011000
0000101001111
0011000000011
1111100010001
0010101101100
0000010000111
0010000100001
0000001001110
0010110001001
1110110111101
0001110110010
1111110111001
0010000110010
1110110000100
0001111101100
1110000100111
0000101001101
1110110100111
0000101011001
1101110001011
0001110100101
1110011110100
0001110111001
1111101000110
0001000100001
1110000101100
0010000101111
1111111011101
0010001000111
1110000000100
0001010111000
1111011110101
0000100011011
0000100001000
0010001010101
0001000110110
0010101001010
1111110001100
0010000001000
1110100000001
0001111100000
1110011110010
0001110001000
1110101011010
0000000111000
1110100100100
0000011101101
1111010011000
0010110010110
1110111010101
0000001001101
1110001011111
0010100111001
1110000000101
0010001011011
1110110111100
0000110101111
1110001000010
0000100001011
1111101101000
0000110111101
0001000101110
0001101111111
0000000110010
0010011111010
0000010111100
0001100101111
1110111010000
0001100011110
1111010011011
1111000101000
1101111001111
0000110001010
1101010111100
0010001001111
1110001000100
0000111000011
1101011110000
0010101000110
1111001001111
0000110100001
1101001110010
0010100111001
1111000111000
0001110001111
1101011110110
0000100000100
1111001110101
0001000010001
1110101000110
0001100110010
1111111000110
0000110101000
1111011101111
0001010111000
1101110011101
0000110100100
1110100100110
0001111000000
1110011111000
0000010110100
1101001000001
0010001010010
1101110110111
0010010011010
1110100010011
0001010010110
1111101011100
0001001100100
1110110111110
0001001000001
1101111000100
0000111011011
1110101110101
0010011000100
1111011111110
0000010010011
1111000110111
0001000010100
1111011111000
0001011011010
1111000101100
0001111110110
1110100000111
0001101010010
1110011110011
0000000000111
1110111110111
0001111100010
1111110110010
0001110001011
1101010010011
0000000111100
1110110111010
0010000101001
1101100111010
0010100110011
1111011011011
0010101101011
1111000000101
0001101101001
1110111011011
0000001101001
1111111110111
0010001000011
0000000000101
0000010111101
1101101010001
0001010110100
1111000000101
0000010010111
1101010110011
0010001101111
1101110110010
0001010011000
1110100100111
0000101100010
1110011011000
0010010001110
1101010011111
0001101110101
1110110000000
