0010000111000
1101011111001
0010001011111
1110110111101
0001001011010
1110110010010
0010100010101
1110100110011
0010101110111
1101101111001
0000111111000
1110001001111
0000011010110
1110110011000
0000001001100
1111111010001
0000010100010
1101010111110
0000010110110
1110011111100
0000011111100
1111001101110
0001111011010
1101111100011
0000110010010
1111101001100
0000011100011
1110000010101
0001011010011
1110011000010
0001010001101
1111010001110
0001010101011
1111010101110
0001111011001
1101100111000
0001111011000
1110011100011
0001001001110
1110001111011
0001001000101
1101111111101
0000110001010
1110100110000
0000100101100
1111000011000
0001100101010
1111001001001
0000110111011
1110000111111
0010011001001
1110101011010
0010101011010
1110011111001
0000100101010
1111010101101
0001110111011
1110111110010
0010100111110
1111100001100
0010101001100
1110111010101
0001010100100
1111000110111
0010000000010
0000000001100
0001010101100
1111100111011
0010011010000
1110100100001
0011000100010
0000011101100
0001110101011
1111110010101
0001111100000
1110011100011
0001110110000
1111110001101
0010110000001
1101011111000
0010001011101
1101101011011
0001000011110
1101111100101
0001000010010
1110010110111
0010101101110
1111111010000
0010101010111
1101100100100
0000110110111
1110000011111
0001011110011
1111001001000
0001111101101
1110011110001
0011010001101
1111010101100
0001110101100
0000010100110
0001111011000
0000011111011
0010010011110
1110110100100
0001111010011
1101110001001
0001101100010
0000000110101
0000001111011
1110101101011
0010100110010
1101100111100
0000110011000
1111001001010
0001101000110
1110001011001
0010100000101
1110101100000
0010011100110
1110100100010
0010010000001
1110110001100
0011010000101
1111000110101
0010001110111
1111110111010
0010010110110
1111110100101
0010100000011
1110100101011
0011011110111
0001001011111
0001001100101
0000100100111
0010101100111
1110110110011
0000001011100
1111000100111
0001011011111
1111101101111
0010010000001
1110110001010
0010101010111
1111110000101
0010001000010
1110110011001
0010101111100
1111000010111
0001010010001
0000000110000
0010110101100
1111110110011
0001111011001
0000000001011
0010000100011
1111010111111
0010100010111
1110111000110
0001110111111
1110101010010
0011011110111
1110101110111
0000100100100
1101100100100
0010010111010
1101011001101
0001010101011
1101101010111
0000110001000
1101010000100
0010100110110
1111110100111
0001010000110
1101101111010
0000111100011
0000001010111
0001110100100
1110000011011
0010011100100
1110111111101
0001101100011
1111011011100
0000100101000
1110100100100
0001001100000
1111000001110
0001101000000
1101110000100
0000110001011
1101110000111
0001110100011
1111000011100
0001010011111
1101101111101
0000110100110
1111011110000
0010001010010
1101111101001
0000000101011
1111110101100
0001111111011
1101100011011
0000110110111
0000011000100
0010011001100
1110100001011
1111111110001
1110010010011
1111001111111
1110000101010
0001000100010
1101011110101
1111001001001
1100010110100
1110111010000
1011111000000
1110100011001
1100000011001
0000101010001
1101011101001
0001011000000
1111000010010
0010110110011
1101110001110
0000111011001
1111011001010
0010101110000
1111100100110
0010011100000
0000001010011
0000111000000
1110110000101
1111101000100
1110010011110
0000101111101
1100011010111
1110111101101
1101011100010
1110000111100
1011101110101
1101100011001
1011101011100
1101110010111
1011110101011
1111101101011
1100101110101
0000001010101
1111000011010
0001001011010
0000010001010
0010011101100
1110000110011
0001101110011
1101110100100
0001010000000
1101001001000
0010100010001
1110111100010
0000011000100
1101001010010
0000010101101
1101111100100
1111110100111
1100110000110
1110101101000
1100011001101
1111001100110
1101101111101
1110101010011
1100011011011
1111000001110
1011101101110
1110101100101
1110010110110
1111110100010
1110010011010
0010000010001
1110110011100
0001110011011
1101100001101
0010010000010
1110111001010
0001100101011
1110101101010
0000001100101
1111110010000
0000101000011
1110100111000
1111101101000
1101000110110
1110110100110
1011101100100
1111110110100
1101000110000
0001100011111
1111010101001
1110111110111
1100100110101
1110000110010
1101000110101
1111111100010
1100111110011
1111111001000
1101000011011
0010111000110
1111001010101
0000110001101
1110001111001
0000011100000
1101100111101
0001011011110
1101010001010
0000011111000
1111010110101
0000000010001
1101101110110
1111011001111
1101001000110
0000000010110
1101000101111
1111101100011
1110111011011
0010111001100
1110001101101
0001000010101
1111100100000
0001110010011
1110100110011
0010000001001
1101001000110
1111011001001
1110110011111
0010010011000
1111001001011
1111111100111
1101100101000
0010011011001
1111001000000
0001011000110
0000000111111
0000011011100
1100110110111
0001110110110
1110100101000
0000011010000
1111000011110
0000101100011
1110111111100
0000010001001
0000010010111
0100000010011
0000101010010
0000100011010
1111100011100
0000000110110
1110110111010
0001001001110
1101010101110
0001111000001
1110111110111
0010101101101
1111110010111
0000111110000
1101111101101
0001010011110
1110111011100
0001101100011
1111011001000
0001111010000
1111010001011
0000001011010
1101110010010
0000100000110
1111110010010
1111100000010
1111010001001
0010000111100
1111011111101
0011010111100
1111001011111
0000100011000
1111100100110
1111111111001
1111101011011
0001101010000
1111011100010
0001011000000
1101100000000
0001010010010
1110001101100
0000001100110
1101011001111
0010010010000
1110110110100
0001110101011
1111011010011
0001110111000
1110011101000
0001000011110
1110100111100
0000101000011
1101011100101
1111101001101
1110001011000
0000110010110
0000011010111
0010111010110
0000011010111
0000011011100
1101000100001
0010000010000
1101111001000
0000010001111
1101101100111
0010010010101
1110110110000
0001000100010
1110001101110
0001000111001
1111101001100
0001010101110
1110101101110
0000001001100
1111001110111
0001110111101
1101000111110
0000110101010
1101011000110
0000111111111
1110000011110
1110011011100
1110011000100
0000100111101
0000100101100
0011100000110
1110101001011
0001011010101
1111000000110
0000011010010
1111001010101
0011000001110
1111101111001
0010001010001
1101010011101
0001000100111
1101101110111
0001011010100
1111001011010
0001111100100
1101011010110
0001001101011
1111101000111
0000110000110
1101110111011
0000000101011
1101111101010
1110001100000
1110000111111
0000011011101
1110111111101
0000100001000
0001000100101
0010011110100
1110100101111
0000010000101
1100011000111
0001100101110
1111011100111
0000101011100
1111011111111
0001100001110
0000000010001
0010010011010
1110110001010
0000000000010
1101101010000
0001100010011
1110100001110
0000011001010
1111100101111
0001001110100
1110000000010
0000011000111
1100110101000
1111000110000
1100011010011
1111010100110
1111000011011
0010011000011
1111111111101
0000111000110
1111010011110
0000000000110
1110101001110
0001110111011
1111110100111
0010100101110
1111100011111
0010100111100
1110101110011
0010000111011
1110010111100
0001100100011
1111001111111
0000100111110
1110011001000
0000010101011
1110010010111
0000100111110
1111001111111
1111110110000
1110110001110
0010100111001
1111111100011
0010011011110
1111010101010
0010000011000
1111010000111
0010110000010
1111111000110
0010010100101
0000101111100
0010100101110
1111101100100
0011000000100
1110011001100
0000111001111
1111101000100
0001000010111
1111101101001
0010100010111
1101100000001
0010000110111
1110101100000
0000100101110
1101101101000
0000101010000
1111100000100
0010010000001
0000111000101
0010100100101
1111111011000
0100001010100
0010100011000
0011001110000
0001010001001
0000110101111
1111110111110
0011000011110
1111000101001
0011010011110
0000110100000
0001011011001
0000100101101
0010010100100
1101111100100
0011001110011
1101101110001
0000111001111
1111010111011
0010101101011
1111011000100
0000011011010
1110011010100
0010100100111
1111101100100
0010101001011
1111110000010
0011011110110
0001000011100
0100000010010
0010011010011
0011000111111
0000010100011
0010100001010
0000000100100
0010111101110
0000010001010
0011111001010
0000110101010
0001101000111
1110101111000
0001010110000
1111011010001
0010011001000
1101011001100
0001010111010
1101111100001
0010001010101
1101101111000
0010101111000
1110001111011
0000110000001
0000001101001
0010010010100
1111111000100
0010111011010
0000111110001
0010111010101
1111000101110
0011101100111
0001010101101
0001111011000
1111110110001
0011100111011
0000100111011
0010000011111
1111101100001
0010001010001
1111111111000
0010101101101
1101100100010
0010000111111
1111110101100
0001011000101
1110101011100
0000000001011
1101010000011
0000100110100
1110000010000
0010110111000
0000001011101
0001111000111
1110011111110
0001011101010
1101111010111
0010010010111
1110100100101
0000010110010
1101011010010
0001110111111
1110110000011
0001000100100
1111000100000
0001110110101
0000000011111
0010110111001
1110001110001
0010010110100
1110010101111
0010010000101
1110011101000
0001100101010
1110011110111
0001101110001
1111110101100
0000000011000
1110011000000
0000011111101
0000000011001
0001100101001
1101100001110
0000111001100
1101011101001
0000111011101
1100110001001
0000110001001
1110000101010
1111001010000
1111001011001
1111100110000
1101011101111
0010001010110
1110111010100
0001000110111
1110110111100
0001110100010
1111000001101
0000001001110
1110101011010
0010100100111
1101100100111
0000000100001
1110101010001
0001001000101
1110001111011
0001100100100
1110111000101
0000100110000
1110000000110
0001010100010
1110001001010
0000101100101
1110110011010
0000010010101
1110011011111
0000101101110
1101111100011
1111111101100
1101000010010
0000111100000
1110010010000
0001101110110
1110101101001
0010010111010
1111001011100
0001111000111
1110010100010
0001101111010
1101111111111
0000001110000
1110100000010
0001101000000
1111101101111
0000000000011
1101000101001
0001110000111
1110000100100
0000101101101
1100110000101
1111100110111
1110111101011
0000111001010
1101011011010
1111010010000
1110011010110
0000011100000
1101000010000
0001000110110
1101000001000
0001100011100
1110110011010
0000100011101
1110010100011
0001110010110
1111100101111
0010011001111
1111001001000
0010000110101
1110101010011
0000000011111
1101101011010
0000000001100
1110010010111
0010100100011
1111110111100
0001100011100
1101111111110
0001011010101
1111110010111
0001101010110
1101110111100
1111111000101
1110101111111
0000010100011
1111001110111
0001010011001
1101011011001
0010011010101
1111000010101
0001110110000
1110001000100
0001110010111
1101011110000
0000101011101
1111001101010
0000001001001
1111101101110
0001101001110
1101110000010
0001100111111
1110010010010
0001110001010
1110010101101
0000100110000
1110011010100
0001101110011
1101110000000
0000101001011
1111011100001
0010001100001
1101011010001
0010100000001
1101100011111
0000100111100
1111100101010
0000000000001
1101101100101
0010101110001
1101011010110
0000011101011
1110001111010
0001101000111
1101101111111
