0001011010000
1111110100010
0010000100001
1101100010101
0000100001100
1101010000000
0010100010000
1110101000110
0000011111011
1101101110011
0010001010100
1110101000011
0010100010011
1101100100110
0010100000111
1111111001011
0010000111000
1111101100010
0001111010010
1111000001000
0001001111111
1111110000111
0010001000001
1110000101010
0010001101010
1111010011010
0001010000111
1110011100000
0010100111011
1110110010001
0001100001010
1110110001111
0001011001101
1111001101111
0000111000100
1110000101011
0000101111100
1111011001001
0000100000011
1110110101111
0000000110100
1101010111010
0010100011100
1101010100000
0010010000011
1101101100011
0010101110100
1110011010100
0010100111100
1110001010100
0010100100101
1110111011111
0010000100101
1110000110100
0000001011101
1110100001011
0010100110001
1110100011100
0000001111100
1101100101101
0010101010011
1110001111010
0000110110000
1110110001011
0010100110100
1110010111110
0000100011110
1111101010111
0010011100100
1111010000001
0001110011110
1101101000011
0000110011111
1110101010110
0010010100111
1111111010010
0001000110110
1101111000000
0001110010111
1111001011111
0001001100101
1110011100000
0001111000101
1111100010010
0000101010010
1101111011110
0001111100010
1111100010110
0000101101101
1101110010010
0000000011000
1111011101110
0001010111011
1111010010110
0010000010111
1111001111111
0010100101101
1101110001010
0001011001111
1101111100110
0000100101001
0000000110100
0010000110100
1111010111101
0010000011111
1111000011111
0001010101000
1101010011011
0000100100101
1111110010010
0000110011011
1110010010001
0001110001111
1101010100000
0010001011001
1101100011110
0001111100000
1110100101111
1111111111010
1101001110000
0000100110011
1111101010110
0000000110100
1101100100100
0000001010000
1100101101011
0001011000001
1101111110011
0001001001011
1110110001111
0000010110000
1110001010010
0001101101011
1110010010001
0000011111101
1111100111101
0000011001100
1110100100111
0000100100000
1111001010101
0001101011010
1110101000110
0010100011011
1111010100101
0001000111000
1101101100110
1111110001010
1110101110011
1111110001010
1110110011110
1111011111000
1110000111000
1111110111100
1110110101100
1111101011110
1110000001110
1111111000100
1111111111111
0010111000110
1110101100011
0010000010100
1101110010101
0001101110001
0000011001000
0010000101000
1110110001011
0000111010000
1101110110000
0010110010110
1110100010101
0000001100011
1110001110111
1111101000000
1100011000110
0001000110111
1101011111010
0000110011100
1100101100000
0001000100100
1101111000100
0001000010011
1111011111000
0010001011111
1111111010110
0010100000000
1111000111110
0010010011111
1111111101000
0000110010101
1101101111101
0010101110010
1110010000001
0010100000000
1111111011010
0000001001101
1110111110111
0001100101111
1110111100010
0000010110011
1110001011001
0001100001001
1101111100101
1110101000100
1100001101010
1111101010011
1100110010010
0000111011101
1101111100111
0010110110010
1110100010010
0011010001000
1110111111000
0010111110100
1101110100010
0000110011001
1110001111100
0000010101110
1111001000100
0001101101000
1110111000111
0011010010100
1111011011111
0001110011100
1110011101011
0001001010000
1110000100011
0010100000010
1100101010110
1110101101011
1101111000110
1111100101000
1011111110101
0000000110000
1101100010110
0001100001100
1101100001111
0000011110001
1110111110110
0001001001000
1111101110010
0001111001011
1101001011010
0001000101110
1101101001000
0010010010110
1101110111101
0000111111010
0000001111110
0001000001100
0000010101111
0010011000100
1101101000001
0001000101110
1110101001111
0000111111001
1101000010010
1110110111101
1101000110000
0000111000001
1110111100000
0000111010101
1110101010110
1111100110100
1101111001000
1111001101000
1110101111100
0001000111111
1101100100001
0000011011111
1110010000001
1111101110011
1110100011001
1111111100101
1100110111011
0000011110011
0000000110101
0010110101110
1110001110110
0000100011000
1101100010111
0010001110000
1111110110111
0001110011011
1110101000001
1111110111010
1110001100100
0010010110000
1110010001100
0001101010101
1110101100101
0010101011000
1110101000001
0000001001010
1101001111000
1110000010110
1101000110001
1110100011001
1101000110100
0000011011011
1110000101101
0000100111000
1111000001011
0001110000100
1101110110110
0000101010101
1111110101110
0010000110110
1111101001100
0010001110000
1101001111111
1111101101011
1101100001111
0001010100010
1101100100010
0010101001001
1111110000000
0100000111101
1111100000100
0001111100011
0000001110001
0000000101010
1100000000011
1100011010110
1100000101100
1111011000000
1110001110101
0000101101101
1111010111011
0010010111110
1110011001100
0001010110100
1111001010010
0010101101101
1111001100111
0000010000001
1111100000110
0000111110110
1101100001000
0000100010110
1110111110110
0001011110001
1111010101001
0010111011001
1111000101000
0001101010001
0000110110110
0010100010111
1111111011110
0001010011001
1110110100011
0000011000010
1110000110010
0001101001000
1111111001110
0001011100010
0000000000011
0011001110010
0000001001001
0010111010101
1111011010000
0010101100000
1111010111000
0010110000001
1101111000010
0001011001001
1111101111110
0010010110010
1101000111011
0010100100001
0000010011100
0011101011000
1111011010110
0011001100101
0000101101110
0100001011100
0011000100111
0100010110000
0001001110001
0011010010101
0000011000100
0001110101000
1111011100101
0010000100111
1111101001100
0000111110000
1110110010001
0010010111011
1110111111000
0010101000000
1111101010110
0001010010111
1110010000111
0000111010100
1110101111000
0000111011010
1101011000000
0001011111110
0000001100100
0011011000011
0000010010110
0011000100010
0000100110010
0100010001010
0100000101100
0100011000110
0000010011110
0010111011110
1111100000001
0001110111101
1111011100100
1111001100001
1101000010000
0001111010101
1110111100101
0010100010011
1110010111000
0010110010000
1111010110100
0001111110110
1110000110011
0000111000011
1111011110110
0000110001001
1110000010011
0010000101000
1111111001110
0011010011010
0001110101110
0100100001010
0010001000000
0100001100011
0001110011110
0100001111001
1110011001101
0001010111111
1111101111100
0001100000101
1111001111101
0000101001100
1101111100010
1111001111111
1100011001110
0000010001010
1111111111010
0000010110100
1111110001110
1111111111111
1101001101101
0000101100000
1101111011111
0001110100110
1110010110011
0011000010111
1111011101110
0011011001111
0001011101111
0100001111110
0001001101100
0100011001011
0001000001011
0010111100000
1110010101101
0000010011110
1111000100000
0000011000100
1110001111100
0001001101110
1100100101110
0000110101010
1100110111100
0010010110011
1111011101101
0000110101010
1111001100010
0000111001111
1110101100001
0000101001011
1110111100100
0001001110101
1110100011100
0000111111110
0001011000100
0011000000000
0010011110111
0010110100010
0001110001001
0100001001001
0000011111101
0010011101110
1110010110111
0000000110101
1110101001010
0001111000101
1111000001101
0000100001100
1101011011100
1111010010110
1110110000110
0000011011001
1101001001010
0001100100000
1110111000111
0000011100111
1101001101000
0001010111000
1110011011110
0001001110110
1101101110000
0011010101010
1111001011110
0010111101000
0001110011101
0010001011000
0001100001101
0010101011001
0000110010000
0000101101001
1101011001111
0001010111001
1111011100010
0010001110101
1111011010001
0000100000110
1111010000010
0001001100100
1110010111101
0010101001000
1110000000111
0001010100000
1110111000011
0010001000010
1111101110000
0001110010000
1101001101100
0000001011100
1111001110000
0001110001101
1111111001011
0100001000110
0000000100100
0010010101000
0001000011000
0010010011111
1110010011100
1111110110101
1101101100101
0001001100110
1110001011111
0000010001000
1111000010111
0001011101011
0000111010001
0010010000100
1111100111100
0001100101011
1110111001010
0001101010101
1110110101010
0000101101101
1111111010000
0010000100110
1111111000110
0000010101100
1110011100011
1111111110001
0000011010011
0010111011101
1111111111011
0011001000110
1111011011000
1111110101100
1110001010001
1111110011001
1110000110101
0001011110111
1111000100000
0000010101110
1111000000101
0001111010111
0000010011010
0000110101101
1111000110110
0001011000010
1101011110010
0001110010101
1101111100010
0001001100110
1111011101000
0000011000011
1110000001100
0000100111110
1101001110110
0001101111000
1111010010010
0001010111011
1110110010111
0010010100001
1110110000111
0001001110100
1110011001101
1111110101100
1110110000000
0001101001010
1110101111101
0001011111101
1110110010111
0000100111011
1110010011110
0011010001001
1111011000100
0001001000001
1111110010101
0010011111101
1110010111111
0000001000100
1110100010101
0000111011010
1110101000010
0001111110100
1110100000011
0000001001100
1100110011101
0000010100001
1100100001000
0000101011101
1110111111110
0010010110000
1110001000011
0001010001101
1111010010111
1111111001101
1110000101110
1111111010010
1101011110011
0010010100000
1111100000000
0001010000101
1101111011100
0001000111011
1111010110111
0001001100010
1110110000111
0001001010011
1111001010000
0000001010010
1110101100100
0010010010110
1110110010001
0010001100100
1101101011111
0000101001110
1101011100011
0000011000101
1111100101000
0000100111101
1101110110101
0001011011110
1100101110101
0000100000001
1101110001111
0000100110101
1100101101010
0001000100101
1111101001010
0010110001110
1111100110011
0001110100100
0000000111101
0001010010111
1110011001001
0001001111000
1101100101011
0000001000111
1101100111000
0000011101100
1111100111110
0000101001100
1100101011101
0000010101001
1110000100101
0000110011010
1110101101011
0001001000010
1111000011010
1111111100101
1101000011001
0000011000101
1110000100011
0000001110001
1110101001100
0001100111011
0000011101000
0010000000110
0000101100000
0001100010010
0000000011000
0001100011110
1110000010010
0000110001100
1101001101000
0000110110011
1101111111110
0010011010101
1110111111111
0001100011111
1111110110001
0001000111010
1101010101101
1111110000000
1101001100001
1111101011010
1101010000000
1111110100111
1101100010111
0000100001001
1101101010000
0000100111101
1111001010101
0000011100101
1111010010111
0010110111011
1110110101001
0010000010011
1111110100100
0010000110011
1101011111111
0000110100100
1111001010011
0001101110010
1110011001111
0000110101100
1101011011011
0000111000100
1111101010110
0001000010101
1110000011100
0001001011011
1110110000010
0010001100110
1111001111011
0010001111010
1101010101100
0001010100101
1100110110011
0000111101100
1110101100110
0001101011000
1101110010000
0001101000000
0000000001011
0000000110101
1110111001011
0001111111000
1110001101000
0001100000100
1110101101100
0001100001011
1101101010111
0010001000001
1111100011101
0001001000000
1111110101011
0000001110100
1110001001010
0000101001111
1111000001000
0001100000100
1110101110110
1111111111101
1110111101111
0001100100000
1101101101010
0000010110001
1110101010111
0001101011001
1101110111100
0001101000001
1110010101011
0000110111010
1111010101000
0001101110110
1110111100010
0001110001110
1111000101011
