0000011110111
1110101110110
0000111100011
1111001000111
0001011111000
1110111010001
0001110101101
1111000101001
0000010100111
1111101010110
0000010111110
1111111001000
0001110010001
1110000011001
0000001101010
1111101001110
0000110000001
1110111010101
0001001010100
1110010111011
0000101100001
1101010000010
0010000111011
1101110110001
0000011011100
1110001110101
0010010001011
1111101100010
0000001001101
1111110101111
0000001101000
1111010111100
0001011011100
1110110110101
0001100000000
1111111001010
0010001111100
1111011101111
0001000010101
1101011111001
0000110111011
1110100110010
0010101000011
1101010001100
0000011110000
1111111011101
0000001110101
1110101111011
0001001111000
1110101011100
0000001001011
1110001001000
0001010011110
1101101111011
0001001101100
1110010000110
0001001110110
1111010100010
0010000011000
1110100111101
0000110101111
1101110000000
0010000001010
1101110001111
0000101011010
1111010011000
0010011111001
0000000010101
0001010001011
1111100010110
0010111110101
1110011001111
0010011000110
1101110011010
0010010000000
1101110000100
0010111000100
1110001000101
0001010000000
1111001001101
0000110000100
1110110001010
0010110010001
1101111110110
0000101100001
1110110011101
0000111101010
1110000101001
0001111000001
1111110000101
0000011110111
1101010011010
0010100000111
1101100011000
0010001111110
1111100110100
0000001111101
1110010110101
0000111101111
1111001000000
0010100011010
1111111010010
0001001000100
1111001000000
0011011010010
0000110110011
0001110100110
1101111111011
0010011101110
1101100000000
0000011011101
1111110011111
0000111001110
1111100101000
0010001101100
1110011010001
0001100111011
1111100011101
0000100111001
1111001110101
0000100101000
1110100100110
0000000011101
1110111001000
0000010010010
1101000010000
1111110111101
1101010101111
0000101110011
1110100001000
1111111011010
1111001101010
0001111111010
1111110011111
0000101111001
1111101101110
0001001000001
1110010001011
0000000110010
1111001101101
0001001101110
1111011100100
0000111110100
1101111000001
0000111110101
1111100011011
0000110011010
1101010110101
0000101011100
1101111101011
1111010001100
1100111010011
1110110001010
1101110110011
0000100001100
1110010001110
0000111101101
1110100011100
0011000110000
0001000010100
0011000110110
1101110011101
0001100011101
1111000100000
0000100010110
1110000000101
0001010001111
1101110010011
0000010100000
1110011100010
0000001110110
1110100010000
0010001001100
1110110111110
0001000010010
0000001011110
0010001001010
1110000111001
1111011001011
1100011100100
1110101110001
1101100010001
1111001001111
1110010101011
0001011011111
1110001000010
0001100100010
1101101100011
0000111010000
1110011101001
0010010100001
1101101100000
1111100100110
1101101001100
0010000011000
1110001111101
0000001010111
1110111001110
0001001010011
1111110000001
0010111010111
1110111100011
0010100010001
1111000011100
0011010011101
0000011111100
0001100111010
1101110110001
0001010101100
1101000110101
1111100111011
1100011101110
1111011000110
1110100101101
0000100110100
1110010000010
1111101000100
1100110110000
0000011111001
1110111000011
1110010000101
1100110011101
0001001100000
1111000111110
0000010011111
1110101111000
0010101011011
1111111111111
0010111100000
1111110011101
0001101011001
1110101111111
0010100011010
0000001110010
0001011111111
1110101101011
0000100001010
1110111001011
1111011010010
1101100110110
0000011000111
1111011110011
0001010101000
1110110011100
0001001011000
1100101000111
0000110111010
1101101010100
1110101100000
1100111011100
0000100001010
1111001001011
0000001100001
1101010111011
0001110110010
0000001011111
0010001000100
1111011111001
0001101101100
1111010110000
0001110001001
1110000001000
0000111000111
1110001111010
0010010111110
1110011111101
0000100111010
1101110011000
0010101011111
1111101000100
0001010100001
1111100001100
0000100111001
1110001011111
1111100101000
1101000110000
0000000101100
1101101000111
0010000111111
1111110011111
0001111010011
1111001101000
0001001011011
1110011110010
0001011110000
1110000100101
0010101111100
1110001001111
0000101110000
1110111010111
0000010111000
1110111010111
0010100000101
0000001111010
0001000101101
1101010010011
0001111111000
1110110001101
0010000011000
1110100101000
0001000000110
0000000101011
0010110110010
1101100110111
1111101111101
1101111000111
0000101000101
1111111010110
0001100010010
1111010101010
0000011011111
1111101001111
0001110100111
1111000001000
0010111110000
1101101100110
0000011110010
1101101111010
0010000011011
1110010001110
0001000111011
1101111100101
1111000110110
1101010011111
0001101101111
1111011011010
0010011011110
1111001111010
0010001001110
0000011111010
0010101001010
1111111010101
0001010100011
1110011010011
0000100011000
1101110110111
0001110000011
1110011010000
0010011000011
1111101011101
0010010110001
1101110001100
0001011011011
1111010101000
0001000101010
1111100010010
0000101101111
1111000011000
0010001000100
1100010100001
1100110111011
1101011001111
0010001101011
0000000001011
0001000111111
1110010000011
0000101001011
1111011101110
0100011110100
1111110000000
0011011111010
1111000101110
0001000001101
1110110100000
0001100001011
1110001010100
0000101000001
1111100010010
0000100111000
1101110010101
0001111101100
0000101101010
0010111110100
1110010110000
0010001010011
0000101011001
0000010101010
1011000101001
1110001111110
1110101111100
0011001010001
1101110011110
0001010100011
1101010011001
0000110001010
1111000100101
0100010110101
0010001001111
0001101001000
1110010001100
0000100111110
1101011001110
0010010111100
1110001011001
0001000001100
1110111001001
0000111111011
1111110010101
0011001011010
0000011100011
0010011101110
1110010001010
0010100001010
1111111111100
1111101010000
1011001110101
1101101011001
1101101110101
0000110100101
1110011001011
0000101001110
1111110000010
0001110101110
0001000100010
0100001110011
0010000110111
0011010010001
1111010011101
0001111100011
1110010000001
0010011111000
1111111100110
0001100011100
1110000001011
0010000000100
1110100001101
0001011101100
1111000111110
0001111101000
1110101010110
0001111110000
1101000001000
1110100001001
1011010110011
1110011011011
1111010010111
0001110001000
0000001100101
0001110101001
1111110110111
0010101111111
0001011101011
0011010010110
0000011001100
0001101010011
1101111100110
0000100011100
1101011011010
0010100010001
1111111000100
0001100000000
1101101011100
0000000011101
0000011011110
0010010110100
0000000011101
0100001101000
1111001111100
0001111110101
1101100001011
1101001011100
1011111010100
0000000110100
1110011101000
0001010010000
1111111100111
0010010111011
0001100001000
0011001001010
0001000001111
0010010111000
1110101111000
0001000000011
1110111100000
0010000000111
1110001011001
0010010101111
1111110011000
0001100011101
1101100010111
1111111011000
0000000000011
0001101001000
0000111111100
0011000100011
0010100010011
0011110011000
1110010111001
1111010111001
1101001010001
0001111111000
0000001011010
0001110100111
1111000110110
0011100010101
1111000101110
0010110000000
0000011110010
0010111110010
1110001001110
1111110101100
1100111110001
0001011001111
1110011001011
0000010010010
1110111110011
0000100011101
1100111000011
0000100010010
1101100000100
0000100010001
1101111100101
0011010101101
0001100001111
0011010101101
1111111101011
0000000000100
1110010100110
0001011101010
1101011111110
0001010110101
1111011001000
0000100000000
1111101101011
0000011110001
1101101010101
0001001110110
1110001101011
1110101000011
1110010001010
0010000101001
1111010100100
0000110110000
1111000010111
0010001001100
1110011011000
0001010000000
1100100011010
1111011101011
1101110110100
0000011110110
1110111111001
0001100000000
1110100001000
0000010001111
1110101111110
0001101101000
1110011110000
0000101001110
1110100110001
0001001101110
1111001000110
0000101010110
1110010100100
0000001000100
1101010011011
0000011111111
1111010101100
0001110101100
1110110000110
0001100100010
1110101101111
0001110100111
1101000010010
0001010110000
1110000011000
1111101001101
1101011100100
1111011001101
1100101010110
0000111111000
1111000011100
0010010111010
1111100110100
0010101001111
1110100011011
0010100111101
1111110101111
0000100010110
1101000101011
1111101000100
1100101101001
1111001010110
1110000000001
0000100100111
1110000010011
0010011101101
1101110101000
0010010011001
1110011010000
0000100010110
1110011001100
1111001111101
1101001100010
1111101101111
1100100100001
1111011100101
1101010111000
0000111000110
1111010111001
0010000011000
0001001010010
0011101100011
1111110111011
0010100001110
1111100010100
0001011111110
1110001110110
0000111011101
1011111011010
1111001101001
1100101100101
0010001000001
1110110110000
0000110011110
1111011111011
0000001001110
1111100000110
0010100111111
1101001111010
0001011011001
1111000111110
0000001110101
1101010100010
1111001011100
1101100010010
0001001001110
1111010010000
0000101101111
0001011000011
0001011110000
0001101101100
0001001001111
1101100110111
0001011100001
1100101111001
1111101100101
1101010001011
0001010011111
1110011000111
0001000011100
1111111000100
0001000010100
1111001110001
0001000110110
1110001010110
0001001110101
1110100111110
0010000011001
1110100111001
0000101110101
1110100101000
0001101101100
1110110011101
0001010100101
1110101010000
0001000101100
1110110010111
0001001100110
1111111010111
0001110001001
1111001001100
1111111000101
1110100100011
1110111010000
1110111000111
0000111110110
1101111010001
0001001111101
1110110000110
0000001001110
1101010101001
0001001111100
1110110101000
0000100111111
1101101000000
0000001111100
1110000111011
0001000001011
1101110101000
0000100000111
1110101010110
0001111011101
1110110101000
0001011000010
1110010010101
0000101111000
1110011110111
0001101000100
1111000110000
0000110110110
1101011000000
0000011010001
1101100001101
0001101011011
1110000011110
0001100011100
1110110001110
0000100000010
1111101101011
0010011010111
1111010110010
0000001010001
1111000111001
0001110100000
1111001101101
0000100011100
1110001110100
0010111100100
1110101001111
0001010101101
1111110100001
1111101101010
1111000100000
0001101110110
1110110100101
0010000001101
1111000011001
0001000111001
1101010111000
0000011101110
1100110100101
0000111110101
1111110001110
0001000011111
1111000010111
0001100101110
1101001111101
0010001011000
1101111001111
0000001111111
1110001101011
0010101111011
1111100110101
0010110010000
1110100000010
0001001000001
1111000001110
0000010110001
1110110001001
0001011101111
1101001011100
0001000011111
1110001110100
0000000111101
1111000111110
0010010111010
1111110111110
0000111110011
1110111010110
0001111111000
1101001100111
0000011011010
1111010110001
0010110010010
1110011110011
0001100111000
1110011011010
0001011110110
1111000001010
0000110111110
1110010001100
0010110001100
1111001100001
0010001001101
1101011001001
0010100110001
1111011100101
0000000011111
1111001110111
0001100110010
1110100000010
0000111000010
1111110010011
0000100001101
1111000101111
0001001110101
1101011010100
0000111110010
1101011011111
0000100111111
1111110000100
0010100010000
1110111100111
