0010010110100
1110111001011
0010001100011
1101110000111
0010100011011
1111011100101
0000111100001
1101110110011
0000110001110
1110011100110
0001010101100
1110001111010
0001000001100
1110100100010
0010101010101
1101011011111
0001110001111
1101111111100
0000011001011
1110010011010
0000000010111
1111010100100
0000011000101
1101101111111
0000011100001
1110111000001
0000010111010
1111101100100
0010110011000
1111011000111
0001011011111
1101101001101
0001101101110
1111001011000
0001110010011
1110100010011
0001011010000
1101010011100
0000110101111
1101110110111
0001100000110
1101110111101
0001000101011
1101100000110
0000110011010
1111000010000
0010010101010
1101011110011
0000001110001
1101010110111
0001011110101
1111110000110
0000100010100
1110001001001
0010011111100
1111000001100
0000001011100
1111111100011
0001010010000
1111110100110
0000101010110
1101010010001
0010100010000
1101101010111
0000111000110
1110100110100
0001010000000
1110001011111
0001111000001
1110011111110
0001110011000
0000010010010
0001100000110
1101100111100
0010110100100
1110010101100
0001000111101
1110001010111
0001111101010
1111000111000
0001111110111
1111100010100
0001001110111
1101100010010
0010010100101
1111000100110
0000101001000
1101100000101
0000111110111
1110000110100
0010101111011
1110100000001
0010001001100
1101110110001
0001011111100
1101111001100
0001110011100
1110100111011
0011011010101
1111011000001
0010111100011
0000111111110
0100001011010
1111010011000
0001110101010
1110011100110
0010010001010
1111000000100
0001110100110
1111001101100
0010001100111
1111001000111
0001010000001
1111010111100
0000100001101
1111001111001
0001100011001
1110110101111
0000011110111
1101100111000
0000011111100
1111101111110
0001010110110
1101111001101
0010110110101
1101101100100
0010010100011
1111100001010
0010101111110
0000000010010
0010000011011
0000011100010
0001111011000
1111010101011
0000010101100
1101111001010
0000010000011
1101110000011
0000011101010
1101111010100
0000001101011
1101010101110
0000001001011
1110100000101
0000011100011
1111001111010
0010000010111
1101110000011
0001111101111
1101000001000
0000101010110
1100001111111
1110101001101
1101100001010
1111000110100
1101100100100
1101100111001
1101000111110
1111101111101
1100101000010
0000000111110
1100100100111
1110111100111
1110100010111
0010001100000
1111010001100
0010011110000
1111101001100
0010110010110
1111110110010
0010011101001
1111101101110
1111111001001
1101010000100
0001010110010
1111001100101
0000000100110
1101101011110
0001000101110
1101000111111
0000001011111
1101100101110
0001111101000
1111011100011
0010011101010
1111100011010
0000111110010
1100100110100
1111001000110
1011101100111
1111001010100
1011100111100
0000100101110
1101100110001
1111111010101
1101111001000
0010010101010
1101011000101
0010011111001
1101101010111
0010110010011
1101101010011
0001110011010
1100011000101
0000101010010
1101110010100
0000101100100
1110101001100
0010110011101
0000000110001
0011100100101
0001100110101
0011011011111
0000010000000
0000111110000
1101111000000
1111111000101
1101110000110
1101011000010
1011110001010
1110101100011
1101001100010
0001001000100
1101010000100
0000110010000
1110011111000
0010000101010
1111110000110
0001011100010
1101111010000
0001100110111
1101011010011
0000001111011
1101010001010
0001001111100
0000010001110
0000100001111
1111000000101
0100000110101
0001110001111
0010001111100
1110011010011
1111101110011
1101101001101
0000101000111
1110010110111
1111010011100
1101011011110
1111000111011
1100111001001
0001100100010
1110001010100
0000111110001
1111011110110
0001101101111
1110011111011
0010000101101
1110111101011
0001011100001
1110110000100
0010000011100
1101110110011
0001110011011
1111100000001
0001101010010
0000100100010
0011110011110
0000100011100
0001100011111
1110111001001
1111110010011
1110010110100
0000011001010
1101010011010
1111110000111
1100011011100
1111111111000
1110000101101
0000100111100
1111011100001
0010110000100
1111111111001
0010010011111
1111010000101
0000100000100
1110110011110
0010100010011
1110000001010
0010010111011
1110010010110
0001001110111
1111000101001
0001001101101
1110111110100
0100010111100
1111100000011
0010110010110
1111100110010
0001100111000
1110010101001
0001001110001
1110000011010
0001101101100
1100000011000
1111110111000
1101100111101
0000010010011
1111001101110
0010011011001
1110101001100
0001011011000
1101110110010
0001100001111
1111011110000
0001010111111
1111111011011
0011000101000
0000000011110
0001100101111
1110101010010
0001100000101
1110010010000
0001101100011
0000101110001
0001110011000
0001000100010
0000100101101
1111111000100
0010111001111
1111010111111
0011010010011
1101111101000
0001100011111
1101010000000
0001010010011
1111000100000
0001000110110
1110001011011
0001110111000
1111100000101
0000111101100
0000011100110
0001000110111
1111110001100
0001100110100
1111010110111
1111011111101
1101101100000
1110110101010
1100001111101
0001010111101
0000001011000
0010111011001
1111100100111
0001110110100
0000111011010
0100001110110
0000001010001
0010011101111
1111100111100
0001010010000
1110100110010
0010001111100
1110111001100
0000101011110
1111000101100
0010001001011
1110100010101
0011001110100
1111101101100
0010101010000
0000001000001
0000110011100
1111010111010
0000011110001
1011111110000
1101111110000
1101110001111
0010010011111
1110111111110
0001110010000
0000011011101
0011101000010
0000100011110
0010010010100
0000001111000
0011001011101
0000001011101
0000100100011
1110111010000
0000110010110
1110001010000
0010010000101
1111101000000
0000001100001
0000000101001
0001010111010
1101111101000
0001110101101
1110011000010
1111011111101
1101011000100
0000000000101
1101001011000
1111100110001
1110001110011
0001000000010
1110000011110
0010000010011
0000100001100
0011001010000
0000001111110
0010110100000
1111011110001
0001111010100
1110010001010
0000100001111
1111111010001
0010100000000
1111100001100
0001010110010
1111010111101
0010010011110
1111001100111
0000111110111
1101011001000
0001101010101
1110010110001
0001100101111
1110100011111
1111110100111
1101111101111
0000111010011
1101001100010
1111110100110
1111011011011
0001001100100
0000010101101
0001101100010
1111100011011
0010111011010
1111000000011
0001011000011
1111011101100
0001001101010
1110111110011
0000100000101
1110111001111
0001011111100
1111100100001
0001100010011
1111110111011
0000111101100
1110101111111
0001110101100
1111100010011
0001010011011
1101111101111
0001010001100
1110010010101
0001000010110
1100101111100
0000011010011
1110101110101
0001101000000
0001000000101
0010010111100
1110011111001
0010001110111
1110010110010
0001101110111
1111000010000
0001001000110
1101111110111
0010000101111
1110000100001
0000011011011
1111111001101
0000000111100
1101110111111
0000000010111
1101110001100
0010010000111
1111010010111
0000100111111
0000010011011
0001011101010
0000010000101
0001100011110
1110011010000
0000110101000
1111010100011
0000110010000
1101111110000
0001001110010
1110101001100
0010010010001
1111010000000
0000000010111
1110010000000
0010001010100
1110000001011
0010011011011
1111011101000
0001000111110
1110000001011
0010010110001
1110000111111
0001011001010
1100100100001
0000001001010
1101010100011
0001011001110
1101111100001
0010100110111
1111100001110
0010111111110
1111011101001
0011010101101
1110010100011
0000110110100
1101101101011
0010000000000
1110010100010
0010000000111
1101111111000
0001000011010
1101011100011
0001110011110
1101101100001
0000101101101
1110010011011
0001010100011
1111100010001
0010000111111
1101001110101
0001110111110
1101000010011
1111011000110
1100100010011
1111111111100
1101011100100
0001010101011
1111111001110
0001111110111
0001001110111
0010101111010
1101110100100
0001101101110
1111101000110
1111111111011
1110001101111
0000110110100
1111000011010
0001100011010
1110101001010
0001101111010
1110101110101
0000011000001
1110110110000
0000101100010
1110110111001
1111111101010
1101110001000
0001000001100
1100100111000
1111010111010
1011111010010
1110101000010
1011110101001
1111010111111
1111000111111
0010011100111
0000110000001
0010010011011
1111100001011
0010001100001
1110100001100
0001000010011
1101110001001
1111110110000
1100001111100
0001100000011
1100111100101
0010101001001
1101111001010
0000111011111
1110011111111
0000100111010
1110101010011
0010100110010
1110011101110
0001111110000
1100011001011
1110101011011
1011111111011
1111011100000
1100000000000
0000101000010
1101111000010
0010011001110
1111011101100
0001100100101
1111101000001
0001111010101
1110011100001
1111111011000
1101011011101
1110111110111
1101001111100
0000100101000
1100111111100
0000110010000
1110010101001
0010011010100
1111101100011
0001000011000
1111011100011
0001110001101
1110001001001
0001100100110
1101110010101
1110110101011
1100101011000
1111111110011
1101101100001
1101100111111
1011111100000
1110011000010
1100010110110
1111101100100
1100011010010
0000000111101
1011100111111
1101000110101
1011111100100
1111001100000
1100001100000
0000110110100
1101000110011
0000100100000
1111001110101
0010011110011
1110111110011
0010100001001
1101111010000
0001010011010
1111000101101
0010100101000
1111101101101
0010000010100
1101111001110
0001100001101
1100011110101
1110101101100
1100001010001
1101111100100
1011111110110
1101100011010
1011110011111
1100010010001
1100101001001
1111011111010
1101101001011
1110110100000
1110110101111
0000111001010
1110000110011
0010101011000
1111101111001
0001101110111
1111110011011
0001000110100
1110100111000
0001001110101
1111001011010
0000111010001
1110000110001
0010001111011
0000001101000
0001001011111
1111001001100
0001101111000
1101101010010
0000111010000
1100110100111
1110010000010
1101100001010
1111101110001
1110110001110
0001001011110
1110010101100
0010011111010
1110010011001
0000110101010
1111110110011
0010001010110
1101110000000
0001111101001
1110000101110
0010100010000
1111000111111
0010000110110
1111001101100
0010011110001
0000000110100
0010100101101
0001000101111
0001111100010
0001000010111
0001100111000
0001011000011
0011100111000
0001011010010
0011101010000
1111010000110
0010110111110
0000011110111
0011001010111
0000010001101
0010100000000
0000000101001
0001101111011
1110101001100
0010010010111
1101011010001
0001011110010
1110010111101
0010000010110
1111010111101
0000101111011
1110001110100
0001100101111
0000000111100
0011000000011
1111100100110
0001010100110
1111100001101
0010000010110
0000010110001
0011000111000
1111110000001
0011000010000
0000011110001
0010110010100
0000001010100
0001101100000
1110100011110
0000111111110
1110001101000
0000000110011
1101101001110
0010011000110
1110010100011
0000111001101
1110001000010
0001011110011
1101101000000
0000101100111
1111010010001
0000001101001
1110100011110
0010011111010
1110010010101
0001100000000
1101101110000
0010101111110
1101111110000
0001000111001
1111001100110
0000011101001
0000000011010
0000000110100
1110101101011
0000111001011
1110000110000
0010010100011
1110100111000
0001011001111
1111110011010
0000100010010
1110101001011
0010100101100
1111111000010
