0000110000101
1101111111110
0001010000111
1110110010011
0000100111111
1111000101101
0000011111000
1111010001001
0000000100011
1110111110100
0000110000101
1110010111111
0001010101111
1111110111111
0000000110001
1111000001010
0010101001011
1101111100100
0000110110011
1110000000001
0001011010010
1101011010101
0000000010011
1101101100101
0010000100011
1110101100100
0001100010100
1110010011010
0000000101101
1110000010110
0000010001111
1111001001101
0001001010010
1110011101010
0010000010110
1110001011001
0010010101010
1101010111010
0010011011110
1101010110011
0000101101110
1111011111000
0001010111000
1101111000110
0000100100101
1110100000110
0000001111001
1111100001000
0000100110110
1110110000110
0010011001010
1101111001001
0000111100011
1101100100000
0001100111010
1111110010011
0000111100010
1111101001100
0001111010011
1110111110000
0010010011110
1101110011101
0001110101011
1111001001111
0000101000111
1110100001011
0001111011000
1111000011101
0000101000001
1101101101001
0000000001100
1110000010001
0010001111101
1110000101100
0000101011001
1111001110111
1111111110001
1110010010010
0000100011010
1110111011101
0010011100000
1111100110011
0000010100100
1111011001011
0000000010010
1110000100010
0000110100011
1111000001011
0010010010001
1101010101000
0001111111011
1110001000000
0001110010001
1110101001001
0010001010101
0000000110010
0010111101110
1111000000001
0001011000011
1111110110000
0001100101000
1110101100000
0001101100010
1110001010111
1111010110001
1111001000110
0001000111110
1111010111101
0001011011010
1101011110000
0001010110000
1110111000000
0000000111101
1110010101011
0001101111000
1111110110101
0000110101111
1101101100111
0001011111010
0000010101001
0011001001001
0000110011000
0011101011111
0000010001100
0011101000001
0000011110001
0011010111000
1111111100001
0001011111111
0000000101101
0001010111100
1101101000001
0000101000101
1110011101010
0000001101010
1110001010101
0000010101100
1101001100111
0001100110110
1110000001001
0010100000101
1111110110010
0000010100001
1101011011101
0010000010010
1110101001011
0011111100100
1110110010100
0010110111100
0000001101111
0001101101000
0000010011101
0010011001110
1111010100010
0001011001010
0001001111101
0001111110000
1101110110101
0001100111010
1110001110000
0010000100000
1101010011001
0000111101000
1101101000111
0001111011010
1111101010101
0010010000011
1111110010110
0000001100001
1110111000111
0010001100110
1101011110101
0001111111010
1110111011111
0100001101101
0001001001100
0010100100110
1110001111011
0001000111000
0000001110011
0010001011110
0001110100110
0011011011111
1110101011011
0010101111110
1101011110101
0010011110110
1111010111001
0001111110111
1111001010000
1110111100100
1100001010100
0001011101100
1101100011001
0000001111101
1101101001101
0010001111110
1101011010101
0010101001011
1110000101011
0010011100101
1111111111111
0100000010101
1110011100111
0001100100001
1110011101011
0010101111101
0000010101101
0011111100101
1111110110111
0010110000010
1101011011001
0001100001010
1110100000110
0001101000100
1110001110011
0000101000110
1110010110011
1111100001110
1011011101110
0000001011001
1110111101001
0001111101101
1101111011000
0010011011001
1101101110010
0001101111100
1110101100100
0011110001101
0000011110011
0010111000001
1111111011011
0000001111010
1111001011010
0001111011100
1110100010010
0001011010101
1111011011000
0100000101001
1111100001101
0001110000100
1111001110010
0010010000101
1111011111001
0001111100111
1110101111111
0000001010110
1011011100010
0000011000011
1101010111000
0010000000000
1101110001110
0001111111110
1110101010011
0001100010001
1110111000000
0010000100110
0000110011110
0000110010100
1110111010101
0000001000010
1100100011100
1110011000101
1100011000101
1110010001111
0000001001100
0100001011111
0011010101111
0011111100001
1111100111010
0011001010110
0000010000011
0011000000000
1110001110010
1111000101000
1011111111100
1110001111011
1101101111000
0000111111011
1111111101011
0000011000111
1111100011100
0010010011100
1110000101010
0010100000010
1111001101011
1111111000101
1011011001111
1101100000111
1011001011101
1100110101010
1011000100100
1101000101000
1110001101000
0100001101100
0010010010010
0010101111101
0000111100100
0011101010010
1111110101100
0010110110000
1101101111000
0000000110001
1100100111110
0000001100011
1110011010110
0001000010110
1111000000100
0000000000101
1101110100111
0001000111101
0000000100000
0011001110100
1110110011000
1111110101000
1010111100110
1100100101000
1011100011110
1110100101011
1011111010001
1101001010100
1100100100010
0010111011110
0001011011011
0011011010110
1111101100110
0001110010100
1111100101100
0010111010010
1100111101010
0001000110000
1100100001101
0001000011101
1111010001000
0001101010100
1101011110101
0001111010111
0000000000110
0000110100011
1110010110000
0010011111111
1101001000001
1110100111011
1011000001100
1110101010101
1100011101101
1111110110111
1101110010101
1110001111110
1011110111010
0000011011001
0000110010110
0010011011110
1110100000011
0010100011110
1111101110001
0000011111110
1100000100011
1110010000011
1100100111001
0001000011111
1101011011101
0001000000100
1111010111011
0000100011111
1101010100011
0000011100110
1101101011100
0010101110101
1101101000000
1110101110101
1011100111000
0001000000011
1110110000011
0000110011101
1100101000001
1111000111011
1110000010000
0011100010011
1111110000011
0010101000001
0001100101011
0010101110011
1111011010001
0001010110110
1101001101100
1110110001110
1100100001101
1111111110010
1110111111100
0000001111111
1111110101001
0000111001000
1110110111110
0000110110001
1110101101011
0001000110111
1101111001100
1111001111111
1110001100110
0001111110111
1110001101011
1111110000011
1100001010100
1111100101100
1110101000110
0001111011101
1110111000110
0001110011010
1111101001010
0001000000111
1101110110111
0000110111110
1101110101100
1111011101010
1101010011101
0000001010000
1111001000001
0000011000110
1101111000101
0001111011101
1111101001100
0010010011101
0000001001111
0001100111001
1111100111011
0000111010110
1101101100011
0001110000100
1110000010100
1111010110101
1100100011000
0000011111110
1111010000001
0000110010110
0000000100110
0011011010001
1111010000000
0010001011111
1111001110010
0000111111010
1110100001110
0000101010111
1101011101111
0001110011010
0000000100101
0001010100010
1111101011101
0001010011110
1110110010010
0010011110101
1111101111111
0001110111111
1110101000111
0000111011100
0000010011100
0010001010011
1101111111011
0000111100110
1101001010000
0001000001100
1111110101010
0010011111110
1111011100110
0010000010100
1110100100110
0010000001111
1111001001110
0001111111100
1111010111011
0001110000010
1101111010010
0010010001111
1111101001100
0010011011011
1110111001011
0001100001110
1111110111001
0001100011001
0000011001110
0001111011010
1111100011001
0001001000011
0000100111110
0000000111000
1110100000001
1110111011110
1100111100110
0000101000101
0000111001101
0010100001011
1111100000100
0000001111101
1110111101001
0000000110011
1110001101010
0010010111010
1101110100000
0011010011000
1111100100000
0010110000010
1111111000001
0001001100101
1111000001010
0010000101000
1101001110100
0010001110110
1111111101100
0000110110111
1111101110000
0001010100101
1110110110110
0001011001100
1101110000001
0000110000001
1101011101111
0001110000111
1111001110110
0011110001010
1110000000101
0000111011011
1110011000001
0001000111101
0000100000110
0000100010100
1110011111000
0010110011010
1110010011101
0010100001111
1110001101111
0001010111101
1111000100001
0000100011111
1101111001110
0010000111011
1110011110101
0011001001100
1110110000110
0000110000100
1110010111000
0001000011100
1101111100001
0000011010010
1101100100101
1110010110110
1101110010111
0001011111000
1101101011011
0001001100100
1111010110001
0001100100011
1111110100100
0001010001001
1111101011011
0001101001000
1111011100110
0010100101101
1111010010101
0001011001101
1110111001011
0000110010011
1101011111111
0010001100110
1111111000111
0011100001101
1111100101011
0001001101100
1111001000000
0001010111011
1110001011111
0000001000001
1101100011010
1110011010010
1101011110110
0000000011001
1111101001011
0001010010010
1110110011111
0010101101010
1110010011101
0010111000101
1110011001101
0001001101101
0000000001000
0010101000101
1101110100110
0010000111000
1110101000000
0000110111001
1111100000011
0010100011011
1111000111001
0001101000000
1111101100101
0001001010001
1111000011001
0000000000100
1110100110001
0000001000111
1101011010000
1110111100010
1101101110011
0000101000111
1110101101101
0010011000011
1110001011011
0010001111001
0000110011000
0001111100000
1110110000010
0000011010011
1111000000000
0000110100100
1111001010011
0010010110101
1101100010010
0000101111001
1110011011000
0001000100100
1110110010111
0010111011010
0000100100010
0001111110100
1111011100000
0010101111100
1111000111110
0001011000011
1101011110001
0000001001011
1011110110000
0000010010011
1100100100010
0001101100010
1110100001011
0001011000000
1111001000100
0001111101110
1110010100001
0010001010000
1111011110111
0000110101000
1110010111110
0010011001110
1110111001010
0010101111111
1110000101101
0000110001101
1111011110110
0001010101110
1111010000101
0011110110111
1110111010010
0010111001100
1101010111111
0001001110110
1100011111101
1110101011110
1100100111011
1111101000010
1011111111010
0001001001100
1101110110000
0010010110111
1110000101010
0001000101111
0000100010100
0001000100100
1101011100110
0010000111111
1101100111100
0000101000111
1101001110100
0001010110010
1111110100110
0001000101010
1110101101111
0010011101100
1110111111100
0011010011101
1110111011000
0001110011011
1110110000000
0010000011111
1110100010110
0000010000111
1101011111100
1111101110101
1101001111100
1111101011001
1101100111010
0001001010001
1101000111000
0001011100111
1111001001011
0010000101001
1101111001111
0001010000101
1101011000011
0001111100000
1111011111111
0010010011101
1101011101110
0000011110011
1111000111101
0010110001010
1110101010011
0010011111101
1110011111110
0001001010100
1111000000010
0010000000101
1110101100001
0010111000100
1110001000011
0010000101101
1110100100111
0001001101000
1110000011011
0000111000101
1110110111100
0001100010001
1101110101110
0001011100110
1101011110000
0000101101110
1111011110000
0001110100001
1110000100000
0000011011010
1111000100000
0010011100001
1101010001001
0000101011011
1111111011011
0000111010011
1111100110100
0001110111011
1111111110011
0010110000111
1110000100010
0001110010000
1110100101011
0001010111001
1111000000101
0001010101100
0000010001010
0000011000100
1110000011110
0010010010111
1111100000011
0000111011110
1111010001100
0000000101110
1101101101100
0000011100111
1111001100111
0000000010100
1101101111100
0010101111001
1111100010010
0000011001010
1101101000001
0000011001111
1110111100110
0010100000111
1110110110001
0001101100010
1110101100111
0001011010110
1110101010010
0000111011101
1101010100111
0000100001101
1110011000001
0001100001011
1110101111100
0001111010001
1110100011110
0000101101001
1110101100110
0010000011110
1110011101101
0010000010110
1101110110100
