0010100001001
1101011011010
0010100000011
1110101101011
0001010000010
1111010100001
0010001010011
1111110100010
0000101010000
1111110100101
0010010100101
1111100001100
0010110001000
1111111010100
0000100011101
1111001111110
0001110100110
1101111001100
0001011111101
1101110011000
0010011011111
1101100010000
0000101010100
1101110010100
0000101010101
1111100100101
0000000010001
1111000101111
0000001010010
1110111010110
0001110011100
1101010100101
0000110110110
1110011111011
0001001010110
1101111001000
0010001100110
1111011110010
0010010010111
1111111101000
0000101101100
1110001011101
0000100001111
1111010101100
0001111001101
1110111010101
0001011011011
1111000100101
0000011000010
1111111000000
0000010101000
1111111110110
0010100101111
1111000000100
0010001110110
1111100010101
0001011011000
1101101111001
0001010111100
1110011010110
0000100010111
1111101000010
0001011101010
1110100110010
0001111000010
1101011000111
0000101110101
1110110000011
0000011000111
1111110101010
0001010111011
1110111101011
0010000001111
1110001010000
0001101110101
1110110111001
0000000111101
1111100111110
0010000010111
1111011111001
0000011111100
1101100111110
0000100010001
1111101101111
0000100100101
1101001111001
0000101111100
1110000000011
0010001110100
1101111001000
0000110001111
1101010000111
0010100001011
1101110010101
0001011001101
1110100001100
0010001011011
1110000010101
0000001010001
1101101111100
0010011010101
1110101101000
0000101011001
1110011100001
0000011000001
1101100011110
0010101001000
1111011110010
0010110010111
1110000110111
0001000011000
1111100001000
0001011110010
1110011010111
0000110001010
1101111101001
0001100010111
1110011111011
0001010001000
1111000100111
0000111001000
1110000100101
0001000100000
1111101011110
0001101000000
1101111000000
0010001111100
1111011101100
0001101110011
1101111111010
0000010100101
1110110110001
0000100100111
1110111011100
0010100111001
1110111110001
0000101000011
1101100010101
0001100101001
1111010111110
0001100011011
1101011000000
0001000111010
1111110001101
0001011010000
1110000111111
0010010100011
1111111010010
0000101111000
1111100010100
0001011010110
1110110101110
0010111010010
1110001010001
0010001001110
1110110111000
0001101100110
1110111010110
0010000110110
1111100010001
0000011000110
1101100110010
0001100000011
1110111010110
0000100110101
1110101100100
0010001010000
1110101111110
0000111101111
1111000100001
0001111000100
1101011110110
0000110001110
1111110101010
0010110100000
1101111011100
0010010001001
1110000111000
0010101000111
1101100100100
0000010101110
1111100111100
0001100010100
0000001110010
0010110101000
1111101010010
0001011100011
1110011100001
0001011110000
1111001111011
0001111001000
1101111110100
0000010100000
1111011100011
0000010110000
1111000100010
0001110111111
1101100000010
0010001100010
1111111101110
0000101011101
1110110011100
0010101011000
1110110011110
0001101111010
1101110101010
0001000010101
1111011100010
0010000111101
1111111110101
0000111010011
1110001110001
0001000101100
1110001011011
0010000110101
1111001010001
0010001111001
1111001110010
0010010010010
1110111010000
0001011100000
1110101000011
0000010100001
1110001111011
0001111100110
1111010110100
0010101100110
1110111111011
0000011011100
1110000001011
0001001111000
1111010011111
0000111011011
1111100100111
0010101001100
1110001101111
0000110001011
1111111100100
0011000000100
1101110000010
0000110100010
1111101000110
0001110100000
1110100001000
0010100010110
1110111100100
0010010100010
1101111100011
0001101111000
1110001010011
0000010010101
1111100111000
0000011100000
1111011010000
0010001010000
1101101000000
0001010100111
1110000101100
0000110010011
1110101100101
0001101101010
1110101111100
0010110011110
1110010111111
0010101110101
1110000011111
0001010010101
1111111101001
0010101011110
1111001000111
0010110101010
1111110111111
0001110011011
1110011100100
0001110011100
1110100010011
0010100100110
1110101001100
0000101010101
1110011110100
0000011100001
1111000100110
0001111010111
1111001001011
0001100111110
1110110111010
0000100111100
1101100010101
0000111001001
1111010001010
0001110100001
1110011100010
0010111110000
1110111000110
0001001101110
1110000001111
0001000111010
1110010001111
0010111100100
1111111010100
0000100110100
1101101000000
0000101011011
1101110111110
0001001111111
1101100010111
0000110010001
1110111110110
0001000100111
1110100110010
0010100011000
1110100010010
0010011011000
1110011011110
0010011110011
1111001100111
0000011110010
0000001110100
0001001111000
1111100110010
0001011010100
1101110010011
0010111011101
1111100000111
0001101111110
1111111010011
0001001010101
1110100100100
0010111101001
1111100111111
0010001011000
1111100110011
0000001011001
1101001111010
0010100001011
1110100100111
0010011110111
1111100010000
0010011101010
1111010011101
0001111101001
1101110101100
0010010100100
1110111001010
0001010100000
1110011001110
0010101100111
1111000100101
0010001011001
1111101011010
0010001111111
0000010010111
0001000010011
1111000110111
0001110100011
1110110011000
0010010111100
1110000101101
0000011111111
1101110011111
0010011110110
1101011001001
0010100001110
1101010100101
0010100111011
1101110001100
0001010100101
1101101111110
0010110001110
1111000100000
0000010000001
1110011101101
0000100111011
1101110100100
0000101010100
1110110111110
0001110010111
0000010011100
0010111101011
1111110011110
0001001110101
1111000011000
0001011100010
1111001010011
0000100001111
1101110110010
0010101010110
1101011101000
0001100000110
1111101011111
0001110100100
1110110010011
0000001001010
1110011101011
0001000110001
1101010001011
0001000001101
1101100011111
0010001100100
1111010011010
0000111000011
1101110101101
0010111010100
1111010110101
0010011111000
0000001011110
0010110000100
1111100100001
0000110100010
1110100011011
0010000111111
1111010111000
0001000010000
1101011011111
0010000100001
1110111100100
0010010010111
1110001100101
0000101110011
1110111111000
0010001000100
1101011100111
0010001110111
1101101111110
0001010100100
1111011011100
0010001110010
1101111011101
0000011010111
1110101100010
0000101010001
1111100111110
0001101011111
0000001100000
0001111010100
1111101010011
0000111011100
1111011011101
0010001000001
1111101010111
0000011010010
1111010001111
0001100001101
1111000110001
0000111001010
1111010111011
0001111111011
1111101001000
0010011101100
1101010010001
0001011000010
1110001101010
0010011110100
1111000110010
0001001100000
1111001100100
0001101010000
1111100100011
0000100110001
1110101010001
0010011111101
1111011010100
0010010110001
1111100001010
0001011001110
1111100010000
0010000001011
1110111110010
0001111111001
1111001100001
0001111100001
1110000110011
0001111010010
1111100000110
0000000110110
1101010011101
0001001010000
1101111010101
0000010000100
1111001100000
0001111111000
1110001110100
0010011101000
1110010110111
0010100100100
1111000011100
0010101111100
1111000110000
0001110100111
1111111001010
0010101111110
1111001011001
0001011001111
1110101010001
0010101001001
1110010100110
0010101011010
1110101100001
0000011100101
1110100110010
0010100000111
1101110100010
0000101010000
1110100010100
0010101101000
1111010000011
0001010111000
1110111100111
0000000000001
1110010000101
0001101100000
1101111000011
0000100000011
1110011111001
0001000100001
0000000101000
0010111000011
1111011011111
0001011011111
1110110000100
0001010110101
1111101110110
0000100011001
1110001110110
0010011111111
1101011000100
0001001100011
1110001000111
0001100011011
1110101010000
0000101111100
1110111010110
0000110000000
1110100111011
0010100011101
1111010111100
0010000110101
1110110100111
0001100101011
1101101101100
0010101110101
1111010110001
0001100101101
1111110110101
0010101111110
1110000100010
0000111011000
1110000101011
0000100111010
1110110111010
0001101100101
1111000111010
0010010110111
1110011100111
0000100001010
1110100001101
0001110110010
1110110000010
0000111010011
1111100011010
0010100110111
1110010110110
0001100010110
1111011101011
0000001101100
1110101011010
0001001100010
1101101000110
0010011001111
1111111111101
0001110110110
1101110111011
0001001010111
0000000100111
0011001001001
1111111010000
0010111010111
0000000000100
0000100011101
1101100111001
0010000111111
1110100110100
0001010001001
1111000000011
0000101110110
1110101011100
0010110010111
1101100010100
0010100101101
1111000110001
0000000111001
1101100111000
0010100010111
1110010101001
0000001100100
1101010011111
0000001100000
1110101101011
0010011110010
1101101101000
0001101111110
1111000110100
0010011100110
1110000100001
0001111100000
1110011011111
0000011111111
1110111110110
0010010111000
1111101011101
0001010111010
1110111000001
0010000110111
1101101000101
0010010101100
1101001111111
0000111001101
1101101010110
0010011010011
1111010011110
0000011101000
1101011100111
0000001111101
1111110110001
0001011000111
1111100111000
0000001111111
1110101011000
0010000000011
1101110000111
0001011111111
1111110100100
0001001101000
1111101110111
0000001011110
1101100101001
0010010110111
1111110011100
0001000110010
1110010100110
0000101010111
1101101100001
0000001001101
1101010001100
0001111000110
1101100000110
0010101011011
1101001101101
0010000011111
1101110000001
0000101101110
1101100101000
0010000010000
1111000100000
0010101100011
1111011111100
0001011011010
0000000110101
0010001111101
1111110011101
0010101010011
1111101000110
0000111011111
1111011001110
0000111110011
1111001000011
0000011000111
1111100011001
0001001001010
1110100101011
0010001101001
1110001101111
0000111011111
1101101001010
0001101101011
1111111110101
0010000101010
1110011110001
0000000101011
1110110011110
0001001001111
1111010111110
0000111110100
1111101110100
0001101010011
1111010101111
0001000000111
1111111010111
0000111100010
1111111110011
0000101100011
1111100101011
0000101100001
1110100101001
0001001001110
1110011100000
0010010111111
1110011110111
0010000010010
1111010010100
0000001000101
1110100011111
0010011111101
1110111011101
0000111111110
1110100110001
0001000110000
1111110001010
0000001101010
1110111010110
0001100001111
1110110000100
0001110101101
1101101100011
0001101100001
1111100001100
0000100000101
1101101000101
0000111001100
1110110111110
0010100101011
1110100011010
0001101001000
1111100100111
0000001001110
1101001111000
0010000000001
1101011110011
0001011110111
1110110000111
0000011011111
1110011000100
0010101011010
1111111000000
0010101100001
1111001000101
0001100010100
1111000010001
0001001000001
1110010011011
0010001000000
1101011110000
0000010010010
1111000001111
0010010100100
1110010011101
0001101110111
1101011000101
0001011000001
1101011101000
0001000000001
1110110101001
0001010001010
1101011001000
0001100110100
1110100101000
0010100100110
1111001100100
0001001001011
1110101111100
0010000010101
1110011010110
0000000100111
1110000101100
0001101101100
1101001111010
0010110010011
1111100011110
0000111100100
1110111010010
0010001010111
1111110010010
0000111011100
1101101001110
0001010010101
1111101001001
0001010011100
1111110100001
0000001101010
1101010100000
0010110010101
1110110101000
0001000011111
1110101111011
