0001011111101
1111010100011
0001100011010
1101110100110
0000010001110
1110011111000
0010001010011
1101101010010
0001001110100
1111011100011
0000000010001
1110010011100
0001101001011
1110110111011
0001011001110
1110011000010
0001110010011
1110011001001
0000010001000
1111011010100
0000000110001
1110101110110
0010001001111
1111001101010
0001010001111
1110101000111
0000110110110
1110010000101
0001111010110
1111110110100
0010000111010
1111011000111
0000110101000
1111001000101
0010110010011
1110111001001
0010011000010
1101110110100
0000101001011
1111001100011
0010101101010
1111010100100
0010100000001
1110011100111
0001110100001
1110111001100
0000010111111
1111001100110
0010101101100
1111010111001
0001011000110
1111111111101
0001111010001
1111010000101
0000110011001
1111100111001
0010000110100
1110010110000
0010001000010
1110110010000
0001110011100
1110100011101
0001110101000
1101010111100
0010010011101
1110001011111
0000111100010
1110000111011
0001001010110
1110011010110
0010101100100
1110111100000
0010010001111
1101101000001
0010101000001
1110101110001
0000101100110
1111110011100
0010000101000
1111011001001
0000110101011
1111010101100
0000100111010
1101010000100
0001011001111
1110100101100
0000010101001
1111010010110
0000010001010
1101100010101
0001111011011
1101111011101
0001000110110
1111000010110
0001111001111
1111011001001
0010110010000
1111111110001
0010100001000
1110111001101
0001101011001
1101101010100
0010010000111
1110111010111
0001111111001
1101111110001
0010011000000
1101010100101
0010001110100
1110010110011
0000011111010
1111101111011
0010010100001
1110111001100
0000001100111
1111000101001
0010100001001
1111011110000
0001101000011
1101001110010
0000001100001
1111001111111
0010000011000
1110101011110
0001101110101
1110111011001
0010000010110
1110011111001
0001010100110
1110100000001
0000000100110
1111111110100
0001001100101
1101110010110
0001001011010
1111101010101
0001011101000
1111010010111
0000010000100
1111001000010
0010010111000
1111010000010
0001001000010
1110001000001
0001110110010
1110101010110
0010110011010
1110011101011
0001111010001
1110011100100
0001100101101
1101111101101
0010011011110
1111011010000
0000111001001
1111000100110
0010001011011
1101101010111
0000010001110
1111101011001
0001010110000
0000000000100
0000100100100
1101101010011
0010011001110
1110011101000
0000000001111
1110111110110
0010010000111
1111101101110
0001111000111
1110001011011
0001000011000
1111110011101
0000111010101
1111111110101
0001101000001
1111001100111
0001101110010
1111011011110
0010100110001
1111111011100
0011001000110
1110011001100
0001100001100
1111110011110
0000110001000
1111110001001
0000010000000
1111100000110
0000111101000
1110110011011
0000111011010
1110110110110
0000111111101
1111100100000
0010101110001
1110111110101
0001011101010
1101110100001
0001010101111
1111100000011
0001010001000
1101110100011
0000111011011
1110000011100
0010100010010
1101110000000
0000010100000
1111000110101
0000100101011
1101110010001
0001111111110
0000001111110
0010001011111
0000001000010
0000101000011
1101101110000
0000100111111
1111101001011
0000100010110
1110111001101
0001110111010
1110101100110
0010010100011
1111111100111
0001101111010
1101110000110
0001001000001
1111101010101
0001101111011
1101110100011
0001000111110
0000001000000
0010000101000
1110011110000
0010011001101
1110111001010
0001101001001
1110000110001
0011000101010
1110111000101
0010011011100
1110100111010
0001101101001
1110111000111
0001110111000
1110010101100
0001001110111
1101111111110
0010010101010
1110011011100
0000011011001
1110100111011
0000000100101
1101010000000
0001011111011
1110010010001
0010010011010
1101101001101
0010010101100
1111001010000
0010010000011
1111111000110
0001010100111
1111001101111
0010011111110
0000000001101
0010111111100
1111101111110
0010111100001
1101101011001
0010010001000
1110001010010
0001101101000
1111101011011
0000110010101
1111101001111
0010010001110
1110001010100
0010011101011
1110001101010
0000100111000
1111111011100
0000011100101
1111011010011
0000000110111
1110010100001
0010100110000
1101111100111
0001101101111
1110011101001
0000110001000
1111100110001
0010101100011
1111001000100
0010010110000
1110110000010
0010001000110
1110100001010
0010011000010
1110100000100
0001111011001
1110111100110
0001000010011
1111011111111
0001100101100
1110010011101
0000111010111
1110111101111
0000101110111
1111011101001
0000000111010
1110101111100
0000101110000
1111101101001
0010001001100
1111011101111
0010011100010
1110101101001
0000011101011
1111011111101
0001010100100
0000001001101
0010001001001
0000000010010
0010010001101
1111011101101
0010000011110
1111001101000
0000001000010
1111000000110
0010101010001
1110001101001
0010001011001
1111001100101
0010010111110
1111000100101
0010011111111
1111100011100
0010000100000
1111101000111
0001001000101
1110001001010
0001111001101
1110011100011
0010101010111
1111011011010
0010110000010
1110101010010
0011001111100
1110000101000
0011000100100
1111100110111
0000100001000
1110100111011
0001001000111
1101111100001
0010101010111
0000000001110
0000010010001
1101011001111
0001000011101
1111111010110
0001101010110
1111100101101
0000111000111
1110110011100
0001011100101
1111011110101
0001110010011
1111101000000
0001001000001
0000001011110
0010110110100
1101101100110
0010001000001
1110011110011
0001100011011
1111010000110
0001100000100
1111100001011
0001010111010
1111001011101
0001101100111
1110110010111
0010110000011
1101011100011
0000101010100
1101100011000
0010100111001
1111000110110
0010010011101
1111001001001
0000111110101
1110110111100
0001010111110
1110001101001
0010011110101
1101100000111
0010100111101
1110111011110
0000101110011
1111110001100
0001110001110
1101110100011
0001010101010
0000011010011
0010100101101
1110110010101
0001111010011
1111110101011
0010100111100
1101011000000
0001011011101
1110110001011
0001001111011
1110110001111
0001000101100
1110001010111
0000111010110
1111000111010
0010101110011
1111100111011
0001110101000
1111001101110
0001110000000
0000000000011
0011000010111
1111001100100
0000100000001
1110000000000
0010111111100
0000010100001
0000111110100
1111100100100
0000110100100
1111011011010
0001101001111
1101110111101
0010101000101
1111110110111
0010110011000
1101110111000
0000001100111
1110101111111
0000101011110
1110101000010
0010100000100
1110001111011
0000011001101
1111011000000
0010101011110
1111110001101
0001001110111
1110101100010
0001100101001
1101101111101
0010001000001
1111000010110
0001011001111
1110110001110
0001011011100
1111110001100
0010100001100
1111010001101
0010010010010
1101111000000
0010000110011
1111100100010
0010001001010
1110011000111
0000110011111
1110000010011
0001000011110
1111000100001
0000011100110
1110010001011
0010010011110
1111110101111
0000101100100
1101010110010
0000111100100
1111101110110
0000100001010
1110011100010
0010011010100
1110110010111
0010000100111
1111011110010
0011010010011
1101110101110
0000011110011
1111101101010
0001001000011
1110000000101
0001111000010
1101011010111
0010000100111
1111001101001
0000011110100
1110110000000
0010100001100
1110110010101
0000011100000
1111001110110
0010001001100
1111000111010
0010100000011
1110011001100
0001001110000
1111110101110
0001110001101
1110011000111
0001001110011
1110011111011
0001010001100
0000010101100
0001000110100
1101111001101
0001100110100
1111111110111
0010110000110
1110101010101
0001000011111
1111100111100
0001001001001
1101011010110
0000011011101
1111101111010
0000101101001
1111001011111
0001100010001
1111100101000
0010000001101
1110000010000
0001001100001
1110101100000
0000001101100
1111010010111
0000011010001
1111000110110
0001100111011
1110100101000
0000101001111
1110011010111
0001010101110
1111010110111
0010101011101
1111000001010
0001000001100
1111000111001
0001101000011
1111101000001
0010101001100
1101100010101
0000111011010
1111000111110
0010010110010
1110101101101
0001001010010
1111110000000
0010000110101
1101010011100
0000101010110
1110101111000
0001111111001
1110010010000
0010110110010
1110010100101
0011000101110
0000010010010
0000101101111
1111010000110
0010010101011
1111111111110
0000110110100
1101100011100
0001100110001
1111110011110
0001010001011
1101111101011
0001011000111
1101010011100
0010100011011
1110110101010
0010011010100
1111010110001
0010000011011
1110000010100
0001111100010
1111100101011
0010001101001
1110110011011
0000011000010
0000000000110
0010101100111
1101111110010
0010001100111
1101111101111
0001101111110
1110011110110
0010111101111
1110110101101
0000100110100
1110011101100
0001111111100
1111000110011
0001101110101
1111100111101
0001010100101
0000000000111
0010100010111
1101010101100
0010101101110
1101101101100
0001000010000
1101101010110
0000001001010
1111101101100
0001011111010
1101111010110
0000101110100
1111001100110
0000101001100
1111001000110
0001001110011
0000000111010
0000110011000
0000001011001
0011000100101
1110101010100
0010010000010
1101100001100
0000011111001
1101101100001
0001100010111
1101110000101
0000100110111
1111101011010
0010101101011
1110000110111
0000010101011
1101100011001
0001110000011
1111101111111
0001111100010
1101001101011
0010100101111
1101111101011
0000010110001
1110110011000
0001011101100
1111001010111
0010011000101
1110011100000
0010001111011
1111110100110
0010011100000
1101111000101
0000101010010
1101111100101
0001010100101
1101100001110
0001111111111
1110011010111
0010001010111
1111010110111
0001000100001
1101001111110
0000111110110
1111000010000
0001110110010
1110101011111
0000100111101
1111001100101
0001100111000
1101100001100
0000110111011
1110101110000
0001111010011
1111000000011
0010101110000
1111101011111
0010000111010
1110000111010
0010011101101
1110111010110
0010100000001
1110010111101
0000111000010
1111111111101
0001001000001
1110000010101
0010101001111
1111110000001
0000110001001
1101111111010
0000111001011
1110001010111
0001111101110
1110001000000
0010110011000
1110111111101
0000011011001
1111011001101
0001110100010
1110000011011
0000011001001
1101011010101
0000100010111
1101110011101
0000111010000
1111101101000
0010101001011
1111111010000
0010011000010
1101110111000
0001010100001
1110000110000
0001000100001
1101111010111
0010000000011
1101110101000
0001001111111
1110001001011
0010011011000
1101111111000
0001000100010
1111011110111
0001000010111
1111110001001
0010011001001
1110111101010
0001001111101
1101001110000
0001101010110
1111101111110
0001111100100
1101111111000
0000000110100
1101100100111
0001011101110
1111000100101
0010110011001
1110101110000
0001000011000
1101101011111
0000100111111
1101101000001
0001011011111
1110010010010
0001101001101
1111010111010
0001000101100
1111111001110
0010011111100
1111010010110
0010000111010
1111001111100
0001001110011
1111101001001
0000111111011
1111001011101
0001011001101
1101110001000
0000110011010
1111101111100
0010011111110
1101010000101
0010010010101
1101011011110
0010011001000
1111000011101
0000101101010
1101101000011
0010001110110
1110001111011
0001111000111
1111111011100
0001010101010
1111011110101
0001110010010
1111110100010
