0000101011111
1110000000100
0001101101100
1111101111011
0010101100011
1101100100100
0000011101110
1110101010110
0010000111110
1101110100101
0000000001010
1110011000011
0010000100000
1101111010110
0010100101011
1111101110110
0010001101001
1101010110011
0000010010001
1111001110110
0000101010111
1101101110111
0000010001000
1101111010001
0000110001101
1111100001000
0010101000000
1101110111101
0000010001011
1101010000001
0010010111100
1111000010110
0001111100001
1110101110010
0001001101111
1110001010110
0000111010000
1110010100011
0000010101111
1111110010100
0001000100011
1111101001001
0001111011011
1111110001101
0010011101101
1110010110111
0000100101011
1110000111101
0001011110010
1111000111111
0010101001000
1101110110011
0000010101111
1111111001001
0001011100010
1110111000100
0000100101111
1110101110111
0000011100110
1111001000110
0001001101110
1111111111000
0001110100011
1111101000101
0001001111101
1111101000111
0001111101101
1101100101011
0001101011100
1101010000011
0010010111000
1111110001111
0000000010101
1110011111101
0000011110000
1101010001011
0000000110110
1110101110100
0001100100001
1110001010010
0001111100010
1110011111011
0001001000111
1101101100101
0001100111100
1101011010111
0000100111110
1101110010101
0001000010111
1110111011001
0000001111111
1101101100010
0000111101010
1101011010010
0001111000101
1100101100100
0001000111110
1100110111010
0000100110011
1101100011100
0000110010010
1101101100101
0000100111010
1101010101100
1111100100011
1101011011111
0001011001100
1111011010111
0000010001000
1111011100010
0010001011000
1101101000110
0010000011110
1111011111000
0001110111001
1111000111100
0000001101011
1101011000111
0000001001011
1110010111100
0000000011111
1101111001001
1110111010001
1100011101011
0000010101010
1101001111000
1111111000100
1100100001110
0001110000000
1111010000110
0000101010010
1110101101100
0010000010110
1110010001101
0001011011111
1110110000001
0001111110100
1101101100101
0010010001010
1101110101000
0000000101001
1110010110010
0001101110011
1101110101000
0001111000100
1110101001101
1111011001011
1100100010110
1111000011101
1101100011010
1111001110001
1101110100011
0000001100101
1110001000100
0000100101000
1111010010101
0010111000010
1111011101110
0001100101110
1111000100101
0011011110000
0000110011010
0010111111001
0000110011100
0001011011000
1110010111101
0000001110100
1101011101110
0001001101100
1101100010001
0001111000000
1110100100110
0000110111111
1110001101001
1111010111000
1110000100100
1111111110111
1110000000110
0000001110001
1110010000011
0000111111000
1110101000110
0001001011011
1101011110000
1111100101011
1111000010110
0000110011101
0000011111100
0011110100000
0001100000110
0100011011011
0000110100011
0011001011101
1111111000000
0000010001100
1101010100011
0010001011000
1111101100000
0010010101001
1111001101101
0010001110000
1101100111111
0000111010110
1110001010011
0001011101110
1101001000001
0001101111111
1110100100100
1111101111011
1100111110100
1111111110001
1101000110010
1111011000000
1110010111001
0001011010011
1110101110001
0010010100011
1111101110100
0011111011000
0001101010001
0010000101111
0000000000011
0000101011101
1110000100100
0001010000001
1111011001001
0001110110101
1111010100000
0000011100100
1110000010000
0000100011011
1111010010110
0000000111010
1111010010000
0010110000011
1110001000110
0010100011111
1110011000011
1111110011100
1110001100010
1111110110110
1110111001110
0010010011111
1110001101011
0010000110001
1111011011100
0010001111011
0010011000011
0010110101000
1111011000110
0010111011101
1111101101111
0010011011111
1111101000001
0010011000011
1111001101011
0001000101110
1110110100010
0001110110001
1110101111111
0011000010001
1110100011010
0010011011011
0001101001011
0001100000000
1110011011000
0001010110111
1110101101101
0000010101000
1111101000111
0000110010111
1110010010000
0001011110111
0000001001100
0010111100100
0001111111001
0011111010101
1111011010110
0010100111011
1110011110100
0000100100011
1101110100100
0010000010100
1111111111011
0011000111110
1111010111111
0001111001100
1111111101011
0011011111100
1111111101011
0011001111010
0000000000110
0100000001001
1111101100010
0010010001110
1110001100100
1111110110001
1101000110111
0001010110100
1110000001110
1111100010111
1111000011011
0001001001010
1111101101000
0010001101100
1110100111011
0000010011001
1110000001010
0000111110111
1101100110111
0000111100000
1110100111011
0010001110010
1110001111011
0010111000000
1111001111001
0010010001110
0001111110110
0100000011101
1111111000011
0010110001110
0000000101111
0001111000011
1110111110011
0000001100010
1101110111100
0000011101000
1101101100000
1110100100010
1100101011010
0001101010010
1111111110011
0010101101001
1111101101000
0001111000101
1111100101101
0010100101111
1110001000110
0010100100101
1111011110010
0001111001010
0000110001001
0011010111101
0000001010100
0001100010100
1111110100101
0011010000000
1111011011010
0001110001000
1110011011011
0011010111001
1110110011001
0000100101000
1101111101000
0000100101011
1110101011101
1111100011101
1011111110111
0000111011110
1110101011010
0001011001010
1110011111100
0001000110001
1110100110000
0001111100011
1111111101100
0001111000101
1110010010011
0010001001111
1111101011001
0011011000010
1111111101101
0010100001100
1110111011010
0010100001011
1101111111100
1111100011110
1111000001000
0000110100001
1101010110110
1110010001011
1101011111010
1111101000110
1111000000101
0000001100001
1110011111000
0001000101011
1101111010111
0000010000100
1111110110111
0000011010000
1101111010010
0001011111100
1110100010001
0000101110011
1111001101011
0001011010011
1110010001000
0010111111101
1111111000111
0001101101110
1110110001010
0010000111001
1110000000101
1111010111010
1101011011111
0010111100011
1110001000111
1110101111011
1101111000011
1111101010111
1110000100001
0000111001111
1110101100011
0010000110011
1110010100111
0001110111110
1101000111011
0001110100110
1110001100100
0010110000101
1101110000011
0001000111011
1110010111110
0000101010011
1110011000000
0010000000001
1101101000011
0001011110011
1110011000000
1111010011111
1011101010101
1111000101011
1110010011111
0000010101011
1101011100010
1111110000111
1100010101010
0000011010110
1101101011100
0000001101101
1110000100001
0001001001111
1111010101011
0000011111000
1101100010011
0001010100110
1110100001100
0010001101110
1111101001000
0000011011111
1101100101110
0010010110001
1110011101110
0000100101011
1110110100010
1111010101000
1110001011110
1110100001110
1100010011110
0000011111100
1111111110101
0010100111111
1101001110100
0000110001110
1101101101110
0001101101010
1111001111010
0001101010011
1111001110111
0000010100010
1110100010110
0010101001100
1110101111111
0001000010000
1101100100111
0000011001011
1101100110110
0001000100100
1101000100010
0010011100010
1111000010111
0010100001101
1100110111110
1110001110011
1110011010100
1111000110000
1110100001111
1111111111110
1111111111111
0000110000011
1101111110111
0000101001010
1110100010100
0001111111111
1111011110001
0001010001101
1110011101001
0001100000000
1111111100001
0001001110111
1101101111110
0010011011100
1111000101000
0010110000110
1111010011111
0000100010011
1111000110100
1111110111111
1110110110000
0000111010100
1111010101110
1111000001100
1100111111111
0001111101001
1110100110000
0001101011010
0000000010000
0001100111100
1101100000100
0000101010001
1110101101010
0000111101011
1101010101110
0000100001110
1110111110101
1111111011111
1101100001101
0000101100000
1101101100000
0010010101010
1101101101010
0001000110101
1110000100011
0000011001100
1110010001101
0010001101001
1111100011011
0001111111010
1111101011010
0010011110100
1110101010111
0000011010100
1111110101101
0001000011100
0000001111111
0001001100101
1111100000000
0000100010111
1101001110011
0001100101100
1101100110011
1111101111000
1101110001101
0001001001100
1101100000001
0000111110010
1101110111101
0001100011101
1101111011100
0001010000001
1110111100111
0001100101010
1101000000100
1111010010111
1110001100000
0001000001110
0000101000010
0001011101101
1111111011111
0010000000111
1110100101010
0001010100000
1111110001011
0000000111101
1101110111011
1111111111110
1110001100101
0000101010100
1101000001110
1111001010111
1101100000110
0000101100001
1101110101000
1111110001110
1101110000000
0001100001000
1110111001101
0001010110010
1111110000111
0000010110100
1100111100010
0000100101000
1101111010100
0010101101000
1111100010010
0010110100010
1110111001110
0010110000011
1111100110011
0001011010111
1101101101110
0000110101001
1111011011101
0001001110100
1110010001000
0000100001101
1110010001010
0001100011001
1110110010001
0001011101010
1111100101001
1111111100111
1101110000011
0010001110000
1111111001100
0001100000110
1111000101000
0001000111100
1111011110101
0000101010101
1110011100011
0011000000000
1110011111110
0010001101110
1111011001010
0001100110000
1110110010110
0010001111100
1110010000111
0000110100100
1111010101011
0010000100001
1111010101011
0000101000100
1110011110100
0001101010110
1111000110110
0000011000011
1101100110110
0001010001101
1101100011111
0010010000011
1110100100111
0001110001111
1110010101000
0001011100101
1111001100110
0010010110101
1101011110101
0000110010100
1111010101010
0010001011000
0000101011101
0001101001111
1111000101111
0011000111011
1111010100111
0010010101000
1111110000001
0010101110010
1111011010110
0010110000010
1111011111111
1111011000001
1110001001011
0000011001110
1100111111111
0001010111110
1110010000010
0010000001110
1101001110000
0001010100111
1110100001100
0001010111000
1111100111100
0000001100010
1111110101100
0000110110001
1111011110101
1111100110110
1110001110100
0000100110001
1101101011101
0001001001001
1101110000110
0000101100111
1110010001010
0000010100001
1110001100010
0000100001110
1101111111000
0000011011110
1111011011011
0010000000001
1110110010100
0001010010000
1111100110001
0000111011000
1101001100111
0010000111100
1111110110110
0010110001101
1111010111111
0001100110101
1110100010011
0000101110100
1101101110110
0000110111101
1101010110010
0001010000010
1110001111100
0000000001100
1111010001110
0000001010110
1101101001111
0001011001100
1110011010000
0000100001011
1101000111000
0000010001001
1110111110001
0001110111110
1110001101101
0000110111111
1110011101111
0010101001101
1101110001110
0001111011110
1111001110100
0010001110001
1110101111111
0000111000110
1101101110100
0001110011001
1101011000111
0000100010110
1111100010010
0001101010111
1110001001100
0010001000001
1111010001001
0001001110110
1101111110010
0001010111011
1110101000101
0001010110111
1111010100000
0010100101101
1110000000111
0000100100010
1111010011100
0010101001010
1101010111011
0010010100000
1111010001110
0001010111100
1101110101100
0000001001011
1111011111111
0000001000111
1101101000110
0001101111111
1110111010111
0001101111111
1111001010010
0000110101011
1101100010111
0000111101001
1101100101100
0010000000000
1101010101100
0000101101100
1111101110001
0010000001010
1101111000101
0001101010000
1111100001001
0000000001101
1110011000001
0010010111010
1111010111011
0010010010001
1101110010101
