000011000010110
110111111110111
000101000011101
111011001001100
000010011111010
111100010110011
000001111011111
111101000100100
000000010001011
111011111010000
000011000010101
111001011111100
000101010111011
111111011111101
000000011000011
111100000101010
001010100101100
110111110010001
000011011001011
111000000000110
000101101001000
110101101010110
000000001001101
110110110010010
001000010001101
111010110001111
000110001001111
111001001101000
000000010110101
111000001011010
000001000111100
111100100110101
000100101001001
111001110100111
001000001011000
111000101100011
001001010101000
110101011100111
001001101111010
110101011001100
000010110111001
111101111011111
000101011100000
110111100010111
000010010010011
111010000011000
000000111100101
111110000100000
000010011011001
111011000011001
001001100101010
110111100100101
000011110001100
110110010000001
000110011101001
111111001001101
000011110001010
111110100101111
000111101001100
111011111000001
001001001110111
110111001110110
000111010101011
111100100111100
000010100011010
111010000101011
000111101100001
111100001110100
000010100000100
110110110100011
000000000101111
111000001000101
001000111110011
111000010101111
000010101100100
111100111011100
111111111000011
111001001001001
000010001101001
111011101110011
001001110000001
111110011001110
000001010010001
111101100101011
000000001001010
111000010000110
000011010001011
111100000101101
001001001000101
110101010011111
000111111101101
111000100000001
000111001000011
111010100100101
001000101010101
000000011000111
001011110110111
111100000000100
000101100001011
111111011000000
000110010011110
111010110000001
000110110001001
111000101011011
111101011000100
111100100010111
000100011110110
111101011110011
000101101100111
110101110111111
000101011000001
111011100000010
000000011110101
111001010101101
000110111011110
111111011010101
000011010111100
110110110011010
000101111101000
000001010100011
001100100100101
000011001011111
001110101111011
000001000110010
001110100000010
000001111000100
001101011100000
111111110000100
000101111111100
000000010110100
000101011110000
110110100000101
000010100010101
111001110101000
000000110101001
111000101010100
000001010110000
110100110011100
000110011010110
111000000100011
001010000010010
111111011001010
000001010000110
110101101110010
001000001001000
111010100101101
001111110001110
111011001010001
001011011110001
000000110111011
000110110100001
000001001110100
001001100111000
111101010001010
000101100101010
000100111110101
000111110111111
110111011010100
000110011101001
111000111000000
001000010000010
110101001100100
000011110100010
110110100011010
000111101101000
111110101010110
001001000001100
111111001011000
000000110000011
111011100011110
001000110010111
110101111010101
000111111101000
111011101111010
010000110110010
000100100101110
001010010011001
111000111101010
000100011100010
000000111001110
001000101110111
000111010010111
001101101111011
111010101101101
001010111111001
110101111010101
001001111010110
111101011100011
000111111011011
111100100111111
111011110001111
110000101001111
000101110101110
110110001100101
000000111110101
110110100110101
001000111110111
110101101010011
001010100101101
111000010101011
001001110010100
111111111111100
010000001010100
111001110011010
000110010000101
111001110101011
001010111110010
000001010110100
001111110010101
111111011011100
001011000000110
110101101100011
000110000101000
111010000011001
000110100010000
111000111001011
000010100010110
111001011001101
111110000111001
101101110110111
000000101100101
111011110100101
000111110110010
110111101100001
001001101100101
110110111001001
000110111101111
111010110010010
001111000110100
000001111001110
001011100000010
111111101101011
000000111100110
111100101100111
000111101110001
111010001000110
000101101010100
111101101100010
010000010100101
111110000110101
000111000001111
111100111001001
001001000010101
111101111100011
000111110011011
111010111111100
000000101010110
101101110000110
000001100001100
110101011100010
001000000000000
110111000111000
000111111111000
111010101001011
000110001000100
111011100000000
001000010011010
000011001111010
000011001010000
111011101010011
000000100000111
110010001101111
111001100010100
110001100010100
111001000111100
000000100110001
010000101111011
001101010111110
001111110000101
111110011101000
001100101010111
000001000001011
001011111111111
111000111000110
111100010100001
101111111101110
111000111101101
110110111100001
000011111101110
111111110101101
000001100011011
111110001110000
001001001110001
111000010100110
001010000001000
111100110101011
111111100010101
101101100111011
110110000011100
101100101110100
110011010100110
101100010010001
110100010100000
111000110100001
010000110110001
001001001001010
001010111110010
000011110001110
001110101000111
111111010101110
001011011000000
110110111100001
000000011000100
110010011110111
000000110001101
111001101010110
000100001011010
111100000010001
000000000010100
110111010011011
000100011110011
000000010000010
001100111001111
111011001100001
111111010100010
101011110011000
110010010011111
101110001110110
111010010101011
101111101000100
110100101010001
110010010001010
001011101111000
000101101101011
001101101010110
111110110011001
000111001010010
111110010110001
001011101000110
110011110101001
000100011000001
110010000110010
000100001110011
111101000011110
000110101010000
110101111010010
000111101011011
000000000010111
000011010001010
111001011000010
001001111111110
110100100000110
111010011101011
101100000110001
111010101010010
110001110110011
111111011011101
110111001010010
111000111111000
101111011101000
000001101100011
000011001011001
001001101110111
111010000001101
001010001111000
111110111000011
000001111110111
110000010001101
111001000001011
110010011100011
000100001111010
110101101110101
000100000010000
111101011101101
000010001111100
110101010001101
000001110010111
110110101101111
001010111010010
110110100000010
111010111010100
101110011011111
000100000001110
111011000001110
000011001110100
110010100000100
111100011101101
111000000111110
001110001001011
111111000001100
001010100000100
000110010101100
001010111001100
111101101000110
000101011010110
110100110110001
111011000110110
110010000110011
111111111001001
111011111110000
000000111111010
111111010100110
000011100011111
111011011111000
000011011000010
111010110101101
000100011011011
110111100110000
111100111111011
111000110011001
000111111011110
111000110101011
111111000001010
110000101010000
111110010110000
111010100011000
000111101110101
111011100011010
000111001101000
111110100100111
000100000011011
110111011011110
000011011111010
110111010110010
111101110101000
110101001110011
000000101000001
111100100000101
000001100011001
110111100010110
000111101110011
111110100110010
001001001110101
000000100111010
000110011100101
111110011101100
000011101011000
110110110001011
000111000010001
111000001010000
111101011010100
110010001100000
000001111111001
111101000000100
000011001011001
000000010011001
001101101000011
111101000000010
001000101111100
111100111001001
000011111101000
111010000111000
000010101011011
110101110111011
000111001101001
000000010010100
000101010000110
111110101110011
000101001110110
111011001000111
001001111010101
111110111111011
000111011111101
111010100011100
000011101101111
000001001101110
001000101001011
110111111101101
000011110011000
110100101000000
000100000101110
111111010101010
001001111111001
111101110011000
001000001001111
111010010011010
001000000111010
111100100111010
000111111110010
111101011101101
000111000001000
110111101001010
001001000111011
111110100101111
001001101101101
111011100101100
000110000111010
111111011100100
000110001100100
000001100111001
000111101100110
111110001100100
000100100001100
000010011111001
000000011100001
111010000000011
111011101110110
110011110010110
000010100010101
000011100110110
001010000101011
111110000010001
000000111110101
111011110100011
000000011001011
111000110101000
001001011100110
110111010000010
001101001011111
111110001111110
001011000001000
111111100000101
000100110010011
111100000101010
001000010100010
110100111001111
001000111011001
111111110110000
000011011011101
111110111000000
000101010010101
111011011010111
000101100101111
110111000000010
000011000000101
110101110111100
000111000011100
111100111010110
001111000101000
111000000010011
000011101101100
111001100000100
000100011110010
000010000010111
000010001010000
111001111011110
001011001101000
111001001110110
001010000111011
111000110111011
000101011110011
111100010000101
000010001111101
110111100111000
001000011101100
111001111010100
001100100101110
111011000011010
000011000010000
111001011100000
000100001110000
110111110000011
000001101000111
110110010010011
111001011011000
110111001011100
000101111011111
110110101101100
000100110001111
111101011000101
000110010001110
111111010001111
000101000100011
111110101101100
000110100100000
111101110011000
001010010110101
111101001010101
000101100110100
111011100101100
000011001001011
110101111111101
001000110011010
111111100011110
001110000110100
111110010101101
000100110110000
111100100000000
000101011101101
111000101111101
000000100000101
110110001101010
111001101001001
110101111010111
000000001100101
111110100101011
000101001001000
111011001111101
001010110100111
111001001110110
001011100010101
111001100110101
000100110110110
000000000011111
001010100010101
110111010011010
001000011011111
111010011111111
000011011100101
111110000001101
001010001101101
111100011100100
000110100000001
111110110010100
000100101000011
111100001100011
000000000001111
111010011000110
000000100011011
110101100111110
111011110001001
110110111001100
000010100011010
111010110110101
001001100001100
111000101101010
001000111100101
000011001100001
000111101111110
111011000001001
000001101001010
111100000000001
000011010010010
111100101001100
001001011010011
110110001001001
000010111100101
111001101011110
000100010010010
111011001011100
001011101101000
000010010001001
000111111010001
111101110000001
001010111110000
111100011110110
000101100001100
110101111000011
000000100101011
101111010111111
000001001001100
110010010000111
000110110000111
111010000101100
000101011111111
111100100010010
000111110110110
111001010000011
001000101000000
111101111011100
000011010100000
111001011111001
001001100111000
111011100101010
001010111111011
111000010110100
000011000110101
111101111011000
000101010111001
111101000010101
001111011011010
111011101000110
001011100110000
110101011111100
000100111010111
110001111110011
111010101111000
110010011101010
111110100001010
101111111100111
000100100101110
110111011000001
001001011011100
111000010101010
000100010111011
000010001010010
000100010010001
110101110011000
001000011111101
110110011110010
000010100011011
110100111010001
000101011001001
111111010010111
000100010101001
111010110111010
001001110110001
111011111110001
001101001110101
111011101011111
000111001101011
111010111111111
001000001111101
111010001010111
000001000011010
110101111110001
111110111010101
110100111110000
111110101100101
110110011101000
000100101000100
110100011100001
000101110011011
111100100101101
001000010100101
110111100111100
000101000010100
110101100001100
000111110000010
111101111111100
001001001110011
110101110110111
000001111001101
111100011110010
001011000101000
111010101001011
001001111110011
111001111110111
000100101010001
111100000001000
001000000010011
111010110000010
001011100010000
111000100001110
001000010110110
111010010011010
000100110100010
111000001101100
000011100010101
111011011101111
000110001000110
110111010111001
000101110011000
110101110111111
000010110111001
111101110111111
000111010000011
111000010000001
000001101101000
111100010000001
001001110000011
110101000100100
000010101101110
111111101101010
000011101001011
111110011001110
000111011101010
111111111001100
001011000011110
111000010001001
000111001000000
111010010101101
000101011100011
111100000010101
000101010110001
000001000100110
000001100010010
111000001111000
001001001011011
111110000001101
000011101110110
111101000101110
000000010110111
110110110110001
000001110011011
111100110011011
000000001010000
110110111110001
001010111100100
111110001001000
000001100101001
110110100000110
000001100111010
111011110010110
001010000011100
111011011000010
000110110001001
111010110011100
000101101011001
111010101001001
000011101110100
110101010011011
000010000110101
111001100000010
000110000101011
111010111110000
000111101000101
111010001111010
000010110100011
111010110011000
001000001111001
111001110110011
001000001011001
110111011010000
