001001010000001
111010000001111
000110011101111
110101001000001
000001100101101
111110110000100
000000001111000
111000110001100
001010101001001
111101100010001
001001010011100
111101011010110
000111000100101
111110110101110
000000001011110
111100100100011
000111011000010
110101011101011
000100010001110
111110100011100
000000011000101
111111011010101
001000101110111
111110111010110
000000110001010
111100001011011
001001010110100
111011110001010
000001111111110
111010101011100
000101001010001
111111111100111
000000000101110
111111100100110
001010111011010
111110010101010
000001101011110
110100110111101
001000111011111
111110111010001
000010011101000
111001000101010
000011101111110
110110101100110
001000011110111
111100001111110
000001110001111
111011101001000
000011001101000
111001111111010
000101110101000
111100011011011
000110100101100
111100101010110
000100101011101
111000101001010
000111001001110
111101001010101
000000011000110
110110110110100
001000001001111
111010011011011
001001000101001
110111111101111
000110000110110
110111001100111
001010001110000
111000111100011
001001110000011
111001011011111
001001100101100
000000101001010
000100101001110
111111101001011
001010001001011
111111111111111
000101100000011
111111111100011
000100111010001
110111101010110
000110000110011
110101011011111
000000101110110
111110011111101
000010101100110
111010100101101
001000110111010
110110001010010
001000001111110
110110100101110
000111101100110
111011000111110
000011111100010
111011000111111
000011110000011
111000100011010
000101111000001
000001100010000
000111001001010
111111111100011
001010010011100
111110000100100
000010110101100
111111011110001
000100110100110
110011111110101
000000000110010
110101101010100
001010110110001
111001111110110
000111000010100
111010000101001
000101011000110
111000001110111
000111011011010
110111111011100
000001111001100
111010011110110
000110100101100
110101110110110
000011100111100
111110110011010
000111010100100
111100010011100
001100100010000
111101010000010
001001111000000
000100010101000
001011110100111
111000110111000
000101111110001
111100001110010
000010101010111
111011111001100
000100101000001
110110011110101
000011010000100
111001101110001
000111000110000
111100100101100
000001101111010
111101001101110
001001010101101
111000111011001
001010010111101
111001110001001
000011011101100
111110001000011
001010101010101
110111011101001
000011010101010
000000111011101
000110000000110
111110001110101
001101001101100
000011111010010
010000011000110
000100101111000
001000100010011
111101010010011
000111100011111
111110101100110
000001101110101
110111101010110
000111111110010
111001110011000
000011110111000
111110101111001
000010010100001
110101011110000
000100101011110
111011111110010
000010000010100
111100010111011
001010010011000
111101100100000
001001001000101
000000001010101
001000110110100
111011101000110
000010100000111
111011001011110
001000000011101
111010110100111
001010101000110
111010011010101
001001010100110
111101101100000
000110100110101
111011110010100
000110001100011
111101010101111
000100110110101
111100100110001
001010011001100
111111001100010
001011001101001
111101011100110
000010000100010
111101101111110
000010011101100
111010000101001
000111100101101
111101110000011
001100101111110
000000011010111
001011010101101
111011001010100
001001000010100
111001000110110
000101010110000
111111110001010
000010101100101
111111001001011
001001101101001
111011001010101
001100101100100
111110100001000
000111011100011
000001100100000
000111000010110
111010001100110
000100101001111
111001011111111
000001011111110
111100110111001
000111011101000
111110111101101
000110111100111
111000110000010
000110110000110
111101100111100
001100001100000
111100100011001
000110110010111
000100111000101
001010001001010
111110001100111
001111010010111
000001000100010
000111000110110
111111010001000
000110111001100
111110111000111
000110111010100
111101011001110
000101011101110
111111010101011
001110111100101
111111001110000
000111011010111
111101110111001
000001010111100
110101111110001
001001001000100
111101110101111
000011100001001
111101001101111
000111110010011
111110001111010
001010011101110
111110000010001
000111110010001
111001110011000
000101001011111
111100001110010
000101100001000
000001010010101
001010010000010
111101101010010
000011100110111
111110001010010
000110100111110
000011010001101
001101001000101
000001000100010
001111101101101
111111111000101
000100111111010
111010111011111
001010011110011
110111001110110
000111111110100
111111101101111
001000011101010
111011001100010
000011111011111
110110101000000
001001111101001
110111011100010
000001011010100
110111000001100
111100010000011
110100010011110
000110110011001
000010111100010
000001010110111
111100111010000
000010100100110
111101100101000
000110000010000
111010101010010
001011101000100
000011100001000
010000101110100
000011110011101
000101000111011
111011111110001
000110110010101
111001000111110
001001110101000
111001111110101
000011010101100
110111100101011
000000100111000
110111111101101
110111100011100
101111101000001
111111101111110
101101100111000
111111000011000
111010101000011
000111011101001
111011000010010
111011101110001
110111001110111
111110000010111
110101001101110
000011110010101
111001100110110
000010100000001
111100011111101
001111110011010
111011011010110
000101101110001
111000011101011
001000101000110
110111001100011
000000100101111
111011100001000
000001011111000
110000101100111
000001000001101
101110001011001
111010100010101
110011010001101
000001100001100
110110010101000
000010110101101
110111011000100
000101001101011
110110010011111
111000010111011
101111101011011
111100100110011
110010011110010
111101100101010
111010100111100
000111000000101
111010000010100
000110001001001
110111101011011
000111000010100
111101001110000
000101110101110
111111110010100
001010011010110
111100010110110
000101001110110
101110110001110
111101000001001
110100011101100
000010011000111
110110111100010
111101111000110
111011110100010
000110100010111
111100001101000
000111110001101
110001111011101
111011010111101
110011011010100
111110111111110
110111000000111
111010111001000
110101000111110
001001011001111
111110100100101
001001100010110
111001001110011
001010100101101
111110101101001
000101011001010
111010011000010
000100001001010
110100001100010
000010100000111
110110000101011
111011100011101
110110111010110
111110110111010
110110111010101
000110010110100
111110101110000
001001100111011
111100101100001
000101101100000
110101000100000
111010001110101
110011110011000
111000100010111
110011101011000
111111110111110
110011111111110
000000100111101
111010000000011
000101110101011
111100100101010
001000111110001
111110011110010
000000001011011
111000100001000
000010111001100
111010010110110
000000000111100
110110000000101
111111001100110
110100101011100
000111011010101
111010001101010
000010110001100
111101011111001
001001111111100
111011101100010
000010110010000
110101100000101
111000001000010
101111001011011
111110110011110
110001000100100
111011110110000
111011101100010
000111011011001
111011010100000
001100110111001
111111000011111
000010000100000
111100111111011
000110100000010
110101111110011
000100101101101
111010001000010
000110110001001
110111110110100
111101011101100
110100000001110
000000011001000
111011110110001
001000101101011
000001100010000
001001001000101
111101101110000
000010001101011
110111110010010
111100100011001
110100010000101
111100010010001
111001111001001
000001100101111
111011100100111
001001111100100
111110011100010
001000110001101
111011010101000
000001101100110
111100001100000
001001000111010
111101001001000
000111010010010
111101100010100
000100101100001
000000111110000
001010110101010
110110101110010
000100011111100
111100110100111
000111011111100
111010110011001
001101010111100
110110001010000
111100110110010
101111110010101
000001101001001
111000000011000
111110011111110
111011001011011
000011010110000
111110010000101
001011111111110
111100110110000
001101100000101
111110011100101
000100011001010
111101100010100
001001011101110
111010101010111
000110101000110
111010110010011
001100010100110
000010011001100
000110001011010
111011001101011
000100010011001
000000000110110
001000010100101
111000100010110
000010110001000
111100001001111
000001110101000
110000111110010
000101010001001
000000010000101
001011111011100
000000100100100
001010001110000
111100101100010
001111100100110
111100100111001
001000101111100
000000100110010
001000101010011
111111010011101
000011111110101
111110100111010
000011010101011
111110111001011
001010100111100
111011001110001
010000100110010
000111001111100
001011001010101
000001010110000
001011101000100
000101010001001
010000111010110
111001110101100
000000100110110
111011111011100
000101010000111
110111010010010
001100110110111
111101001100001
000110110101111
000001110100000
001001000100000
111110011111001
001000001100111
111001101001101
000111010010011
110111111110111
001000011011001
111011011110011
001000110111101
000000000011000
001001101000010
000100011011001
001010111011100
001001100101100
010011100000111
001100001111101
010001000010010
000011100010001
001101001111011
000000101101111
000100001101101
111110100110101
000001000110110
111110010101011
000110110100011
000011011110101
001011011001100
111101111001001
001001010000000
000000111000111
000111101100111
111110010010101
000000011111110
110101011010011
001001010101101
111000011001110
000111100000001
111010110110101
000100101111000
000000110111111
010000010001000
000011100110101
001101101110001
000101111100101
001111101001010
000101110001100
001001110101100
000101011011011
000111101100101
111100011101100
000101110101010
111011110000000
000111000110111
000001000001101
001110001111110
000000101001101
001100111001110
000000111110101
000100001000111
110110011100010
000101011001111
110110101011010
000000100011111
111010001100100
001000110010000
110110111000001
000100011011101
111111011110100
001011001011110
000010100111010
001100000001010
111110001000010
001010110110001
000001000011110
001000010000101
000000100110110
001011000100100
111011011110011
000111011001000
111111011100100
001000011000111
111011000010001
000111110101111
111000010011010
000010100110100
111011010011011
000010101100101
110111000101011
000111010010011
111001111001111
000111011100011
111110100011010
000100010000110
111000010110000
001000010111101
111111101110101
001000100011100
111000000001111
000101011011111
111101111010011
000010001101110
000010000011111
001000101010110
000100011011001
001010100101000
111111000110010
001000000011111
111010000000010
000111101111111
111001111000110
000111000011111
111010101100111
000000011100000
111010010010010
000001110110101
111101001100001
001011001011001
111011101010011
000000100110010
111000101111010
001010011100011
111000000010101
001000101101101
111011011101110
000011010111100
111000100000111
000010000101101
111110110100000
000011011110011
000100010110110
000110111111011
000000011000111
001001111101001
000001011110000
000110010111100
111011100111110
000110001110111
111101001101100
111100010100000
110111100111010
000011000100111
110101011110001
001000100111100
111000100001111
000011100001011
110101111000000
001010100010110
111100100111100
000011010000110
110100111001010
001010011100110
111100011100001
000111000111011
110101111010111
000010000001110
111100111010100
000100001000100
111010100011001
000110011000111
111111100011000
000011010100010
111101110111100
000101011100010
110111001110100
000011010010000
111010010011001
000111011111110
111001111100000
000001011001111
110100100000011
001000101000110
110111011011101
001001001101010
111010001001011
000101001010111
111110101101111
000100110001110
111011011111000
000100100000011
110111100001111
000011101101101
111010111010011
001001100010000
111101111111000
000001001001100
111100011011101
000100001010000
111101111100001
000101101100111
111100010110010
000111111011010
111010000011110
000110101001010
111001111001110
000000000011101
111011111011011
000111110001000
111111011001000
000111000101100
110101001001011
000000011110000
111011011101000
001000010100100
110110011100110
001010011001101
111101101101100
001010110101110
111100000010100
000110110100101
111011101101101
000000110100010
111111111011110
001000100001110
000000000010010
000001011110100
110110101000100
000101011010000
111100000010100
000001001011100
110101011001100
001000110111101
110111011000111
000101001011111
111010010011010
000010110001010
111001101100001
001001000111001
110101001111011
000110111010100
111011000000001
