000010010110000
111001100011110
000011011000110
110111001011111
000000000100101
111000110000111
000101001010000
111011101000111
000010111011100
110101100000011
000100001101001
111001010010111
000111000111011
110101011011001
000010101000001
111111101011011
001010011010000
110101010100110
000110011111011
111110110011100
000011101001010
110111010100100
001010001010010
110110111101000
000111101101111
111010011110110
000011111100001
110110011101110
000100100110111
111110100000101
001010010001101
111001000011001
000111111011101
111101100010011
000100100100001
110111111111110
001001101100111
110110010010000
000001001010101
111110100100100
001001000001010
111010101000011
000111101110010
111010011110111
000100111101011
110101010001111
000101010000001
111100000010111
001010001111001
111111011101011
000101001001110
111101010100100
001001001110001
111011111001000
000000100001110
111010010000111
001001101000011
111011100010010
000100000100101
111100111101101
000101111101001
111100110110100
001001111111010
111101010100001
000101101000110
111100101101010
001010101110101
111100000000111
000010000101001
111111101001000
000101100001100
110100110000010
000110010010100
111110000000101
000100111001101
110101101001001
000010100000111
110110001111000
000011011110100
111110111010000
001010011010000
110111010100011
000011110000001
110111100100011
000001100101111
111011101110001
000010111101111
111111111110101
001000101111101
111000111101100
000011000100000
111100110110010
001010110011100
111111011001000
000111110100010
111101100000100
000111011101011
111101000000010
001010111111001
111001101101001
001000000010110
111110011101111
001000010011100
000000000001100
000110010000011
111111110010001
000000011000011
111000100000100
001010000111111
111011101111010
001000101000010
110110101111100
000001101111110
111110110100011
000110011110111
111100101011001
000101100000001
110110101000010
000011100001110
111101100011001
000110010101100
111100000100000
001010000111011
111111010111101
001011001100001
111111111011010
000111110101101
111100000100011
000101111100000
111001111111110
001010100101001
111101001111011
000110111100010
111000001100111
000001010001101
111011000100000
000100111110110
111011111010100
000000000111110
111100000101000
001000011101011
110111010000001
000001111110101
110101110000101
001001111101010
110111110011011
000011001011010
111101010100100
001001110011111
111111010000110
001101010000011
000100110111100
000100110100010
111111011011000
000100110010101
110110001010101
000011110110011
111111000011101
000011010001011
110101011100011
000111010110101
110011000001001
111111001010101
110111001110100
000010101111100
111010110101110
001011001011010
110111101001101
001001111010110
111111111010010
000001000101001
111000101111111
001000111001100
111101111010011
001000001010110
111011110101101
000101100011010
111101101110001
000111010111001
111110100011001
001000010000011
111110001111001
001001010011101
111101101001110
001011000111110
000000010001000
000100101000010
111101011000111
000010101111100
111011001110100
000001001100001
111101000001101
000001011000110
111011110011111
001001111110100
111100001101010
001011000000001
110110000110000
000000111101111
110110010101000
001010001010101
111111001001100
001000001100010
111100000000110
001010001111011
000100100010000
001001011110110
111110011101111
001100000101111
111111101101010
000011010100110
000010001000111
000011010010101
110111100010110
000101010000110
111110100001011
001001011101010
110111101001100
000011010010100
111101100000110
001011111001110
111011000001011
000110110010011
110110011101001
000000010100111
111010100010010
000010001011011
111111111000101
000100100110001
111101101100010
001011011110001
111111101010001
001000011010101
111111000001100
001110000010100
111001110011110
000111010110100
111101100111111
000100010110010
111100100100110
001000110101000
110111100010110
000010101111111
111000111101001
000101010011100
111000011111110
001100001010000
000000101100000
001000100011100
000000011101110
000111100000100
111101100000101
000111100011001
111100111111011
000000111000010
111000001000010
001000110010011
111101100101010
001001000110111
000000001101101
001000100111010
111100000101100
000111111101110
000100010110010
001110001000101
111101011100111
000111110011111
110111100110110
000010000000110
111000110010010
000111110100110
111111101110010
001100001101001
000010010011000
000101111100100
000010011000000
001100011111011
110110010101100
000101000100111
111100111011101
000001001100010
111110110110000
000101101011000
110111010011110
000100010010100
111001110111001
000110001110110
000000001101111
001011100100010
000000010011110
000101010111010
000000100101111
001101100001011
111100001100111
000011110010010
110011000100111
000011000010110
111010001110100
000100010011110
111100010001001
001010111111110
111001111110111
001110110010111
111110001100100
001100110001111
111111011000010
000111010011011
110110110100100
000001001001011
111111001110101
000001001011101
111101110110010
000010000001111
111001100111011
001011110101011
111100000010101
000100011010000
111101110000011
001010111000101
000101101101101
001100101111000
111010000001101
000101010111010
110110001111000
000000100100001
110111011010100
000100011100111
111111000111000
000110110110110
111111000110101
000011101011010
111000100100001
000101001100111
000000110001010
000100001111011
111100101101001
000001010010101
111111111101010
000001011101011
111101110010110
000001001000000
111110000110101
000101010111101
111110100111010
001010111001001
111101011110111
001100100100000
000110000000100
001101110100001
111110011010110
111110011011011
110101000100111
000001001100000
111100001110000
000011010111111
111100011001111
001000001011001
111111011010111
000011111110100
111010100100010
001000011011100
111101100001000
000101001111000
111111101110011
000010111111101
110110110110001
000011110000010
111011110110001
001001100100110
111011100001101
000111001010001
110110100010011
000111110110010
000001011000101
000101111010110
000001001110010
000111101100011
110101110000011
111111110101101
110111011010100
000010111101110
111011010011010
001110010011110
111110100001111
000100000110110
110111100000000
000100101110010
111100011000101
000010111111001
111010111011110
000000011000001
110110011110110
001000101100110
111010111011110
001001110101000
111111100101110
000011001110000
111110001111101
000101001010010
111111100011011
001000001001101
000010000000000
001111011100101
000001010000110
000000100001110
111010110011011
000010001011110
111001110101100
000000111111101
000000110011101
001110111010000
000001000101111
001011111110010
111001010011011
001010001000100
110110100101111
000111010011011
111110100111010
000011101000111
110111010001000
000111001011111
111100010111111
000111000011100
111011011010001
001000111000011
111011001011101
000110100010100
000001000110111
001010000000001
111001011100011
000101000010101
111011111000000
000110010000001
110111011010011
000000111100010
110111111111111
000100010010110
000001011011001
001010011010101
000000101100011
001010000110100
111110001111000
000110111110011
111010110001110
001011011101010
111100001101100
000100110100101
111001000100111
000101010101100
110111100111101
000100011101010
111110101111011
000001001000010
000000111100101
001000100100101
111001111000100
001001111001100
110110100110101
001000100000101
111001001111111
000110011101011
111000101001101
000011010101000
111011110000000
000101101000101
000100101100100
001101100000110
111110011000010
001000100011110
111110011010100
000111110011011
111101001011001
000110010111111
111110101011101
001001011011000
111010001000101
000101011101100
111101000011011
000001100110010
110101010011110
000000110100101
111100001001100
000101111000100
000011101110010
001001011000100
111001111101000
000110000111101
111101000001000
000100000110011
110001111010100
000010111100000
000000100010011
010000001001100
111100100111010
001000001010110
000010110100000
000011000010011
000000011101100
000101101100111
111001000111110
000100101001000
000000100111100
000000010101001
110110100101101
000001101101111
110110010010101
000100000111001
111000111101110
000010100111101
111101101101011
001110010001011
000100001000100
000010000000110
110111100010010
000001001100001
111000111001101
000010001010111
111011011101110
001000110000001
111101101110010
010000111100010
000011110100100
001000110000000
111001011101001
001101000111100
111001101110010
001011011000110
000000011010110
001001111001010
111101100000101
001000110000110
111110011000110
000010110011011
110110110000010
001010111110110
111011101001111
001000100111111
111111100100100
000110100111010
111011010010001
001010101010100
111000000001001
001011001100110
110110001111000
000100000010010
111100001011111
000111011010101
000000010011001
001000011011011
000000100101111
001010001111101
111111110010100
000110001110011
110111011101011
000100001001101
111110010001110
001000101010111
111111111111011
000011011111011
111001110011101
000010110010111
111110101001000
000111110001010
111010101010100
001011000101111
111010010100010
001010111010111
111001100000110
111111101001000
110110111010111
000111110100101
111000111100110
000110101110101
111011000011100
001000111011101
111100010011010
001010000001000
111111010111011
001010111100101
111001010101001
001001001000111
000000111011110
000101000010000
110111101001000
000001110111001
111010111110010
000000101100110
110110010101010
000101001110110
111011011110010
000100110010000
111000000010011
000101101110000
111101111111011
111111110100110
110111110101011
000111000011001
000001001011100
000100011010110
111100101101101
000100000101100
111011011111011
001000111010011
111100111110111
001100101001110
111100010000110
001010110000011
111101100001110
001011001100000
000000000110100
000111100000111
111101101010101
000011101011100
110110010100110
000000110110001
111011000000000
000011100011110
111110010000011
000011100111110
110111010000111
000101110101010
110100110100010
000001011010011
111011010000001
000111100100100
111001011001101
001001101100110
000000010100000
001110101111101
111011100010110
000101111001000
111000001001011
000000111001001
111101110100010
001000011001111
000000010001111
000111010110001
111111100000110
001010011110001
111110010110000
000011110111000
111011001011000
000100110011100
111000101011100
000011010010110
111010010100100
000001000111101
111001011010111
000110111011010
111000001001010
111111110111101
111010011010000
000000011000011
111000111001000
000111011010010
111001010111111
001000111101011
111000101100000
000111111100100
111001111100100
000010110100010
110011100110110
000101001000100
111001001001000
001011111110100
110110101010000
000000110001101
111011101111011
000001000110000
110110001001110
000110011010100
111011000110111
000011011110011
111111111011000
000001000000110
111001010111100
000101111001100
111101101001000
000001011100001
111110011011010
001001010100111
111101111100000
001010001001000
111101001100001
001001110001101
111101010110100
001011110101001
000001000111011
000111111000100
111101101001111
000111000001010
111111100011011
000010010001011
110101101111010
001001111111101
111110111001000
001001110010010
110101110001101
000101100101010
110101001000011
001000110101000
111111001001010
000100100100000
111110111000110
000001000011010
111010100101000
001000000111110
111010010000100
001000111000010
110111110000100
001011011010011
111110011111101
000111101100111
000000110110111
000010011111001
000010011000100
001011110110110
111001000001101
000010010111001
111011011010111
001010100111011
110111100010101
000110010001111
111110111101111
000111110110001
111010111110101
000010000110110
111001100100001
000100000000011
111000010011101
000110000110101
111110010111101
001000100011111
110101010110010
000010110010000
110110101001111
000101100101011
110110000111100
000101010110000
111110111001111
001010101010111
111110100100101
000101100011100
111100011110110
000101000101101
111011001011010
000101001001010
111101001000001
000001101100111
111001001001111
001000000111100
111110111111010
000100001000111
111100110011101
000010000001011
111111001101101
001000001101110
111011110111111
000111001110010
111110111110101
000000100111110
111101110111111
000010101010000
110110110101011
000001100110000
111010100110110
000111011100110
111001011000011
000100110011001
111110110010011
001000001011010
111100101110001
000011101010011
111110010010010
000111110100100
110111111101100
000110101111000
111110100011101
001011000101011
110111100100000
001000010100100
111000000001000
001001011100111
111110101111011
