000111001011101
111111011110011
000111010110010
111011010111011
000001000110111
110110101001011
000101001011101
110101011011100
000101001010010
110110100110011
000110011011101
110111011101001
000001010000110
111010010101110
000000111001111
111111110101011
000010011000011
111111100101010
000011000001000
111100011001010
001000001111000
111111101011010
001010011011101
110101111010110
000000011101010
111010010001100
001000010101011
111101000000010
000011101010001
111010000010010
000100111000000
110101001010010
000110011111011
111110111110011
000100000101110
111000000011001
001001110001001
110101111111101
000110100000111
111011001111110
000110111101001
111101010101010
000001100111110
110110110100010
000111011100100
111101010000110
001001000101010
110101111100100
000010111110011
111110111100101
000010010011000
111111110101000
000001010101101
111110010111010
001010000111100
111110001101010
000111010111010
111000101111111
000100110010101
110100111110010
000010000000111
110110010100110
001010011100101
110110101000111
001001000111110
111010101101100
000010111001001
110011111011110
111111001100101
111100100001010
000000011001100
110011101001100
000000000011100
111001100100111
000110010111111
110100100010111
000110010111011
111001110000001
001000101111111
110101100101010
000110011111110
111111100000000
001010010011001
111000001010110
000010001000100
110110110010001
001001101000001
110110011111010
000101010000110
111100101101000
001000110010110
110111000000011
111110111110011
110100100110011
000001100100110
111010101000001
111100001111111
110000010000111
000011011011000
110101001100110
000100010011010
111001101011111
111111010000101
111011001010111
000100111001001
110101100111110
000000110101111
111100100000011
000011101010000
110101100100101
000010101000000
110101111101010
001010111011001
111110010001101
000110101011100
111110001001011
001010111111010
111010101101111
111111001111000
111000111010001
000101101100010
110100010100010
111110101000000
110011011101011
000101011101011
111000011100101
001000001111011
110110100001111
000101000100001
110101111110110
000000111101101
111110000000000
000011101011001
111110000010000
000100111111100
110101111110001
000000100011001
111010000000000
000010011111110
111100000111001
000101001010010
111010111000010
000010101111010
111011001000111
000110111110101
110110110011101
000110001001111
110111100010110
000000111000100
110111110000111
111100101100111
111100001001101
000001010101010
111011010100011
000111010000111
111101011100000
001000110010000
110111101011011
001001001000110
110100100110110
001000011011000
110101011001010
000011001010011
111101101100110
000000110100101
111000001000010
000000011111100
111110101001111
000010011011110
111100111101100
000101001101100
111000011100110
001000011011000
111000101000101
000000011000000
111010101001010
000100011001001
110111000000101
000110000010101
110011010100001
000001000010010
110001100110011
000110100001000
111001010101011
000100111101000
111001000000111
001001100110011
111010001000110
001010000101110
111001100001101
000111011001101
111000010101100
000101100101001
110100001000001
001000101001110
111000000011110
000111100101110
110110100010001
001001001011001
110101111100101
000001100001010
111101001100110
000101110001010
110110001101101
000001100111101
111001100000110
111111101101001
110111111100000
000001001111100
111100010101001
000001001001111
110110111010000
000001110000000
111101011110101
000101000110101
111110101110011
000010011010001
111100010100111
001001110011111
110100001111111
111100110110101
110110011001111
000100011111010
110111010011111
000111000001011
111100101010111
000100111110101
111100011001010
000001101100111
111101010100110
000011010111101
111111010001110
001001001100010
111001111011011
000000110001100
111000100000101
000011110011000
111100010111101
111110001001101
110011001100010
000100100110111
111101110110110
001010101100001
111100011010111
001000001000011
000000011010110
001000000101111
110011001111001
000000000100000
110100101011110
000111010000010
111000000111100
000010000111000
111101000001001
000100110011101
110110011110111
000110011101100
110111101001111
000011010100010
111100000011101
000011101000110
111110010010101
001001110000000
111000011110001
000000001010010
110110111100111
110011000010000
110100010010011
001010001101100
000110001101100
001011011011010
111011010010000
000001000010101
000011001000001
000100110101101
110100001010001
111010111111110
110000110111110
000110101010011
110111110111100
000100011111011
111010000110011
000100000100100
111001000110010
001000101010101
111000101001010
000111010000110
111110011000101
001000010010110
111011010011011
111110011010111
110100010011111
000010001110101
101010000110111
110110100100111
111000011010101
001110101111010
001010010101000
001100111001110
000100100000001
001011101101001
111100101011001
000110010001101
111001101110011
000110010010110
111001101000101
000011010100110
111110110010101
000001010011110
111110001001000
001000010110101
111001111000111
000111011110010
111110111011110
000010000001100
111011011001101
001001001010011
111001001101111
000101111000011
110101111000011
111011010001110
101110010111011
000110010100000
000100111111001
010100011000110
000110100100100
010000100000011
000011101001000
010000100000101
000110100000001
000111101010110
110101011100011
000001101110111
111101000011100
000101111100101
111110000101111
000100110001010
110101000010000
000010011000101
111001001010011
000000011110010
111111000010111
111111010110011
110110000010011
111111011000010
111101111011001
111110101101100
111000111100011
000000001001100
111010110011100
010000001000010
000111000010111
010100000010000
000101010001101
001111111111111
000100010100110
010010001000101
000101000000100
000111000001111
111001010111000
000110111111010
111010110101101
000100100000101
111111111001110
000110111101101
110101001001110
000001101011001
111110110101111
001001101010001
111010010101110
000100011110100
111100101101000
000010001111110
110110011011010
000000000111100
110010001111010
000100101110101
000000011011111
001101100001001
000011011110000
001101101111011
000100101110101
001011001010101
000111001111001
001010010001011
111001100011100
000011111101101
111000010111001
111110110011000
111110111100000
000110100101110
111111010001110
000101011101111
110100110111011
000000101101101
111110101100011
001011110011111
111110011111100
000001101001111
110100100010010
000001110111100
110010101001010
000010010100011
111100001010000
000111000001110
111110110000000
001101001110011
000010011110011
010001001001000
000011011000101
001110111111101
000011010110100
000101111101100
110011111111000
111100010101110
110100001100100
000011101010111
110100101010001
000111001001001
111110110010011
001010010011101
111101010011010
000001111001001
111011111111010
000100111000111
000000010000111
000111110100010
111110000000011
000100110110000
110100100010100
111001101111100
111111100011010
001011111101111
001000001101010
001100001100011
000011010100110
010000001001100
000011011010000
000010010101101
111001001001111
000011011001101
110011100010011
111100011000111
110001101110000
000010101111011
111010101000001
000010101010001
111001101101100
000010001110110
110110000111010
000111011110111
111111011010101
000011010010101
111011010001011
001001001101100
000000000101001
000111000101100
000000011010010
000101000011111
111100111110000
010000110101000
000011110010110
010001000001110
001100010001001
001110100000011
000000111001010
001000001110000
111000111101011
111011110001010
111100000101011
000001111111111
110100001111010
000100101001101
111000101110100
000101100110101
111001101100101
001001001011101
110111101100000
000001010101000
000000010110110
001000101101101
111010111001110
000010100000011
111100111111000
001111100100000
000000100111101
000101010011101
111110010011001
010010011110100
000111110111011
001100111101100
000011011100011
000111110100100
111011010101101
111111000001010
110000001110100
111010011011100
110011110000100
000001100101000
111010010101111
000100101010110
111111001010110
000000100011001
111011001110001
000101110100001
111001110010011
001011000000011
111101000111100
000011111010110
111111111111000
000010111001011
111000000100011
001110110101100
000001110100000
001101100001011
000011100111100
001111100101000
000010011101010
000101111111111
110101111001001
000001000110110
110001110101011
111010110011011
110000011100011
000000000001000
101111010001100
000011111100100
110100100111011
000100111101111
111100110011011
000011010001101
111110110110100
000011001111001
111100000011001
000101111011011
110111110010110
001001111001001
111001000110111
111110101101110
111011111111000
000011100110100
111010100001010
000001000100110
110111010011011
111100010110110
110000101111101
110111011101110
110101010000010
111101011010110
110011100011110
111011001011000
110101100110110
110111011100000
110110000011110
000101011011010
110110010001011
000011100001111
111010100110010
001001010100011
110111000000101
001000101111110
111110011011010
001010000111101
111111101011001
000101101110100
111010000001110
000111100110011
111000000001111
000010001010011
110110100111000
111110000010100
110000110000111
111011111100101
101110101011001
110110010111001
110100100010001
111111000101001
111001010011000
000010101111010
111000010101001
000001100011011
110100101011001
000000010101000
110110111011000
000010010100011
110101111100100
000111101000011
111010011100111
000100100100110
111010000100010
000011010101001
111101111110100
000110100011010
111110011110111
000011100101100
111011111000110
000001011110001
111010011110010
000101010010000
111000101100010
111110111011010
111100110101111
111111101110111
110111100101110
000110001010101
111000101111110
000010100000001
111010100011011
000100001110111
111111100111110
000110000100110
111100110001001
001001000000001
111000110010111
000001000101101
111111111110100
000110010110010
110111001011111
000101100111001
110100110100100
000010101000010
110111001001111
000100100111001
110100110111000
000111010100010
110111111001110
000011000101111
111100001101001
000101011010000
111010000100100
000100100001010
111010001011101
000110010100010
111011100100101
000111000000011
111000100000001
000110010100010
111000001001110
000010110000010
111101101011101
001000011101100
111000100101110
000101110011111
111001101010111
000011101010000
111001000111010
000110011001010
110101110111100
000011101001000
111110110000111
001010011011110
111000101000011
000110010010000
111000111111101
000100000100111
110110101110110
000110000110001
111010010100100
000111011110100
111110100101011
000100110011011
110111011001110
001000110110001
111100000011001
000000011111010
111110011111011
000011001011000
111000111000110
001011000110000
111100100001001
001010110110100
111000001010100
001011000110011
111010100011001
000010111111010
111100100000111
000000111111010
110110101101011
000010011100001
111010110001001
001000010100101
111010100001000
111111100111101
110111101110000
000000001010001
110011011001010
000001010010110
110100001111101
000100011011001
111010110011101
000100011011100
111011111111011
001001011011110
111100110101100
001001011010001
110111011001011
000110011111010
110101011100001
000110011100101
111010001111111
000010111011000
111001111001001
000010011000111
111101001011000
000000001111010
111010011100001
000110010011001
111101101101010
000010101111101
110110010001111
000110110111011
111011111111001
000110101001001
110011110010100
001000000011000
110011001011000
000111101101111
111000000000101
000101000100100
111001011101110
000111101011000
111110110001101
001010011111100
111011100010100
000101011101100
111000010010100
000011000110001
111111011111111
000111000010010
110110011101000
000110010000001
110110000010101
000100011110100
110111010110111
000001011000101
111010111100000
000010010001110
110111010101100
000100101010010
110111000011101
000001111101110
111010011101111
000101001101010
111000110101000
111110010000010
110110000100000
000010101011100
110110010000111
000011010011100
110110010101110
000100101101110
110101011111100
001011001010010
111100001110110
000100001100011
111010101001111
000000010001111
111000101101100
000101110110010
111000101011111
000101101000101
111111000110100
000110000101000
110101111000101
001001011010011
111000001101011
000011100100001
111110100111010
000100000101110
110101101001110
000110110111001
110101101101000
000001000001010
111011001010011
000010010101111
111110000111010
000001101010000
111001101010101
000000000001110
111011000110110
000100101111110
111011010011100
000100001111101
111011010010110
