001010101001111
110101010001100
000011000001010
111101010101001
000100000111010
110111111100111
001010110101001
110101100011110
001000010110001
111000101101011
000110000101010
110111110011110
000111001111001
111000001001100
000000110000100
111111100100110
000101010011011
111110010110001
000100000101001
111100011111000
000110110110011
111010011111100
001000101110111
111000010100001
000110010000100
110111101101100
000111101001101
110101000011110
000001010101100
111110100000101
000011101010011
111111001101100
000001000001001
111001010100011
000011011101011
111010110111011
000011100001011
111100111001011
000100010111001
111111010011000
001010010110000
110101100000011
001001001001010
111010001001111
000111000111001
110110010110100
000110110101100
111110110010010
000000000100110
110101000100111
000100101110001
111001000100011
000101001110110
111101101111101
000011011010110
111111101101100
001010100011000
110100111011101
000000000010000
111111010100011
000001010111000
111100010011101
000001011101110
111101100101101
001010001111010
111010110101011
000111001101011
111100111100010
000111101011000
111110110101110
000011011111110
111001110000110
001011100101010
111110100000000
000001111110111
111000100011000
001010001111011
110110100111000
001000010011111
110101010001111
001000111110111
111110001110100
000110011111101
111100111111100
000100000001111
110110000101110
000011010011000
111100100111111
001001110001111
111100101010010
000100000001110
110100101001101
000110010000101
111001011010000
000000101000011
110111011101000
000111111111010
110011111110010
000111011001101
111000001100110
001001000011001
111100111111011
000000111000111
110011111010101
000001000001110
111001111111100
000110001010001
111110000010010
000011011111101
111100101011000
000001001100001
111110011110111
000101000110100
111000010100111
000100100001110
110110110111011
000110011000110
111000000000100
000000111100110
111010010000011
001001110000101
111000101010011
000011011101111
111000000101100
001001011110010
111000110011111
000011100100111
110110110010011
000101011100000
110011001100011
000011111110110
111010100010011
000001010110010
111000001011011
000101001101010
111101100110011
000011111011001
110101000100001
000100011110001
111000010001111
000010110010110
111010010011011
001001001111000
111000001010100
000010001010111
111100101110011
000100001110000
110101000110001
000110010001101
110100010010100
111111000000111
110011011001101
111110010110000
111000101110110
000110100100001
111110001011000
000001000001001
110011110111000
000101010000001
110011101000011
000110001101010
111011110011110
000101000001100
111000101011000
000100111001000
110111101110010
000000001100100
110111100100010
000110111000011
111011010010101
000100111010100
110110011010110
001010000100110
111011010100000
000011011101011
111010001110010
111110110100011
110110110101001
000011000110100
110111010010001
000010100101100
111001111010110
000000100100100
110001100110110
000010010101111
110001011010100
000100001110000
111011001101011
000011101011010
110101111000000
001001111001000
111101010111101
000100111000010
111101110111010
000000101100110
110110001101000
001000101001110
111111001001010
000110111111000
111011100011011
000100110100101
111101010101101
111111010011001
110110010110001
111100000111101
101111000010010
111101101011011
110010010111010
000101100111111
110110000111001
111101011011101
110011111111001
000001001101100
110110111001001
000001010001001
111010110000011
000010010100101
111010100010101
000010111111111
111110101100000
000010011100000
111101110110110
000100010110100
110110111100101
000010110001111
111010111100101
000111101000000
111111101010110
000100111110110
111010110110101
000001111000001
111010110010101
111101010011111
110000111001001
111110010110101
110100110100001
000011101000001
110100011010110
000011011000111
111100100111011
000011000001111
111001110110101
111111111001110
110001110110111
111111101111101
111000111001101
000001110110011
110101101111110
001000111111011
111001010100111
001010100111110
111101011000110
000111011111000
111100000111011
000000011011100
110101100110001
000111111011111
110110000001101
000111100000011
111000001110110
111010010000101
110101010010100
111111000110111
111010010011101
000000010000001
111001101110000
000100000101010
000000100100111
001100111110100
111100010100011
001000010011010
111000011011100
000000111010010
110101110010011
000001111001010
110110101011001
000100010111010
111010110010011
000111101010100
111100111001101
001010101111000
111000101110011
000101100111101
111000101010100
001010010011001
111000000001110
000010110111101
110011001110000
111110010000111
110101101100111
111111100101000
111100010010111
001001011001110
111101011100100
001101010001000
000001100101111
001010011011010
110111110101010
111111000001010
111011001100111
000010111011110
111101001011001
000010101011110
110101100011101
000001001001100
111010101100000
001000110001100
111011001000111
001010010101011
111010110010011
000111111001000
110101110011001
000000101101100
111011111011011
000011001001011
111011001110010
000100101100111
111011011011100
000111011000000
111101010010100
000101111101010
000011010001000
001010101110010
000111101011110
001010101000101
111100100001101
111110000010110
110011100100011
000110100111001
111000001001010
001000000101010
111010111101010
000111001001100
111110001111111
000011101110011
110111111101101
000111001011001
111110110101010
000001100100110
111001011001111
000101110011100
110101001000101
000011101010111
110110100010100
111111001011010
110011110110010
000110001110011
110100101101001
000010101101101
111100011111001
010000111111110
000011100001011
001001011010100
111010100100110
000101011111010
110111011110111
111111000011111
111100011010101
111110110100001
111100010111010
000101111001001
110101111010011
000111010010101
111101011101101
000000010011110
110100111000100
001010011111000
111000010110111
000000101011010
111110010010110
000010000111000
110111110000011
001010101011001
110111111100000
000010000010100
111110000101100
001001010101001
000011111000001
010010000011000
000001111110011
001001011101000
110101010100100
111100110111011
110011101001100
111101100010000
111101011010000
001000011111011
111001101000010
000000110101000
110101100011110
001000010111111
111000001011011
001000110101101
111011010101101
001010010111110
110110110000001
000100010011000
110101101111111
000101000111010
111001111001001
001010011001111
110111001010101
111111101110101
110101000001000
000110110100101
000000100001111
000111011011000
000101110001011
001010001100000
110010001001001
000000101000000
110100100010111
000101011100010
110100101111101
000000011001010
110100110101001
001001011000101
111111100101001
000100110100011
111111111100001
001010011010101
111101110110000
000111111001010
110111110010101
000110011111100
111000010110101
000101000110001
111110100010011
000100010000000
111100111000101
000010101010111
111010111001111
000111011001011
111110101011001
001010100110111
000001000010111
000101110101010
110101101110000
111011000111101
110000111111101
000000010100111
110100011101010
000010110111001
111100110010100
000110010100111
111001010100101
000001010010110
111010100001110
000110101000001
111001101100100
000101100000010
111010000001111
000111111010100
111101000110111
000001011000100
111001100111100
000110001111101
110101001110110
000010010110111
111010101111101
000101001111011
111100110111010
001111110000110
111011111001111
000101010000000
110110101001101
000000111100111
110010000010011
000011101100101
110100000101110
000101100111010
111101011110111
000101101001001
111110000111010
000010111101110
111101100011110
000111100101111
111011010100111
000111110110000
111100110001110
001010010011001
111100111011100
000110010110111
110100111110001
000001110101110
111101011000101
000000000101110
111001101000111
000111100111001
000010111100000
001101000001101
111010001010100
111110101101000
110100101010111
111011100001111
110000010110011
000011000010011
110011101101011
000101111000100
111001110001100
000100110111111
111001100101110
000100101110100
111101101001101
000110100101111
110111110110110
000100101101111
111100110011101
000000111001010
111101001111101
000010010010000
111011111010001
000011010110000
111011100000110
000110101100101
110101111101110
000100111111110
111100111111100
010000000000110
111100100000110
111110101110100
110101110101000
000011100111011
110011000111000
000110001111111
110010011111011
000101001111011
110111101010110
000110001100111
111000101101001
001001001100010
111100011101000
000000111000101
111101000001101
000101110101011
111000010000111
001010011011000
110011011111010
000111001000001
111101100100110
000010001100001
111100100100000
000001111010010
111011110100100
001001111100111
000100111010110
000101011000001
111100000101010
111100111100000
111011100110001
111110110101110
110111010011011
000010100011011
111011010000110
000000000101110
111001000110010
111110110100111
111101110001011
001001101100000
110111110011110
001000100010100
111000001101000
000000011110101
110110010001101
001010000100010
111000001000100
000101100100010
110101110111110
000111010000001
111011100101011
000000010000100
111001101100010
001000011111111
111110111110110
000011000111001
110101010010101
000011011011000
111100111011100
000101011001101
110101111110001
111101111011011
111001111100001
111101100000010
110101110110111
000010000101010
111010110111110
000000111011100
111100011000110
000110110001001
110101010101101
000000100001110
111011110001100
000110111100010
111111001000101
000011001101100
111010100011000
000110110000000
110101101100001
000011111010010
111001101101011
111010110100111
110110001101001
001000010100100
111101111000111
000000000000011
111000000110101
000111010100010
111000000011001
000111100101101
110101110000001
111110001110100
111100111001100
001001000110010
111110010101100
001001011010100
111110001101011
000110100000001
110101101000011
000101010111111
111101111010010
001001101100101
111011110111110
001000000001111
111011001011011
000101100110101
110100111100010
111100111001010
110110000100110
111100111100010
110010011100010
000011111011111
111000111011101
000111010101101
000001001001101
001010010111111
111011010010011
000000110011111
111000011011011
001000001110011
111101001111100
000001101000110
110101101010001
000011101011110
111111111000111
000000101011010
111110000110100
000001111001110
111000011101110
000001010000010
111011000001010
001011110100001
110101110111101
000001001100110
111000011100001
000001011010110
110011011001010
111110010001000
110100101111000
111101100011011
111010110100100
000111000011011
111100011110000
000100101110111
110111011011100
111111110010000
110011110010111
000000000000110
111100001000000
000101000100100
110101011001101
000101101101011
111001001011111
001001101110101
110110110100100
000110111011001
110101010111110
001010110001011
110111001010100
000110010000110
111100110100000
000000001111001
110110110100001
111011101010000
110011011001101
000011000001101
110010110111011
111110111110110
110001010000010
111111000001011
111000111011011
000101100001010
111001001101010
000011010101101
110110111111101
000010011110000
111011000000111
001000000111011
111100011100010
001000011001111
111101111111101
000010111111001
111101010001101
001000110100011
111110011111000
000000011111000
111011001000010
000000000111001
111101101011111
000000001010110
110110001111101
111101110111010
110101111100001
111101000100100
111001011100101
111111100001101
110011010100101
000101100100100
110110011011010
000111001011000
110100110111000
000011111011100
111101011000100
000101010111100
111000000000110
001011000110110
110111111011100
000001101111011
110111111111000
000000011100000
110101110110111
001010000001010
111100100100110
000001101001111
111000010101001
000100111000100
111101011010000
000000100110111
111001111001000
000010101011101
111100010110010
000000100010111
111010011000101
001001001101100
111101001111101
000101110111010
111101011011110
001010010111010
111011110110011
001010001001101
111000010110000
000011001110110
111100111001101
001010000110010
110111010101010
001011000101000
110101111111111
000101100010011
111110011000011
000110110100011
111010000001100
000000100100000
111010010111000
001001011001010
111101110000011
000010000100000
111100110110010
000100100001001
111100111001110
001000110000011
111000011001101
000110001010000
110101100101001
000000110011110
111010101001011
000000111001111
111000011101110
000111010001111
111111010001000
000000001010001
111001101101011
001000010001010
111100100010100
001001011000000
111000110101010
