000001111011101
111010111010110
000011110001100
111100100011011
000101111011111
111011101000011
000111010110101
111100010100011
000001010011100
111110101010111
000001011111001
111111100011111
000111001000101
111000001100100
000000110100111
111110100111000
000011000000101
111011101010011
000100101010001
111001011101011
000010110000101
110101000000110
001000011101010
110111011000101
000001101110001
111000111010100
001001000101100
111110110001000
000000100110011
111111010111011
000000110011111
111101011110000
000101101101110
111011011010101
000110000000000
111111100101000
001000111110001
111101110111011
000100001010101
110101111100011
000011011101110
111010011001000
001010100001101
110101000110010
000001111000001
111111101110100
000000111010100
111010111101011
000100111011111
111010101110001
000000100101100
111000100100000
000101001110110
110110111101110
000100110110001
111001000011001
000100111011000
111101010001010
001000001100000
111010011110101
000011010111011
110111000000001
001000000100111
110111000111100
000010101101001
111101001100000
001001111100011
000000001010101
000101000101110
111110001010110
001011111010100
111001100111011
001001100010110
110111001100111
001001000000000
110111000010010
001011100010000
111000100010011
000100111111110
111100100110110
000011000010001
111011000101000
001011001000010
110111111010111
000010110000101
111011001110100
000011110101010
111000010100100
000111100000100
111111000010011
000001111011011
110101001100110
001010000011010
110110001100001
001000111111000
111110011001111
000000111110011
111001011010110
000011110111011
111100100000000
001010001101000
111111101001000
000100100010000
111100011111111
001101101001000
000011011001011
000111010010110
110111111101100
001001110110110
110110000000010
000001101110110
111111001111011
000011100110111
111110010100010
001000110101110
111001101000011
000110011101010
111110001110010
000010011100010
111100111010011
000010010011111
111010010011010
000000001110101
111011100011110
000001001001010
110100000111111
111111011110100
110101010111010
000010111001010
111010000011110
111111101100110
111100110101000
000111111101001
111111001111100
000010111100110
111110110111000
000100100000100
111001000101011
000000011000110
111100110110100
000100110111001
111101110001111
000011111010001
110111100000011
000011111010010
111110001101011
000011001101001
110101011010011
000010101101110
110111110101101
111101000110010
110011101001110
111011000101000
110111011001011
000010000110000
111001000110111
000011110110101
111010001110001
001100011000000
000100001010000
001100011011000
110111001110011
000110001110010
111100010000001
000010001011000
111000000010110
000101000111101
110111001001011
000001010000000
111001110001000
000000111010111
111010001000010
001000100101111
111011011111000
000100001001010
000000101111001
001000100101010
111000011100010
111101100101100
110001110001111
111010111000011
110110001000100
111100100111101
111001010101100
000101101111100
111000100000111
000110010000111
110110110001101
000011101000000
111001110100100
001001010000101
110110110000010
111110010010111
110110100110001
001000001100000
111000111110011
000000101011101
111011100110110
000100101001011
111111000000011
001011101011110
111011110001011
001010001000110
111100001101111
001101001110011
000001111110001
000110011100111
110111011000110
000101010110001
110100011010101
111110011101101
110001110110110
111101100010111
111010010110100
000010011010010
111001000000110
111110100001110
110011011000001
000001111100011
111011100001100
111001000010010
110011001110100
000100110000000
111100011111001
000001001111010
111010111100000
001010101101110
111111111111110
001011101111110
111111001110011
000110101100011
111010111111101
001010001101001
000000111001001
000101111111100
111010110101010
000010000101001
111011100101011
111101101001010
110110011011010
000001100011101
111101111001101
000101010011111
111011001101110
000100101100001
110010100011101
000011011100110
110110101010000
111010110000000
110011101110000
000010000101010
111100100101010
000000110000101
110101011101100
000111011001000
000000101111100
001000100010000
111101111100101
000110110110001
111101010111111
000111000100010
111000000011111
000011100011110
111000111100111
001001011110110
111001111110101
000010011100111
110111001011110
001010101111100
111110100001111
000101010000100
111110000101111
000010011100101
111000101111100
111110010100000
110100010111111
000000010101111
110110100011110
001000011111010
111111001111110
000111101001101
111100110100001
000100101101110
111001111000111
000101110111110
111000010010100
001010111101110
111000100111100
000010111000000
111011101011101
000001011100000
111011101011101
001010000010011
000000111100111
000100010110110
110101001001101
000111111100000
111011000110100
001000001100010
111010010100000
000100000011000
000000010101101
001011011000111
110110011011100
111110111110100
110111100011011
000010100010101
111111101010110
000110001001010
111101010100111
000001101111010
111110100111100
000111010011011
111100000100001
001011110111110
110110110011000
000001111001001
110110111101000
001000001101110
111001000111000
000100011101101
110111110010110
111100011011000
110101001111110
000110110111110
111101101101010
001001101111010
111100111101000
001000100111000
000001111101010
001010100100111
111111101010101
000101010001100
111001101001100
000010001100010
110111011011101
000111000001010
111001100111110
001001100001100
111110101110110
001001011000101
110111000110001
000101101101101
111101010100001
000100010100110
111110001001001
000010110111101
111100001011110
001000100001111
110001010000110
110011011101100
110101100111011
001000110101100
000000000101100
000100011111011
111001000001101
000010100101011
111101110111010
010001111001110
111110111111110
001101111101000
111100010111010
000100000110011
111011010000000
000110000101011
111000101010001
000010100000011
111110001001001
000010011011110
110111001010100
000111110110000
000010110101000
001011111010001
111001010111110
001000101001101
000010101100100
000001010100110
101100010100011
111000111111001
111010111110000
001100101000100
110111001111010
000101010001011
110101001100010
000011000101001
111100010010100
010001011010100
001000100111110
000110100100000
111001000101110
000010011110110
110101100111001
001001011101111
111000101100110
000100000110001
111011100100110
000011111101010
111111001010011
001100101101000
000001110001010
001001110110110
111001000101010
001010000100110
111111111110000
111110101000010
101100111010101
110110101100101
110110111010100
000011010010010
111001100101101
000010100111001
111111000001000
000111010111001
000100010000111
010000111001110
001000011011100
001101001000101
111101001110010
000111110001010
111001000000011
001001111100000
111111110011010
000110001101111
111000000101101
001000000001111
111010000110100
000101110110010
111100011111000
000111110100000
111010101011010
000111111000000
110100000100000
111010000100110
101101011001010
111001101101100
111101001011110
000111000011110
000000110010100
000111010100100
111111011011110
001010111111011
000101110101011
001101001011010
000001100110001
000110101001101
110111110011001
000010001101111
110101101101000
001010001000101
111111100010000
000110000000000
110110101101110
000000001110101
000001101110111
001001011001111
000000001110101
010000110100000
111100111101111
000111111010101
110110000101011
110100101110010
101111101010001
000000011001111
111001110100000
000101001000001
111111110011100
001001011101110
000110000011111
001100100101010
000100000111011
001001011011111
111010111011111
000100000001011
111011101111111
001000000011100
111000101100100
001001010111110
111111001100010
000110001110100
110110001011110
111111101100000
000000000001011
000110100011111
000011111110000
001100010001100
001010001001011
001111001100010
111001011100110
111101011100101
110100101000110
000111111011111
000000101101001
000111010011011
111100011010111
001110001010110
111100010111010
001011000000000
000001111000111
001011111001000
111000100111001
111111010110001
110011111000101
000101100111011
111001100101010
000001001001000
111011111001101
000010001110100
110011100001011
000010001000111
110110000010000
000010001000011
110111110010011
001101010110011
000110000111101
001101010110101
111111110101110
000000000010000
111001010011001
000101110100110
110101111111001
000101011010011
111101100100000
000001111111111
111110110101100
000001111000101
110110101010110
000100111010111
111000110101101
111010100001101
111001000101001
001000010100011
111101010010000
000011010111111
111100001011011
001000100110001
111001101011110
000101000000000
110010001101001
111101110101100
110111011010001
000001111011010
111011111100010
000101111111111
111010000100001
000001000111101
111010111111000
000110110011111
111001111000000
000010100111000
111010011000100
000100110111001
111100100011010
000010101010110
111001010001110
000000100010000
110101001101101
000001111111011
111101010101111
000111010110001
111011000011001
000110010001001
111010110111110
000111010011011
110100001000111
000101010111111
111000001100001
111110100110100
110101110010001
111101100110101
110010101011001
000011111100001
111100001101111
001001011100111
111110011001111
001010100111101
111010001101100
001010011110101
111111010111101
000010001010111
110100010101101
111110100001111
110010110100011
111100101010110
111000000000100
000010010011110
111000001001011
001001110110011
110111010100000
001001001100100
111001100111111
000010001011001
111001100101110
111100111110100
110100110001000
111110110111100
110010010000100
111101110010011
110101011011111
000011100011000
111101011100101
001000001100010
000100101001001
001110110001100
111111011101100
001010000110110
111110001010000
000101111111001
111000111011010
000011101110101
101111101100111
111100110100011
110010110010011
001000100000011
111011011000001
000011001111010
111101111101011
000000100111000
111110000010111
001010011111011
110100111101000
000101101100010
111100011111000
000000111010010
110101010001001
111100101110001
110110001001001
000100100111010
111101001000000
000010110111010
000101100001011
000101111000000
000110110110000
000100100111100
110110011011010
000101110000011
110010111100100
111110110010011
110101000101101
000101001111100
111001100011101
000100001110001
111111100010000
000100001010000
111100111000100
000100011010110
111000101011001
000100111010100
111010011110110
001000001100101
111010011100100
000010111010011
111010010011111
000110110110001
111011001110110
000101010010100
111010101000000
000100010101111
111011001011011
000100110011000
111111101011010
000111000100100
111100100110001
111111100010100
111010010001100
111011100111111
111011100011011
000011111011001
110111101000100
000100111110011
111011000011000
000000100111000
110101010100010
000100111101110
111011010011110
000010011111011
110110011111110
000000111101110
111000011101011
000100000101100
110111010100000
000010000011100
111010101010110
000111101110110
111011010100000
000101100001000
111001001010010
000010111100010
111001111011110
000110100010001
111100010111110
000011011011001
110101100000000
000001101000011
110110000110011
000110101101100
111000001110111
000110001101111
111011000110110
000010000001010
111110110101010
001001101011011
111101011001001
000000101000100
111100011100110
000111010000001
111100110110011
000010001110000
111000111001111
001011110001111
111010100111101
000101010110101
111111010000101
111110110100110
111100010000000
000110111011001
111011010010100
001000000110100
111100001100110
000100011100100
110101011100000
000001110111010
110011010010011
000011111010101
111111000111001
000100001111100
111100001011101
000110010111000
110100111110100
001000101011111
110111100111110
000000111111011
111000110101110
001010111101010
111110011010100
001011000111111
111010000000111
000100100000011
111100000110111
000001011000110
111011000100010
000101110111100
110100101110000
000100001111011
111000111001111
000000011110101
111100011110110
001001011100111
111111011110111
000011111001100
111011101010111
000111111100001
110100110011101
000001101100111
111101011000100
001011001001000
111001111001101
000110011011111
111001101100110
000101111011000
111100000101001
000011011110110
111001000110001
001011000110001
111100110000101
001000100110011
110101100100100
001010011000101
111101110010101
000000001111100
111100111011010
000110011001001
111010000000111
000011100000111
111111001001010
000010000110101
111100010111011
000100111010100
110101101010000
000011111000110
110101101111011
000010011111010
111111000010001
001010001000001
111011110011011
