000001111100001
110111001011101
000110010011010
111111111100011
000110001000011
110111111011001
000100100011101
111001001101111
001000111100100
111110111100011
001001001110111
111110010101101
000111000111100
111101011001001
000010100100110
110101101001111
001001010111001
110100110101110
000001010110010
111101111111101
001000011001111
110110110100001
001001000000010
111100001100001
000001100011110
111111100001110
001010101111000
111010001101011
000111100101000
111100110011100
000110000000101
110110011110111
000000110100001
111110111000111
001001100100101
111001000010101
001001000010001
111100111110111
000010100010111
111001000000110
000011111100111
111111010011010
001000100110100
110101000010100
000011011011101
110100110011001
001010000010111
111110100011001
001010111111110
111111010100010
000011010010111
110111101010111
001001100110000
111110111001000
000000111100100
110100110110001
000001100101010
111111100001010
000101101111101
110110110101110
000011101011010
111111011100100
000111011110011
111011011100111
000001011011100
111010001110001
000000001000111
110101011010010
001000111110000
111100110111111
000101101111010
111101001100100
000010000011011
111010100011011
000000001011010
111000100000010
000011001011110
111110101001100
000111001100101
111100000010110
000001001111011
110101001000110
000001000001010
110101011100111
000000111111000
111110000010001
001010100000001
111101011100000
000010011100101
111010111110100
000000100001110
111001111111110
000101100100011
111000111101001
001100000001110
111010111011110
000100101100001
110110000100101
000110001001100
111111111001000
000011010001111
111101011110001
000000111101100
111000110011010
000100011101110
111010110001101
111111101111100
110101010000110
000011110111100
110111011001000
000010111011000
111011001110011
001000101010001
111100000011100
000100001000000
110110010111101
000101111101011
111100101100001
000000111011000
110111100010110
001000011010011
111111010101100
000101011101100
111110110010010
001010110001111
111110001101111
001100000001011
000010000110100
000101001100100
111100110111111
000100001100010
111101011110010
001000011010000
111011011000001
001000101000000
111011001000000
000101100011000
111111100100010
000010010111000
110101111001000
001001000111010
111010110010110
000011101101011
111001100101010
001001010110001
111000001101001
000100100111111
111011100001011
111110010111110
111001101111111
000010011001010
111000111011001
001000001000101
111101111001110
000010010111000
111110000110111
001000110000000
110111100011111
001000101010101
111000100001000
000101011010011
110111100001011
000000100011100
111010100110101
001000110010111
111100111000010
000101000110000
111001110001001
000010100100110
111000100011010
000101001001101
111111101011110
000001101111100
110111000111101
000110010111101
110100001111011
000100000001111
000000001111000
000101010111100
111100110111101
001001100000100
111111011000101
000110100101000
111111101000001
001000011100110
111001011110111
000111001011101
111110011101100
000100001100100
111011010110110
111111001010001
110011111111000
111101011001101
111001000000010
001000110001100
111110010011001
000111101110100
111101000000110
000111111110000
110101101110111
001010110010010
111101110000011
001010100110011
111110001001000
001010010100011
111011100100010
000100001011100
000000101100100
001100011100000
000001100000100
001111000101110
111111111100011
000111111101000
111010001001110
000011100111000
111101011110111
000110111100000
111100010101011
001000001010101
110010111111000
000011101010001
111100100100101
000010111001000
110100111011101
000110010100011
111111000001110
000001100000010
111101010011010
000100011100100
110110110111110
000010000100100
111100010011110
000001011011000
000010111100010
001000001100111
111011001101001
001110010011011
000001101110100
001010111010011
000001111001011
001001001110000
111100101010001
001000100110101
111111001011011
000111010111011
111110110110110
001010001011000
101111110101001
000000010011101
110101001000101
000110110000000
111010011100111
001000000111001
110101101110101
000101010100100
111101011000010
000001001100011
111010001111111
000110111110010
111100100111010
000101111100011
111010010011100
001000010011000
111101101111100
001001100000100
000000100011010
001000110010111
111110110100101
000101100100010
111000010011000
001010010100011
111110010110000
000010101111010
111010111100101
000101101111011
110011011110100
000100011100100
111011001110100
000111010101011
111001000100111
001001010000110
111100011000100
000001001000001
111010001110011
000011011000110
111001100001100
001000101101101
111011101001010
000001001100110
111001000001100
000010111101100
110011111011001
110101111110110
110100100100010
000000101001011
110111101000001
000000101011111
111000110100010
000101000111101
111010001000010
000101100010100
111110111100111
001001100111000
111000111101100
111111110001010
111110101001000
000001110000001
111110001110100
000010010000101
110110010000101
001000100100111
111111110110011
000010001010011
110011110000010
000001000010000
110101010000010
111111001110010
110011001100000
111100001000110
101101101100011
111000010110100
110010110100011
000110001011000
111010011100001
000010001100010
111010010100100
001011100001000
111101011110010
001101100111101
000000101011001
000110010101001
111101101101111
001010011000010
111111000011111
000110101010111
111110100011101
000001001111111
110111001101111
000011001100011
111100010110001
000110100010010
111001010110100
111010000000011
101110110011001
000000000001100
101110101100110
110111101011000
101101100011101
110011011010111
110010100111011
010001011110010
000000011000101
111100101100000
111101110100000
000011011110110
111101010101010
001011011101010
111001000011010
000011110010010
111000111000011
000001111001000
111111011010100
000100101101101
111101011110110
000001101110110
111111111111000
000100000001011
111101000011001
000110111010011
110001000111111
111010001111010
110001101101110
000000011101001
110001011000001
111011100110010
101111111001001
000100111011110
000001100010111
010001010000000
111101000011000
000000100010101
110111001101110
000110010001010
111001011100010
000010100000011
111011000011010
111111111001001
110011000011111
111110110111100
111101000000110
001001011100001
111001101011110
000011010111000
111101101110000
001000111111110
111010110011101
111111110100111
110110110100111
111110010101101
101111100101000
000100001101100
111001010000010
000000101111100
111010000110011
000111001110101
000101011000100
001001010000000
111111100010111
000000101111001
111101110010100
000001101111111
110100111011010
000111001011001
110101001001100
111111001000111
101110100110111
000101100001110
111101000001101
000101111101100
111101100100011
000100110100110
111100110110000
001000111001001
110111101101100
000100001111010
110101101111001
111100011111010
110011110000000
000010101111100
110011100000101
000101110011001
111001101011101
000110101101110
001001101100101
001001000100100
111111000001010
001000010110110
111011111011111
000010111010000
111100100111110
111110101111011
110010011011101
000001011010010
110111000101111
000000000011001
111010100001010
000001100101111
111101010011000
000111100101011
111001101011001
000101001101100
111111000110010
001001110111110
111101001000011
000110100001111
111000110010001
000110010000010
111111101100111
000000111100111
111010101011111
001110001000110
111101111010001
000111010001000
000011001111010
001100100001100
111101111000011
000010001111010
110110110110010
000000101110110
111010010000110
000010001101010
110011011011111
000111110000010
111011000010000
001010110111100
111111001011000
000000101001010
110101011100110
000011101011101
111000101101111
000111001000100
111000100110110
000111011011000
111010011110001
000000100111001
111000011010111
000101110000001
110111010010000
001100011000001
111110000110011
001011100110001
000000110100001
001001101100010
111000100111010
000101111101101
111011000100100
111100111001101
110111000010100
000101111100101
111000001111111
000110011000001
111100101111010
000100001011101
111110001101000
000000111101001
111110001101111
000010101011111
111111100000000
000010101011111
111011110010111
001000001010011
111000110010101
000011001010010
110100101011100
000110111100001
111101001011011
001000001100100
111111111000111
001010111000110
000101000111101
000111011111100
111010011010101
000111001111111
110111111000100
000100110110011
110110010100000
000111111101100
110111111100000
001101100010010
111001111110011
000100110101111
111101011110110
000011001101000
110111111111101
000100100100110
111101000111010
001100000001100
111010100000001
000100000111101
110110011010101
000001110100101
111001000000101
000010010000001
110110111100011
111111101111110
111100011101000
000010011000000
111100000010100
000100101010110
111111010000101
000110000001010
111001010000101
000011010001010
111001111011000
000011110000011
000001100011100
001101110111111
111110111010000
001011010100011
110111110001111
000000100110111
111011110010010
001011001000001
111110010001111
000100111101100
111111000110101
001001101001101
111000010111001
000000111001111
111001111111001
000100011110010
110110110100001
000000011110110
110110101011100
000101110001010
110100100110011
111110100101011
110100110001110
000001000011101
111011101111011
000010101011100
110111000000101
001100100010010
111011101001101
000110110000010
000000010011010
001011001010001
111110101100011
000100011100100
110101011011011
001001101110000
111100011000100
000110011011010
111001110110101
001100100110000
111111010101101
000011111101101
111010100110011
000001111011001
111000001110110
000001100011111
110111001000001
111110110011111
110100110010001
000100001101011
111000101000011
111110100000011
110100111100000
000010101111011
111101100011101
000101100100011
111010100111100
000100100001010
110110001101000
000111101011101
111011100000000
000001000011101
111000100101001
000101110111001
111011000011111
001000000011111
111110000011000
001110101100101
111010111100000
000101010000010
111001110000110
000011001111101
111000111101001
111110001100001
110011110110000
000011011100010
110001001100000
111011110000010
111011011111100
000011111011100
110110111011010
000101101110111
111100110011011
001010000101011
000000101001111
001000110011010
110110010110110
001010010110110
110110011000000
001001110010010
111001001101110
000010111100000
110101010111010
000011100101111
110111111111010
000111100000000
111010110101000
000110001000110
111101100011100
000111110101110
111001100101111
111111100111000
111100011111101
000110101010000
111010101011010
001001100001100
111100000110110
000101011011010
110111011011101
000111010111111
111001000011100
001000001110110
111100000110101
000000101100111
111011010110110
000101000001011
111000000110010
000011110001010
111011111000001
000110010100011
111101100101010
001010111100000
110110111001100
000010110110101
111110111011100
001000010111000
111001100100010
000001100000010
111000100111100
000010011001010
110110001111100
000001010010100
111110110011101
000010001000001
110111111100101
000111010001001
110110100110010
000100011100011
110110110011111
001000011001100
111110001111010
000101111111000
111011010001001
000101100010000
111001111110000
001001101110001
110101011110000
000010101111000
111101101000011
000011011010101
110110111101101
000100110110010
111101000101110
000111110011011
111001110001011
000110001110000
111110011110011
000100011011110
111001010001111
000000101001000
111110000111011
000111101101000
000000111000101
000110111100101
111010011010000
000001011010101
110101001101100
000101010111100
111010100101000
001001101100011
111101010111000
000110100110111
111011101100010
000111011111010
111111000100000
001010010101110
111001111111011
000000010001001
111110000110111
001000010100001
111100010110101
001011010110111
111110110100001
000111100100100
111010000000101
001001000111111
111111010010101
001010111100001
110101111000000
001001011011110
110111010111001
000011110010100
111100111000110
001011011010011
111000100000011
001010101010010
111111100110011
000111100011001
111011000000011
000101101010000
111001111110000
000111101000110
111110111100000
001010010101101
111100000100110
000010000000001
110110100001011
001001111011110
111101101110110
000000001010010
111001000010000
000110001000001
110100111101011
001000110100101
111110010101010
000110110110011
111010000010101
000011010001100
111010111101001
000101101111010
111111001101110
000011011010101
110111100000000
000100100101110
111100110000110
000100111111111
111011111110111
000011101010010
111110101001111
