001000011100000
110101111100101
001000101111100
111011011110011
000100101100110
111011001001001
001010001010011
111010011001100
001010111011100
110110111100110
000011111100010
111000100111011
000001101011010
111011001100000
000000100110010
111111101000100
000001010001001
110101011110111
000001011010111
111001111110000
000001111101110
111100110111001
000111101101000
110111110001010
000011001001001
111110100110001
000001110001110
111000001010011
000101101001100
111001100001001
000101000110100
111101000111010
000101010101100
111101010111000
000111101100101
110110011011111
000111101100000
111001110001011
000100100111000
111000111101110
000100100010011
110111111110010
000011000100111
111010011000001
000010010110001
111100001011110
000110010101010
111100100100101
000011011101011
111000011111110
001001100100101
111010101101001
001010101101010
111001111100101
000010010101010
111101010110100
000111011101010
111011111001001
001010011111001
111110000110000
001010100101111
111011101010101
000101010010001
111100011011011
001000000000111
000000000110010
000101010110000
111110011101101
001001101000000
111010010000011
001100010001001
000001110101111
000111010101010
111111001010011
000111110000010
111001110001011
000111011000000
111111000110100
001011000000100
110101111100000
001000101110101
110110101101011
000100001111001
110111110010011
000100001001001
111001011011101
001010110111010
111111101000001
001010101011101
110110010001111
000011011011101
111000001111010
000101111001101
111100100011110
000111110110100
111001111000011
001101000110011
111101010101110
000111010110010
000001010010111
000111101100000
000001111101011
001001001110111
111011010001111
000111101001011
110111000100110
000110110000111
000000011010110
000000111101011
111010110101110
001010011000111
110110011101111
000011001011111
111100100101000
000110100011000
111000101100110
001010000010101
111010110000001
001001110010111
111010010000110
001001000000011
111011000110010
001101000010011
111100011010100
001000111011101
111111011101001
001001011011001
111111010010011
001010000001011
111010010101110
001101111011011
000100101111100
000100110010011
000010010011100
001010110011100
111011011001100
000000101110001
111100010011011
000101101111011
111110110111100
001001000000101
111011000101010
001010101011100
111111000010100
001000100000111
111011001100011
001010111110001
111100001011110
000101001000101
000000010111111
001011010110000
111111011001100
000111101100101
000000000101110
001000010001101
111101011111010
001010001011100
111011100010111
000111011111011
111010101001000
001101111011101
111010111011110
000010010010001
110110010010000
001001011101000
110101100110011
000101010101101
110110101011110
000011000100010
110101000001110
001010011010110
111111010011010
000101000010111
110110111101000
000011110001110
000000101011010
000111010010000
111000001101100
001001110010000
111011111110110
000110110001100
111101101101111
000010010100000
111010010010010
000100101111111
111100000111001
000110100000010
110111000010001
000011000101110
110111000011010
000111010001101
111100001101111
000101001111101
110110111110100
000011010011001
111101111000000
001000101001001
110111110100100
000000010101010
111111010110001
000111111101010
110110001101100
000011011011011
000001100001111
001001100110000
111010000101010
111111111000101
111001001001100
111100111111010
111000010101010
000100010001010
110101111010101
111100100100011
110001011010000
111011101000001
101111100000001
111010001100010
110000001100010
000010101000011
110101110100101
000101011111111
111100001001001
001011011001101
110111000110110
000011101100110
111101100100111
001010110111111
111110010011010
001001101111110
000000101001011
000011100000010
111011000010100
111110100010010
111001001111001
000010111110100
110001101011011
111011110110110
110101110001001
111000011110010
101110111010101
110110001100011
101110101101110
110111001011011
101111010101100
111110110101110
110010111010110
000000101010010
111100001100110
000100101100111
000001000100111
001001110101111
111000011001011
000110111001101
110111010010001
000101000000001
110100100100001
001010001000100
111011110001000
000001100010000
110100101001000
000001010110101
110111110010000
111111010011010
110011000011000
111010110011110
110001100110010
111100110011001
110110111110010
111010101001100
110001101101011
111100000110111
101110110110111
111010110010101
111001011011001
111111010001000
111001001101001
001000001000010
111011001101111
000111001101011
110110000110100
001001000000110
111011100101001
000110010101110
111010110100111
000000110010101
111111000111111
000010100001011
111010011011111
111110110100010
110100011011010
111011010010111
101110110010001
111111011010010
110100010111111
000110001111010
111101010100010
111011111011010
110010011010110
111000011000111
110100011010010
111111110001010
110011111001101
111111100100001
110100001101010
001011100011001
111100101010100
000011000110101
111000111100100
000001110000000
110110011110101
000101101111000
110101000100111
000001111100000
111101011010110
000000001000011
110110111010110
111101100111101
110100100010111
000000001011001
110100010111101
111110110001101
111011101101101
001011100101111
111000110110101
000100001010101
111110010000000
000111001001010
111010011001011
001000000100010
110100100011000
111101100100101
111011001111011
001001001100001
111100100101011
111111110011010
110110010011110
001001101100110
111100100000001
000101100010111
000000011111101
000001101101111
110011011011010
000111011011001
111010010100000
000001101000001
111100001111001
000010110001101
111011111110000
000001000100100
000001001011011
010000001001101
000010101001000
000010001101001
111110001110010
000000011010110
111011011100110
000100100110111
110101010111010
000111100000011
111011111011011
001010110110101
111111001011100
000011111000001
110111110110101
000101001111000
111011101110000
000110110001110
111101100100000
000111100111111
111101000101010
000000101100111
110111001001000
000010000011001
111111001001000
111110000000111
111101000100110
001000011110000
111101111110011
001101011110000
111100101111101
000010001011111
111110010010111
111111111100101
111110101101011
000110100111111
111101110001000
000101100000001
110110000000010
000101001001001
111000110101111
000000110011001
110101100111110
001001001000001
111011011001110
000111010101101
111101101001011
000111011100010
111001110100000
000100001110111
111010011110000
000010100001011
110101110010100
111110100110010
111000101100000
000011001011001
000001101011101
001011101010110
000001101011101
000001101101111
110100010000011
001000001000001
110111100100000
000001000111011
110110110011011
001001001010110
111011010111111
000100010001001
111000110111000
000100011100101
111110100110010
000101010111000
111010110110111
000000100110000
111100111011100
000111011110101
110100011111001
000011010101001
110101100010111
000011111111101
111000001110111
111001101110000
111001100001111
000010011110101
000010010101111
001110000011000
111010100101011
000101101010011
111100000011010
000001101001000
111100101010100
001100000110111
111110111100110
001000101000011
110101001110011
000100010011101
110110111011011
000101101010000
111100101101010
000111110010010
110101101010111
000100110101101
111110100011101
000011000011001
110111011101011
000000010101100
110111110101000
111000101111111
111000011111110
000001101110100
111011111110010
000010000100000
000100010010101
001001111010000
111010010111100
000001000010010
110001100011101
000110010110110
111101110011011
000010101101111
111101111111011
000110000110111
000000001000101
001001001101001
111011000100111
000000000001000
110110101000000
000110001001110
111010000111000
000001100101010
111110010111011
000100111010001
111000000001010
000001100011110
110011010100010
111100011000000
110001101001101
111101010010110
111100001101101
001001100001101
111111111110101
000011100011000
111101001110111
000000000011001
111010100110110
000111011101010
111111010011101
001010010110111
111110001111101
001010011101111
111010111001011
001000011101100
111001011110001
000110010001011
111100111111100
000010011110111
111001100011111
000001010101010
111001001011011
000010011110110
111100111111100
111111011000010
111011000111001
001010011100101
111111110001100
001001101111000
111101010101001
001000001100010
111101000011011
001011000001000
111111100011010
001001010010011
000010111101110
001010010111000
111110110001111
001100000010010
111001100110001
000011100111100
111110100010010
000100001011100
111110110100110
001010001011011
110110000000010
001000011011101
111010110000001
000010010110111
110110110100001
000010101000001
111110000010001
001001000000101
000011100010010
001010010010010
111111101100010
010000101001111
001010001011111
001100110111110
000101000100101
000011010111101
111111011111010
001100001111001
111100010100011
001101001110111
000011010000000
000101101100101
000010010110100
001001010010000
110111110010001
001100111001100
110110111000011
000011100111100
111101011101101
001010110101101
111101100010010
000001101100111
111001101010010
001010010011110
111110110010001
001010100101110
111111000001000
001101111011000
000100001110001
010000001000111
001001101001100
001100011111101
000001010001010
001010000101000
000000010010000
001011110111000
000001000101010
001111100101000
000011010101001
000110100011101
111010111100001
000101011000010
111101101000100
001001100011111
110101100110001
000101011101001
110111110000110
001000101010100
110110111011111
001010111100000
111000111101100
000011000000110
000000110100100
001001001001111
111111100001110
001011101101001
000011111000100
001011101010100
111100010110111
001110110011100
000101010110100
000111101100000
111111011000100
001110011101100
000010011101100
001000001111011
111110110000010
001000101000101
111111111011110
001010110110010
110110010001010
001000011111100
111111010110001
000101100010110
111010101110000
000000000101100
110101000001010
000010011001111
111000001000010
001011011100001
000000101110101
000111100011101
111001111111000
000101110101001
110111101011010
001001001011101
111010010010110
000001011000111
110101101000111
000111011111100
111011000001101
000100010001110
111100010000001
000111011010100
000000001111011
001011011100101
111000111000010
001001011010001
111001010111011
001001000010101
111001110100001
000110010101000
111001111011010
000110111000100
111111010101111
000000001100000
111001100000000
000001111110011
000000001100011
000110010100011
110110000110111
000011100110000
110101110100100
000011101110011
110011000100011
000011000100011
111000010101000
111100100111110
111100101100011
111110010111111
110101110111100
001000101010110
111011101001110
000100011011110
111011011110001
000111010001001
111100000110100
000000100111000
111010101101001
001010010011101
110110010011100
000000010000110
111010101000011
000100100010100
111000111101100
000110010001111
111011100010110
000010011000001
111000000011001
000101010001010
111000100100111
000010110010011
111011001101001
000001001010011
111001101111110
000010110110110
110111110001011
111111110110001
110100001001000
000011110000010
111001000111110
000110111011010
111010110100011
001001011100110
111100101110000
000111100011011
111001010001010
000110111101000
110111111111101
000000111000010
111010000001010
000110100000001
111110110111011
000000000001011
110100010100100
000111000011011
111000010001110
000010110110100
110011000010011
111110011011100
111011110101100
000011100101001
110101101101001
111101001000000
111001101011001
000001110000010
110100000111111
000100011011001
110100000011111
000110001110000
111011001101000
000010001110011
111001010001011
000111001010111
111110010111011
001001100111101
111100100011111
001000011010100
111010101001011
000000001111101
110110101101001
000000000110010
111001001011100
001010010001100
111111011110001
000110001110010
110111111111001
000101101010010
111111001011110
000110101011001
110111011101111
111111100010101
111010111111011
000001010001100
111100111011011
000101001100011
110101101100101
001001101010101
111100001010011
000111011000000
111000100010001
000111001011011
110101110111110
000010101110110
111100110100111
000000100100100
111110110111001
000110100111001
110111000001000
000110011111100
111001001001001
000111000100111
111001010110101
000010011000000
111001101010001
000110111001011
110110111111110
000010100101100
111101110000100
001000110000110
110101101000101
001010000000101
110110001111010
000010011110001
111110010101010
000000000000001
110110110010101
001010111000011
110101101011010
000001110101011
111000111101010
000110100011100
110110111111010
