001001010100010
111000100111111
000101011100110
110101100111110
000110100001000
110110101000000
000001001011100
111011001101010
001000000111001
111100100011001
000100111100011
111100000011011
001001011011110
111011001001001
000001100001110
110100110111111
000000010111010
111000100000100
000011001010111
111010100100000
000010000001001
111100000010110
001000110111111
110101011111101
001000100011010
111111000101101
000100010011011
111110101000100
000100100100100
111010010110011
001010011000011
111101010100000
000001110100111
111011010111101
000001110111011
110111101001100
000010101111010
111100111101010
000001111100000
110101000110001
000110010111010
111001000110010
000011110100101
111011100011011
000000100001011
111010110010100
000100101001110
111111000111100
000001011110100
111000001010010
000110010011101
111100011111111
000000100110001
111100000001010
000010110011110
110110110110110
000100111001000
111000111000111
001010100000111
110110100010011
000001100011111
110110010011101
000000111100110
111100100010111
000010111010100
111100111010111
000000010100011
111001101000001
000101011110010
111101010001000
000101000100011
111110011010011
001000100111100
110110001001000
000101011010100
110101111101110
000011001100000
110101001111100
001010101000011
111011001101111
000111001100010
111010001011001
001000010010100
111000001100111
001001110011011
110100111001111
000101110000000
111100100000101
000110111111111
111010111100001
000001110011100
110111010101110
000011010010001
111100101100001
000000010110110
111001100110000
000110011101111
000000011010101
000011010100110
000000001111011
000001111000000
111000011010110
000010010010000
111110010110110
000101100000111
111000100000000
000000011011101
110111100101111
000110100000010
111111111101000
000010000001101
111101011001111
000101110111110
110101101010001
001010011100100
111011100100001
001010010011111
111010111001111
000111110111001
111001101101001
001001001111110
110101001011001
000011010011101
111110101101111
000010110100001
111110111111000
001100110111010
111101110010101
001000001100000
110111010111110
001000011001010
111000011101101
000111100011110
111001010111110
001011011010000
111111010010010
000100100110000
111111110010000
001000110001010
110101000111011
000000011101110
110101001111000
000010010010001
111001101010011
001001110100010
111110000000110
001001010011010
110101010110111
000100010100101
111000100101100
000100010101000
111011110011011
000101110010011
111000111110101
000100111110101
110101111111100
111100000100010
110110011111000
111110011000011
111000001101111
000100011101101
110111001110110
000010011011100
110100100010110
000111000011101
111101001100111
001011010101110
110100110111100
000011111011001
110111010110101
001010110111011
111011110001011
001000011010010
111110110110101
001001100111101
110111100111010
000101011000000
111010000000010
000111101011110
111010110110110
001011000000011
111101101100001
000111010101000
000001010101010
000110010000110
111110111111110
000101111000011
111010110001111
000110100001000
000000101111100
001001000000110
110111001101001
001100111011000
111111001000010
001010101010110
111010000001101
000110001100010
110110001111100
000110001011111
110110100100110
001000100101001
111100110010100
000011100011000
111100001110011
001010101001110
000000111100110
001101100000011
111001101110111
001000010010111
000000100110000
001100100111001
111100000011101
000011111100101
111111011010010
001000000011001
111010000010000
001000000100000
111011111101101
001010111100101
111011100100100
001101010100111
111000100000010
001000000100000
111000000011001
000001100011001
111010001011011
000011001101010
111001001010111
000110100010001
111001010101110
000111111010001
111111011100011
000110000010000
110111101011100
000100101000111
000001011001101
000101010011111
111111110001110
000100010001100
111110000001101
001000111011101
111001001011101
000100010010100
000011100011000
000110101000011
000101110011111
001001110001111
000000100001000
001101110011111
111100101001011
000001110010011
111010011011111
000101001000100
110111101011100
000010011101011
111010000110100
000011101100101
111100100010110
000101000101100
111010011100000
000110010100111
110111100011011
000101001110011
111001101100111
000110011100110
111111001011110
001011111111000
110111010101011
000011110011001
111110000101101
000110110110010
111101000011011
001010111001111
000010110101111
001001100010011
111101010010010
001001000110111
000011011000001
000010010100101
110100111011100
000110100010101
111101100101100
000101101011001
000000011001110
001011111111111
111010100010101
001001101001001
000001110110011
000101100111111
110111010111110
001000001101111
111011101111010
000111100011101
111110000110101
001010101101100
111110110100101
000110100111010
111010111001111
000110100011001
111100011011010
001001110000011
111110101011101
001101110111000
000010100001000
001110010000000
000000110001110
001011010110000
111110110111010
000010110010010
111111100101111
000001010101010
110111110011111
000101001101010
111101000010111
001101110010110
000100010100111
000111111000110
111111100111110
001001011011010
000000010001111
001001110110100
001001000111000
010001011010110
000111001100101
001000000110110
000001111110101
001000001010110
110111110011010
000101000110101
000100100010010
000100100001110
111011001011000
001010100011111
111000101001100
001000111111111
111010011000011
000001101000001
111000100001100
000111000100000
111101000010101
001011001000111
111101010001010
001000000101111
111100001111010
000110001111110
000101110011110
001011010101100
000010000110010
001101111010010
000110110000010
010010010111001
001000111000011
000011011001010
000010111101100
000100101111100
000011011101111
001010001001000
111011111011000
001000101110000
111011010001101
001001101111101
110110011111011
001010001100001
111000110100000
001001001010111
111000110011101
000001110111101
110110100110001
000110111110100
111010100001101
000100111101110
000000101110001
000100011010011
111110101000001
000101011111101
111110011000101
001100110110010
000111100010111
010000000011001
000110011001000
010000100111101
000000111011110
001000010100011
111011000001101
001011000111111
111110011101011
000111000100010
110000110101100
000001011011001
111000110101101
000011000000000
111011111100011
000101111001100
111110001011001
000000000100000
111100111001100
001010101001101
111110000110101
111111001111010
110111101001100
000000111100111
110011100001011
111110111111100
111010011100101
000100000011011
000100101010111
001011011001000
000000110110101
001001110010100
000000010000000
000100011000100
111110111110101
000001111100100
111100011100111
111110000000010
110100001010000
001000110010101
110101010001000
000111011011111
111011110001001
000101110110011
110101010100110
001000001110000
111111111101111
000001101001000
110100110011000
111101110100101
101101000111110
111011000101111
101101100010111
111001010100001
101111110110100
000001100011110
111111110111000
000110101010010
111111101010100
000100010011011
111100111110111
000111010111100
111011000010010
000011101101001
111100000000111
001001011011111
111100110100000
000001011111001
110100101111001
001001001011000
111100111101010
001000110011011
111001111111100
000111100011101
111101011100011
000110000100101
111000010101000
111100001001000
110001100000101
110111110011111
101110101000011
111100011110100
110100101001000
111101101111011
110100101011011
000110011100011
110111011101001
000011011100111
111010101011110
111111010111100
111101010011111
000101110111010
110111110010011
000111100110011
111000010101010
000110010110000
110110101001001
000110100010111
111111100110011
000101100110110
111010100011011
000011110110010
111110001010001
000000101111101
110010100100010
000010111111100
111001101000111
000001010001110
110010011000100
111001100001001
110001001001100
111111101101100
110010000110101
000000100100000
111011100010100
111101111001110
110111010001001
000100101100100
111101110101011
000100000101011
111101011010000
000001010000101
110011011110111
000001000110001
110010111011011
000100110100001
111101110010010
000101011101111
111110111010111
000011010100011
110111101010001
000111001001110
111000101001001
000100010001100
111010001011001
000101000110001
110111010100111
111110110010100
101111101101101
111100011110110
110110000110001
111111100010100
110111010101010
000011010111010
110100001010010
000100001110111
111110011001011
000100010110000
111000001011100
111111010000001
110010000100010
111011010111110
111001101101000
000110001101110
111010000010101
000010001110010
111111110001010
001001000000000
111010011101111
000010000000100
110110011101101
000111001111111
110111101001111
000011100101000
110111110110010
000000001110110
110100100011111
111100101011100
110011011011010
000011000000000
110101100011110
000011110000000
111110110111111
111111110100101
111010000011111
000011010000111
110101000110101
000011111011110
110100101000001
111110100110101
111100111111011
001001100010111
111001001010111
000011110111001
111011010010010
000001111100010
111010011100010
000100111001001
110111000001100
000010110010010
111011100100110
001000000001011
110110001010111
111110011110001
110001110001010
000001011011001
110101100111001
111110111001011
110110001110010
111100101000111
111100000010100
111111001011110
110101101111101
000010111001001
110110100101010
111100010011100
110001010101010
111101110010111
111100011111001
001000100010010
110110111111111
000010011001011
111000101001111
000100011101110
111001010110100
000001000100000
111010111100001
000100101011101
111011111000100
000011100101011
111000111110000
111110010000010
111000111010101
000000010101010
111000101100011
000001110001100
111011010011001
111100001010100
110001111101000
000010100100000
111011101011000
111111101011110
111010111010101
000001011101001
110000000100100
000010011110101
111100110101010
000010111010110
110111010010100
000100100010100
111111010011010
000110001101001
111000100001111
000111011000010
110101111110100
000100011011000
111000100001010
000100000111000
111000100101100
000010101110111
110011110101100
000101011100000
111010011101001
000100111111011
111000100001100
001000011110111
110101111011100
000101000010010
110000111100100
000100001101111
110011011010001
111010111011101
111010011101000
000101101100001
110101000111010
001001001010010
111110001001110
000001011101110
111110111010110
001010011011000
111001110101001
000010101100010
111011011001010
000011101100111
110111111110000
000101001000001
111000011000100
000010010001011
111011010100111
000110000010100
000101010111010
001001010101010
000011011100000
001001011100011
000000101010100
000000000110001
111000111000000
111111001010011
110011001101011
000011001011010
110011110101111
000110010001101
111001001101111
000000010000001
111100100010100
000101011101001
110110011110101
000101011001100
111001100001110
001011100100001
111101000001100
000101011111010
000011001010010
001110101111000
000000110111110
010000011011000
000001010000111
001111010000011
000100010100100
010000001110001
000011010110100
001100111011111
111111100000001
001001110100001
000000100100010
001011011101100
111011110101110
001001100111010
110101101100000
000101101000101
111100101001110
001010000000111
111110011010001
001001100011001
110101100110111
000101000011010
111100011001110
001000111010111
110110011101110
001100001011010
111010100110011
001000010111010
000100110001000
001111011110000
000100001010001
001100010101100
111111110100101
001111111110000
000100111100001
001011001010110
000101010001101
001011001111101
000010111100011
001101011000101
111010100011110
000111010110010
111000110100111
000011111010100
111100101100000
000110111111100
110110100000001
000110011100000
111010000110100
001011000101110
111011001101110
000101000110001
111011000101010
001000111101111
111110000100111
000100111101001
111000111100001
001100000101010
111001111101100
001011000000111
111001101101000
001101110000100
111111010010011
001000111011101
111010101100101
000110110001101
000001000011100
000000111101001
111001101100111
000100000001000
110110101001001
000100110110011
110111000001101
000101110100111
110111011011011
000001000011000
111110010101011
000110110111101
111000100001000
000111100100000
111001001111100
000001000101000
111110100100101
000000100010001
110110010111100
000100000110011
111011100010110
000110110010110
111100101110111
000001101100111
111011100011111
000001100100001
111111001001000
000111111010110
111000001011110
001001011010111
110100110110011
001001001001000
110110011110010
000111000110111
111110111011010
000111110101110
111111010000011
