000111011000100
110110011101001
000111100010001
111010010001000
001000101111101
110110001011011
000101010111100
111110011110101
000101011011010
110110010101011
000010010101110
111010100001001
000110110111110
111101011111110
000110110001101
111010110110011
000111111011111
110101000100101
000110001101011
111000100111000
001000101101001
111100011010000
000001011011010
111100110100110
000110011011111
111000010001101
000001000101100
111010000000010
000011011100001
111001111010101
000101001101011
110101001011011
000100011011011
111110011101010
000101010001100
111101111001010
000000001011100
110101010011011
000011010111001
111010011010111
001001000001001
111010000000101
001011000100010
111011000110010
000111101011010
111001010000000
001010000000001
111010111100011
000110011100001
111011000111100
000001010000001
111100000110010
001000100111100
111101010100100
000111000011101
111100001001011
001010011001111
110111110110110
001001110110011
111101010110110
000011000001111
111100001000111
000010001101011
111000001111101
000101000110010
111000001111011
001001000000000
111001100001111
000110000100001
111100110010010
001010001110100
111010110000101
000111000110101
110100100111001
001010010001001
111011011100010
000110100101100
110111011110000
001001111011010
111110010100010
000010100110100
110100111111000
000101100010101
111111111100100
000010011110111
111110100110100
000011111010010
111110010011101
001001100010101
111101010100101
000100000110100
111101101101111
000100110111000
110111001001100
000101011011100
111010101100010
111101101001010
110010111100001
000001001110100
110010001110010
000100111110011
110111110110111
000011001101101
111010100101100
000110011100010
111101110010110
001010111000100
111111000111001
000000011110000
110111101100100
000010111011001
111100110110001
001000001010111
110111100010111
000011001101010
110101010101011
001001110010100
111000010001010
111111100111010
110101001100011
000101010101011
110100101101100
000010100110100
110101010001100
111011101111110
110100110110001
000011010010010
111010010011100
000000011010011
111011010101000
111110011101010
111101001011001
000101111001011
111001101101010
000110111010010
111111110110110
001010110000011
111011111101100
000010101011011
110101100111100
000001100011010
111010011010011
000010010100001
110110000010101
000010000101110
111000011101001
000101110001100
111010001100110
111100011101100
101111110100111
000011011110011
110010101011110
000011100100100
110100000110010
000001101100001
110111000010010
000010010111011
110010110110011
000100101001000
110111001111010
001001000101000
111100110001100
001000000110110
111100011011101
001010100010100
111110111101011
001000001010101
111001011110111
000110101011110
110101101000011
000101101010111
110110111111101
000011000110110
110100110101001
000001110010100
110011011011000
111100001011110
110010011000110
000000100011100
111010000000010
000010000110001
110101110101111
000100101000001
111010001100000
000110111111111
111011000000010
000010101011101
111000101011111
000111000100011
111101010001101
000100111100001
111110110101100
001001010001101
000011011010011
000100011011001
110110101100101
000011010000000
110101101010111
000100110000001
110100011111010
000101110111011
110000011001111
000000101010100
110111101010110
000010010100001
110111101011000
000101100110101
110011111100110
000010100011111
110011100000011
000011010000101
111000100101001
000101111111000
111001100011011
000100000111000
110100011011101
000100101100000
110111101001000
000111110100010
000110000110111
001011001011000
111011010010010
001010111110010
111101101001011
000000110101110
111111011101011
000000010001110
111010001100110
000110001000100
110100100010101
111101110000111
110010100011101
000001000000000
110011111001011
111101000010111
110110010001011
111001101100110
111010111110100
111100000000010
110001000110001
000010110101001
110110110111110
000011100111011
111010111100011
000011001100001
111111011101001
000001101010111
111110111111001
010000001101110
111111011001001
001001101111000
111010001011011
000111010100101
111001110100010
000111100110100
110101100010011
000010100011100
110011011010010
111111101001101
111000000010100
000010101000001
111100011011101
000010111011010
111100110101011
111111011010111
110101110000101
110101001110100
101110110101110
111010010001000
110101011100000
111011010111010
111001001100101
000001111111001
111010101000100
000110000011110
000001000000101
001010010111111
111110101111101
001010010101101
110111011101100
000010010110110
111001100111010
000010010111101
110011111100010
111111011000010
000000000101000
001001010001100
111101000101000
001110011111001
111111001101101
000111001010000
000000010110100
000111110100100
111100101111111
111111001000111
110010010001010
110110001100011
110010011110010
111111110110001
110111000110011
000000010101111
111000001111000
000111011101101
111101101001101
000111100110000
000001011001100
000101100001011
110111100010001
001000100100011
111101000111111
000101001111111
110011010010111
001001011100011
111011000001010
010000011110100
000010011000010
010001101011010
000100001101101
001110100111101
000001110000111
001111100101000
000111110000101
001110111011011
111110110011101
000000001111001
111001111001011
000010011000111
111000110101011
111101100000010
111100100101000
000111111110110
111001101001100
000111011110101
111001101101101
000101101011001
111110101001011
001010100011110
110101110100000
001001011010101
110111000011110
000010111100111
000010100001110
010001110100110
000100010101100
001100101001111
000110001011100
010010100010111
001100010100111
010100100111011
010000100010000
010111010100010
000111001111100
000100101111001
111001010110111
000100101100100
111001100100101
000110001101001
111010010000000
000010000110011
110110100010000
000101100110000
111100001000011
001001101011011
111100000101111
000000110011111
111100010100111
000100101111101
111111001011100
000101001101011
000011101111110
010010001101000
001010001000100
010001010010010
000111010100111
001010110100101
111110110100011
010001000101100
001001101101100
001111101100110
111110101111101
001011010010100
111001100111000
001001111111100
000001010101110
001100111011010
000000010010100
000000001100100
111000111110011
000111011011000
111010011100101
001001100010011
111000110101100
001000011110111
110111110011110
001010100100000
110110010111011
000010111100101
000000011110000
010000110011010
000011100111111
001110001010110
111101000000001
001011111100010
111110100010100
001110101011110
001000110100000
010000000001100
111101100111111
001000110111111
111110010110100
000011110110110
111101010011110
000010101101100
110100100001011
000000110110111
111010011100001
111110000011111
111011011111010
000101001110011
111111111100011
000111110101110
111011001110100
000110110010010
111010010101010
000001001101101
111001100011001
000010110100110
111100110000110
000011010010011
000000101000011
000111001111111
111101000110101
001110100000101
000111010001011
001011001001110
111101101110111
000111110110100
110110011001001
000011110111010
110111010111111
111100101101100
110100100011100
000010001001010
110101011110111
000000100100101
110101100011000
001001110011111
111100100110011
000000111000110
111010011101001
000011010001111
110110100110110
000111010001100
101111111100000
111010100101110
111100001000101
001000111100000
111110111100010
000111010010010
000000010101100
010000011101001
000001111110010
001011001111011
111110101100100
001010100100010
111000001101110
111110111000010
111000101111111
000000011001110
110011011101000
000011010011000
110011000100110
111101100100110
111010110110111
000110000000001
111100110010011
001010110010111
111001011100110
000110011010100
111110000111011
111011100100101
101110001111110
000000101001110
110010010111000
001001001011100
000100000011111
000111000100101
000100100110100
001111100011110
000011010101100
001011001011100
111011101001110
000000100000110
111001111101101
000011111001111
111011001100101
111101010101010
110110110111000
111111001010010
110101000101110
111101110001011
110001101111011
000100101111010
111100010010100
000000100001111
111110010001001
000110110100111
111101111000101
000001101010001
110101000110111
111010011011000
110010011111100
111110011001100
111001110001010
001101100110101
111011000111000
001100010100111
110110111011000
000010011100010
111001110010110
000010010001011
111101000100001
000101000010110
110111111101001
000001100000111
110111111010001
000000110111010
110101011110000
000101100100100
110100001011001
000000000110101
111100111101011
000110100100101
111001110001110
000110101110001
110110011111110
000001001000000
110110100000011
000001111110100
110101010000110
111111110111101
110111010110110
000000011010100
110110101110100
111111100011101
111010000001111
000001110001001
111011100101111
001001100100110
111010111001011
000010000010110
111011010000010
000011011111000
110011010111000
000011010110000
111010101101101
111101101111111
111100011110101
000100101110110
111101111100001
001000100001101
111010011110001
000101001000001
111010010011010
111010100000111
110111011100111
000100110101011
110100011001011
111111111111000
110101111110101
111101010111001
110000110101010
111101001111100
110111110101111
000001001000111
111000000101100
000111101001101
111110001110110
000110010101001
110110100000110
000111010010111
111000000100001
000110000111010
110101110001001
111111100000001
111001111000011
000110000001001
111001111100011
000100100111110
111111100110011
001000000111011
111100111100000
000010100111011
111001000100111
000001001010010
110110111001110
000000100011111
111010000111101
000001100000000
110101010101000
111110000110011
111000100000100
000000111100101
111011101111100
000001101101011
000000010011010
000011011000110
110101010011001
000100001000010
110101011100111
000001101101011
111001010000000
000010001110110
111101110001110
001001110110100
110110111111111
000100111000101
111010110110101
000011111001000
110110000111000
000100110010010
111101011101111
111101011011110
111011111010111
000001011101011
111010000010101
000111010001010
111011000101100
000010000011000
111110110101001
000110101000001
111100000001011
000110000111011
110111110111000
000111110101000
110110111111101
000000111001111
111101110000000
000100000110111
111001111010000
111111110101110
110110110101111
001001100010110
111010011101110
001001110011010
110111101111010
000011010001110
111100010110010
000010001101000
111000101110111
000010000110000
111000001000011
001001110010011
000001000001110
001010010110111
111010000011010
001001101010000
111110000110100
000010010101001
110110110010110
000110101000010
000000100111110
001100100100110
000011101101010
000101111101011
111001010100000
001010000000111
111110011011011
001000101000100
111100010010110
001000011101000
110110100010110
000001011011001
111001010001110
000011110010010
111111111101100
000011011010100
110111110110001
000011011100111
111010100000000
000011101100101
111100011000110
000110010111111
111001000010010
000110010110100
110001110001110
000011010000111
111001001011001
000011001000010
111101010010110
000100001010000
111100110000000
001011000001101
000001010100101
001010100000110
110111110101000
001000110101101
111001011010110
000001010101011
111001010110101
001010001010110
110110001100110
000100111001111
111111101110100
000101000101000
110110101111110
111111111011010
110110110101010
000011001111101
111011101011110
000011110010101
110111000101111
000101111111110
110101010010000
000001001011101
110111110000001
000101000111011
111000011100101
001000111001110
111000100110011
001110000110000
000010100110100
001000000110010
111010001001011
000001100110010
111100001111000
000101000011101
110101011110100
001010010000100
111001100001101
000101111110001
110110110001101
000101000101010
110101010000010
001001111001011
110101110010010
001000000000000
110110101001111
000110110110000
111010101111001
000000001110100
111011110111101
000100010111000
111010001000000
000011101000101
110111000111101
000011100010010
111101010100110
000010011110110
111100000001111
000000110010110
111110110110110
000100101110111
111001000000010
000111111010010
111001101001110
001010101111010
111110001100010
000101101010111
110110001101001
001000010010001
111111100011110
000111110100000
111101110010101
111111111110000
111001100010111
000000111110100
110110110011011
000100001010101
110101100100101
001001000100101
110111001010011
001001111011011
110110101001100
000111110101100
111000111100110
000011010110101
111100010110001
001001000110111
111010111011101
001000001000111
110110010001110
000110010101011
111110010101000
