000000010010011
111110111000001
000011011001011
111100111000011
001001100101000
111001100100101
001000000001001
110100111111100
001010011000110
111111111010010
000101011010000
110111110111111
000011010001111
111001100010001
000110111010011
111100111100010
000100011001100
111010000001100
000001011010100
110111110101001
001000110100000
110101000111000
000101111001010
111011010110000
000111001111011
111001110100100
001001111111010
110110101011010
000010000111110
110101010010000
000010110000010
111101100101111
000000101001001
111001110110010
000101011100001
110101101000111
000001001010111
111101100100111
001001111010111
111111011000011
000010011000100
111011101010001
001000100110001
111010001000100
001010100000111
111011100010010
001000110000000
111100000110001
001010010111000
110101110100001
000000110101011
111000000000001
001001111001000
111001010001001
000001011100110
111010000100011
000001101101101
111111110000111
000100000011100
111100001010101
001010111101001
111001001100001
000110001100100
111111010010111
000001001111101
111110111010011
001001100110110
111011101110110
000001101111101
110101000110111
000001101011011
111000111011011
000000111101001
111101110011011
001010010110011
111101010011000
000100111110001
110110111100010
000101100011000
111011000010101
000111100101000
111001010110000
000001100100101
111001101001100
000010001100001
111100111110101
000001000101011
111100000110010
000011010000011
111010110100111
000111100111100
111100010101101
111111101111100
111011011010000
000000100101001
111010001011100
000000111111101
111010010011100
000010110000111
111000000110001
000000001011010
110110010001100
111111001110001
111010011111001
001000011011001
111110001011111
000011101110110
111001110001110
001000010011010
111111110100000
001001101110011
111010100111000
000110110001110
111111111001111
000000100011001
110111000011100
000011010011110
111110010100100
000001101010110
111001100111000
000110011001011
110100111100100
000111110001101
110110000010000
111101001001110
111000111101011
000100111110100
111001000111010
000011101110011
111101011111101
001110100000010
111110101110101
000011110100100
110101101100101
001000110101100
111101101110010
000000010001111
111100100111011
000110101111111
110110111111001
000011011101110
111010100100110
000011001010011
110101101101010
000101100100010
111100101010010
001000010100010
111000100000000
000110101100101
110111000101111
000010110000111
111011101100100
111111011110011
110100100010011
111110111101011
110101001001111
000011100010110
110110111001101
000001110101101
111011011010011
000011100011111
000000101011111
000011110000011
111111111111001
000011100101000
000000011010000
000101000010101
111110110110101
000011011110111
111111001111110
001010001000000
111001000111110
000110100100001
111110111101001
000111001010110
000001010100110
000111101010001
111110010000010
001001010111100
110111111100010
000001100010111
111111101110101
000000111001001
110101001011100
000100011000010
111001101001100
001000000101010
111001101011110
000111110000101
111010100101111
000111011000101
111101010011100
001100001000000
111010110010100
001001100100110
000000000011100
000110100011111
111101011010110
000001001000110
110110011000001
000100000110010
000001011001000
000110101001101
111010110110110
000101000011000
000000010101100
001001101010011
111001111101010
001010011000001
111110011110010
000111010101010
110111010000010
000110101100111
111101011001001
000100100100010
000001010001110
001010011101100
111010010001001
001010111101100
111111101110011
000111111011111
111111101101100
000111101000000
111010001111101
001000111110011
111100001000111
000101111110011
111100100101001
001000000110010
111001101101000
000100011101001
111001011001100
000111010011010
110111111101001
000111111100100
111001101011011
001100000000110
111001101011101
000100001000001
111011010000100
000101000111100
000011101100100
001000001100011
111111010011111
000001111101000
111001011011101
000101000011001
111001111110000
001001110111100
111111011011101
000111111000111
111101001000110
000101110011010
111101101001111
001001001011001
111101110111101
000111011001100
111100111000110
000110100110100
111100110000111
000111111001011
110111101100100
000010101110001
111010011100010
001000111111100
110111110010100
000010111000101
111100100110101
001001111011010
111011111010110
000110000110101
110111001110111
000100010010111
111101111011011
000000100110101
111101110010100
000011001001101
111110000010011
001001000100110
110111100011111
001000001000100
111011100010111
000000110001101
111110101000010
000111111101001
110110101100001
000001111110101
111011110010110
000000001000100
111100110000111
000010101000000
111100010010000
111111010101100
111001110111100
000100001110101
000110111010111
001000110101011
111011101001000
000001101000010
111010000000000
001101010000001
111011100000110
000000101111110
111011010110010
000101110101011
111101101100001
000011010010100
110110010001011
001000011100001
110101001101000
000111101010000
111011111101001
000101110101110
111000001110111
000101100110100
110100001011000
000001000101110
111001100100110
111111111010001
111011100010011
000101001100011
111000100000001
000101111100010
000001001100010
001111000111000
000001010001111
000101001001110
111000010111101
000011010011101
110111100011100
000000000000010
111000101100110
000011110100111
110110110001110
000001011010010
111001101111110
000001110011001
111100101101111
000101000110011
110110011001110
000101000100100
000000010011011
000100100100011
111011011010000
000111110110111
111101111011101
001000001000011
000010000111011
000101100100100
110110010111101
001001101101010
111110001010110
001000110100011
111111000111001
000111110011010
111111011110101
000001010100000
110011010100010
111010000101110
110010011000100
000100101011100
111000010001001
000110000000110
111000100010001
000101101100000
111000111111111
000010101001000
111000101111011
001011100100001
111011110011101
001010010000010
000010101010100
001001111110000
110110010011101
001001011001100
111100111011000
000000101010001
111001111011111
001000011000110
111110100100000
000111100110010
111110011111010
000100111011000
111010101100110
000011100110100
111011110011000
000011111110000
101111110110010
000001110011001
110100100111010
000101000111000
111100100111111
000111001000100
111111111110011
001010111101100
111110011001101
000111001110001
000000010011111
001101001111010
111111110001111
001110100011101
000001110000110
001010011101110
110111110110011
000011101011011
110111000110001
001001110111010
111110000110001
000110000100111
111101010010111
001011000011011
111110100101010
001101101111000
111111000101101
000001111010110
111010001100000
000001100000001
110100011010100
000011101101000
111000000110001
001010110011101
110111000100100
000000010110111
111001001000000
000111100001011
110010011000010
001000000110110
111100010100101
000100100111100
000001010100110
000111110000011
111101100100000
001111110111101
111001110001100
000110110011110
000000111001010
001001110000010
000010001110000
001100000111001
111110101111011
000111111011011
111111101010110
000101000001000
110101110010111
001000010001111
111011011110110
000011101000110
111110110100010
000011010100110
111000100010000
001001110001111
111100011101100
000010101100011
110001100000100
000010110110111
110110100100100
000101100101001
111011101010011
001101001000000
111101101100111
001010000100011
111011100110111
001010011111110
000000000110001
001001001111010
000000010000111
001001110001011
000010111010110
001101000101001
000001100000101
001001000011100
111110111110111
000111000111001
110100111001111
001010001010101
111000101110100
000001100110100
111101000010001
001001010010000
111011010111100
001000001111000
110010110010001
111011101001101
101110001000101
110011111001011
101110100011001
111111001111010
111000011111101
111110111010001
111011110111000
000010001011011
111101100000100
000100100110000
000001000110110
000101111101001
110110110001011
000001111001100
110100010001100
111111000011110
111001001010001
111100111010001
110101000101111
000100100100100
110110011100101
000111000010011
111011111010000
000110011000000
111001100010010
000110111000111
110110000000001
110110011010100
101011111100001
110000100001011
100111100100010
101011111111010
101101100100100
110011010001001
101111001000111
000001111000001
110101101100001
000010000010001
110111110110000
000111011110100
111000001000001
000010101010100
110111101110001
000100111101000
110000110001011
111111110110101
110101000010100
000100101000001
111011100110001
000110101010101
110110101011011
000011010110011
000000011011000
000101000001111
110110010110000
000100111000101
101110010011100
110000000110110
101101000101110
101111100100001
101001011011001
101101011111111
101111001111000
111010101001000
110011001111100
111101001010111
111001100101111
111110101010001
110111001110010
000110111010110
111010011011000
000000101101000
110110111100110
000100010110011
111101110010001
000100111000001
111111110001001
001010011011010
110110100101010
000100110010111
111011101101011
001010001110010
110111111011011
000101101001000
110011110001110
000010111100110
110011110001110
000000001110110
110011011010001
111100111110011
110110000110010
111101010010000
111001010101001
111111000110110
111010111011001
000100110000000
110101011100000
000110001111001
110011110001011
000011110011010
110110010101011
111111111001100
110100111111101
000000100001000
110110101100100
000001000111011
111010101010001
001001011111011
000000011010110
000110010010001
111100000100111
000010101011110
110101110101010
001101000001111
111111011100000
001010110100000
111101001111111
111110111101100
110110101100000
000100000111001
111011010111110
000001110111110
110101011111100
000000100011010
111011111011100
000001011010001
110101011110001
000001001010101
110100110110101
000110101000110
110110001110011
000110001100010
110111000110011
001001011101111
111001010110011
000111000101100
110101101111010
000010100001000
111011010001000
001000001000011
111011001100111
001001010101101
111111001100011
001001100110010
111101001000111
001000011000010
111001010101010
111101011101000
110101010010101
000111000111101
111000100101010
000111111011011
111000100110000
000101100000011
110000111000010
000111011100100
110100001100001
000111001110011
111101011000001
001010011001101
111100000100110
000000111101101
111010101000011
000001101000100
110110001101101
000100011001101
111100001010000
001100001100001
000000101101000
000010101111010
111011100001011
001010011011111
111000100011101
000011101000111
110010101000111
000011010001001
111001010011001
111111011001110
111001111011110
000001000100001
111110110100101
000001101010000
111100100010101
000011110011100
111101101110010
001010100011110
111010001111111
000001100011011
111000100010011
001000000001110
111111001101100
000000010000110
111000000111001
001001011101001
000011110100100
001110101010011
111110110001010
001011101101000
111011101111101
001001011011000
111100011100011
000011010000100
111100100011100
000010011000101
110110001001100
000001011100011
110110010011001
111101111010100
110111100011011
000010000001010
111011101000101
000010111100101
110101001011011
000001011001100
110101001000011
000001000001010
111110011011111
000101000110100
111101011001100
001001000001110
111110011000100
000100011101101
111001010011010
001110101100110
111011101101011
001111101101111
111110000000000
001010111110011
111011101010000
001000010101100
000001111111000
000100000111101
110111101110001
000100111001001
111011011000110
000101001101111
110110001101010
000000011111001
111000010101000
000010000001110
111001001100111
001001101000101
111010000101000
000110010000010
111111100011101
000101100001010
111000101110001
000010000000100
110101011000010
001010000111100
110101011000001
000010001010000
111110110110011
001001110010111
000000000100010
000001111001000
111000010101100
001001100111000
111010110010010
001000100001000
111111001000011
001001000101111
110111100010000
001010010001001
111100010100000
000000100111010
111010000101011
000000110000000
111101110011010
000010011011010
111101100101110
001001001010000
111111000101011
001000011011001
111011110010011
000001010110111
111101010000011
000000010010110
111100101001011
000010001011111
110101111000001
000011001111111
111100100111001
000001010000101
111111000011111
000100101011010
111110101101001
001010001110000
111101111011111
000111011101111
111001100101001
000100000010000
111011100011101
000100100100101
111101010101010
000111110111111
111010100001010
001000100101011
110111011000010
000111101010100
110100111110111
