000010101111100
111000000010001
000110110110001
111110111101100
001010110001010
110110010010010
000001110111000
111010101010111
001000011110111
110111010010101
000000000101000
111001100001010
001000001111111
110111101010111
001010010101010
111110111010111
001000110100101
110101011001101
000001001000110
111100111011000
000010101011100
110110111011101
000001000100001
110111101000110
000011000110110
111110000011110
001010100000001
110111011110101
000001000101010
110101000000110
001001011101111
111100001011001
000111110000011
111010111000110
000100110111010
111000101011001
000011101000010
111001010001010
000001010111100
111111001010000
000100010001010
111110100100100
000111101101101
111111000110011
001001110110010
111001011011110
000010010101100
111000011110110
000101111001001
111100011111011
001010100011111
110111011001110
000001010111100
111111100100101
000101110001001
111011100001110
000010010111101
111010111011100
000001110010110
111100100011001
000100110110111
111111111100001
000111010001100
111110100010100
000100111110010
111110100011011
000111110110011
110110010101100
000110101110001
110101000001011
001001011100010
111111000111100
000000001010100
111001111110100
000001111000010
110101000101100
000000011011000
111010111010001
000110010000101
111000101001001
000111110000111
111001111101011
000100100011100
110110110010100
000110011110001
110101101011011
000010011111000
110111001010011
000100001011101
111011101100100
000000111111100
110110110000111
000011110101010
110101101001000
000111100010101
110010110010000
000100011111001
110011011101010
000010011001010
110110001101111
000011001001001
110110110010100
000010011101001
110101010110000
111110010001011
110101101111110
000101100110000
111101101011100
000001000100001
111101110001000
001000101100001
110110100010111
001000001111001
111101111100001
000111011100110
111100011110010
000000110101101
110101100011010
000000100101010
111001011101110
000000001111101
110111100100101
111011101000011
110001110101010
000001010101001
110100111100010
111111100010000
110010000111000
000111000000010
111101000010111
000010101001010
111010110110001
001000001010111
111001000110011
000101101111010
111011000000010
000111111001111
110110110010100
001001000101001
110111010011111
000000010100011
111001011000110
000110111001010
110111010100000
000111100001111
111010100110110
111101100101110
110010001011010
111100001110100
110110001101000
111100111000100
110111010001101
000000110010100
111000100010001
000010010011111
111101001010101
001011100000111
111101110111001
000110010111000
111100010010010
001101111000001
000011001101000
001011111100010
000011001101111
000101101011111
111001011110101
000000111001111
110101110111000
000100110101110
110110001000011
000111100000000
111010010011010
000011011111100
111000110100101
111101011100000
111000010010000
111111111011011
111000000011001
000000111000101
111001000001011
000011111011111
111010100011001
000100101101110
110101111000000
111110010101010
111100001010110
000011001110011
000001111101111
001111001111111
000110000011010
010001101101011
000011010001101
001100101110011
111111011111111
000001000101111
110101010001101
001000101100000
111110110000000
001001010100101
111100110110100
001000111000001
110110011111011
000011101011001
111000101001100
000101110111010
110100100000011
000110111111110
111010010010010
111110111101100
110011111010000
111111111000110
110100011000111
111101100000000
111001011100011
000101101001101
111010111000100
001001010001101
111110111010001
001111101100010
000110101000110
001000010111101
000000000001110
000010101110011
111000010010000
000101000000011
111101100100011
000111011010101
111101010000001
000001110010010
111000000111110
000010001101101
111101001010110
000000011101001
111101000111111
001011000001100
111000100011001
001010001111011
111001100001100
111111001101111
111000110001010
111111011011000
111011100110111
001001001111101
111000110101010
001000011000100
111101101110010
001000111101010
001001100001101
001011010100000
111101100011001
001011101110010
111110110111010
001001101111100
111110100000010
001001100001011
111100110101010
000100010111000
111011010001001
000111011000101
111010111111011
001100001000100
111010001101001
001001101101100
000110100101011
000101111111111
111001101011111
000101011011011
111010110110011
000001010011110
111110100011010
000011001011101
111001001000000
000101111011101
000000100101111
001011110001110
000111111100110
001111101010100
111101101011001
001010011101010
111001111010000
000010010001010
110111010010001
001000001001110
111111111101010
001100011111000
111101011111101
000111100101111
111111110101100
001101111110000
111111110101100
001100111100110
000000000010110
010000000100100
111110110001001
001001000110110
111000110010000
111111011000100
110100011011100
000101011010001
111000000111010
111110001011101
111100001101101
000100100100111
111110110100000
001000110101111
111010011101011
000001001100010
111000000101010
000011111011101
110110011011101
000011101111111
111010011101100
001000111001000
111000111101100
001011011111111
111100111100101
001001000111001
000111111011001
010000001110010
111111100001010
001011000110111
000000010111011
000111100001100
111011111001011
000000110001010
110111011110010
000001110011110
110110110000000
111010010000110
110010101101001
000110101001010
111111111001011
001010110100010
111110110100001
000111100010010
111110010110011
001010010111101
111000100010111
001010010010011
111101111000110
000111100100111
000011000100011
001101011110101
000000101001110
000110001010001
111111010010011
001101000000000
111101101101001
000111000100010
111001101101010
001101011100110
111011001100010
000010010011110
110111110011111
000010010101011
111010101110100
111110001110101
101111111011011
000011101111000
111010101101000
000101100100111
111001111110010
000100011000100
111010011000001
000111110001100
111111110101111
000111100010110
111001001001101
001000100111010
111110101100101
001101100001001
111111110110011
001010000110001
111011101100111
001010000101101
110111111101110
111110001111010
111100000011110
000011010000010
110101011010110
111001000101101
110101111100111
111110100011000
111100000010100
000000110000011
111001111011110
000100010101110
110111101011011
000001000001110
111111011011101
000001100111110
110111101001000
000101111110000
111010001000011
000010111001010
111100110101100
000101101001011
111001000011111
001011111110011
111111100011101
000110110111010
111011000101001
001000011100011
111000000010100
111101011100111
110101101111011
001011110001100
111000100011011
111010111101100
110111100001101
111110101011101
111000010000011
000011100111101
111010110001100
001000011001100
111001010011010
000111011110110
110100011101100
000111010010110
111000110010000
001011000010101
110111000001011
000100011101101
111001011110111
000010101001011
111001100000001
001000000000101
110110100001011
000101111001011
111001100000001
111101001111011
101110101010100
111100010101010
111001001111100
000001010101011
110101110001001
111111000011100
110001010100111
000001101010111
110110101110000
000000110110101
111000010000101
000100100111011
111101010101011
000001111100001
110110001001011
000101010011001
111010000110010
001000110111000
111110100100000
000001101111100
110110010111001
001001011000011
111001110111000
000010010101100
111011010000111
111101010011110
111000101111000
111010000111000
110001001111000
000001111110000
111111111010010
001010011111101
110100111010001
000011000111010
110110110111000
000110110100111
111100111101010
000110101001101
111100111011010
000001010001001
111010001010111
001010100110001
111010111111100
000100000111111
110110010011100
000001100101101
110110011011001
000100010001110
110100010000110
001001110001000
111100001011100
001010000110101
110011011110111
111000111001101
111001101010000
111100011000010
111010000111011
111111111111001
111111111111111
000011000001100
110111111011101
000010100100110
111010001010001
000111111111101
111101111000011
000101000110100
111001110100011
000101111111111
111111110000011
000100111011101
110110111111000
001001101110001
111100010100000
001011000010110
111101001111011
000010001001101
111100011001111
111111011111110
111011010111110
000011101001111
111101010111010
111100000101111
110011111111101
000111110100010
111010011000000
000110101101001
000000000111111
000110011110001
110110000010000
000010101000010
111010110101001
000011110101100
110101010111000
000010000111000
111011111010011
111111101111110
110110000110101
000010101111110
110110110000000
001001010100111
110110110101010
000100011010100
111000010001011
000001100110000
111001000110101
001000110100011
111110001101100
000111111100111
111110101101001
001001111010001
111010101011101
000001101010000
111111010110011
000100001110001
000000111111010
000100110010011
111101111111111
000010001011010
110100111001011
000110010101111
110110011001010
111110111011111
110111000110100
000100100101111
110110000000101
000011111000110
110111011110011
000110001110011
110111101101111
000101000000011
111011110011010
000110010100110
110100000001110
111101001011110
111000110000010
000100000110111
000010100001001
000101110110011
111111101111010
001000000011011
111010010101000
000101001111111
111111000101010
000000011110011
110111011101110
111111111110111
111000110010100
000010101010000
110100000111010
111100101011011
110110000010111
000010110000110
110111010011111
111111000110110
110111000000001
000110000100010
111011100110010
000101011000111
111111000011100
000001011010000
110011110001001
000010010011110
110111101010001
001010110011111
111110001001001
001011010001001
111011100110111
001011000001101
111110011001100
000101101011100
110110110111000
000011010100101
111101101110100
000100111010000
111001000100001
000010000110101
111001000101010
000110001100100
111011001000010
000101110101001
111110010100010
111111110011101
110111000001110
001000111000000
111111100101111
000110000010110
111100010011111
000100011101111
111101111010011
000010101010101
111001110001010
001011111111111
111001111111001
001000110111000
111101100101001
000110010111110
111011001010111
001000111110001
111001000011110
000011010010001
111101010101101
001000010000101
111101010101010
000010100010010
111001111001111
000110101011000
111100011011010
000001100001100
110110011010111
000101000110011
110110001111110
001001000001100
111010010011101
000111000111011
111001010100001
000101110010100
111100110010111
001001011010101
110101111010110
000011001010000
111101010100111
001000101011111
000010101110100
000110100111010
111100010111100
001100011101100
111101010011101
001001010011111
111111000000011
001010111001000
111101101010111
001011000000111
111101111111011
111101100000110
111000100101101
000001100110110
110011111111101
000101011111000
111001000001000
001000000110111
110100111000001
000101010011101
111010000110010
000101011011110
111110011101111
000000110001000
111111010110001
000011011000100
111101111010100
111110011011000
111000111010001
000010011000100
110110101110101
000100100100100
110111000011001
000010110011010
111001000100111
000001010000101
111000110001001
000010000111000
110111111100000
000001101110111
111101101101011
001000000000011
111011001010001
000101001000000
111110011000011
000011101100000
110100110011110
001000011110000
111111011011000
001011000110011
111101011111100
000110011010110
111010001001100
000010111001111
110110111010110
000011011110101
110101011001010
000101000000111
111000111101110
000000000110001
111101000111010
000000101010111
110110100111101
000101100110010
111001100111110
000010000101101
110100011100001
000001000100011
111011111000110
000111011111001
111000110110010
000011011111100
111001110111100
001010100110101
110111000111000
000111101111000
111100111010001
001000111000011
111010111111101
000011100011001
110110111010000
000111001100101
110101100011110
000010001011001
111110001001000
000110101011100
111000100110000
001000100000110
111101000100100
000100111010111
110111111001000
000101011101011
111010100010110
000101011011010
111101001111111
001010010110101
111000000011110
000010010000111
111101001110000
001010100101001
110101011101101
001001010000000
111101000110111
000101011110001
110111010110001
000000100101010
111101111111110
000000100011010
110110100010111
000110111111100
111011101011101
000110111111100
111100101001001
000011010101100
110110001011011
000011110100100
110110010110000
001000000000000
110101010110010
000010110110000
111110111000110
001000000101000
110111100010100
000110101000001
111110000100100
000000000110110
111001100000010
001001011100111
111101011101011
001001001000011
110111001010110
