000101100111110
111111010001001
001000010000011
110110001010101
000010000101110
110101000000001
001010001000001
111010100010111
000001111101101
110110111001101
001000101001111
111010100001101
001010001001100
110110010011010
001010000011011
111111100101011
001000011100001
111110110000111
000111101001000
111100000100000
000100111111110
111111000011101
001000100000010
111000010101001
001000110101000
111101001101001
000101000011011
111001110000000
001010011101011
111011001000011
000110000101010
111011000111101
000101100110101
111100110111010
000011100010001
111000010101011
000010111110000
111101100100100
000010000001011
111011010111101
000000011010000
110101011101001
001010001101111
110101010000000
001001000001101
110110110001101
001010111010010
111001101001110
001010011101111
111000101010001
001010010010101
111011101111100
001000010010100
111000011010001
000000101110101
111010000101010
001010011000110
111010001110000
000000111101111
110110010110101
001010101001101
111000111100111
000011010111111
111011000101101
001010011010000
111001011111001
000010001111000
111110101011110
001001110010001
111101000000010
000111001110110
110110100001010
000011001111011
111010101011000
001001010011100
111111101000110
000100011010110
110111011111111
000111001011100
111100101111110
000100110010110
111001110000001
000111100010101
111110001001001
000010101000111
110111101110110
000111110001000
111110001011000
000010110110011
110111001001000
000000001100000
111101110111001
000101011101011
111101001011000
001000001011100
111100111111011
001010010110100
110111000100111
000101100111100
110111110011010
000010010100011
000000011010000
001000011001110
111101011110100
001000001111101
111100001111011
000101010100001
110101001101011
000010010010010
111111001000110
000011001101011
111001001000100
000111000111100
110101010000010
001000101100010
110110001110111
000111101111111
111010010111100
111111111101000
110100110111111
000010011001011
111110101010110
000000011010000
110110010010001
000000101000000
110010110101100
000101100000011
110111111001110
000100100101101
111011000111110
000001011000001
111000101001001
000110110101010
111001001000010
000001111110100
111110011110101
000001100101111
111010010011011
000010010000000
111100101010011
000110101100110
111010100010111
001010001101101
111101010010010
000100011011110
110110110011001
111111000100110
111010111001110
111111000101001
111011001111000
111101111011111
111000011100000
111111011110001
111011010110000
111110101111001
111000000111000
111111100010000
111111111111010
001011100010111
111010110001011
001000001010001
110111001010011
000110111000010
000001100100010
001000010100001
111011000101011
000011101000001
110111011000000
001011001010110
111010001010100
000000110001010
111000111011100
111110100000001
110001100010110
000100011011100
110101111101000
000011001101110
110010110000000
000100010010000
110111100001110
000100001001010
111101111100001
001000101111011
111111101011000
001001111111111
111100011110110
001001001111100
111111110100010
000011001010011
110110111110101
001010111000111
111001000000010
001010000000000
111111101100110
000000100110010
111011111011100
000110010111100
111011110000111
000001011001011
111000101100011
000110000100101
110111110010100
111010100010000
110000110100111
111110101001110
110011001001001
000011101110110
110111110011101
001011011001010
111010001000111
001101000100001
111011111100001
001011111001111
110111010001000
000011001100011
111000111101111
000001010110111
111100100001111
000110110100001
111011100011101
001101001001110
111101101111010
000111001101110
111001110101101
000100100111111
111000010001011
001010000001000
110010101010110
111010110101011
110111100011000
111110010100000
101111111010100
000000011000000
110110001010111
000110000101110
110110000111011
000001111000011
111011111011000
000100100100001
111110111001001
000111100101110
110100101101001
000100010110111
110110100011111
001001001011000
110111011110110
000011111100110
000000111111000
000100000110001
000001010111101
001001100010001
110110100000101
000100010110111
111010100111100
000011111100100
110100001001000
111011011110101
110100011000001
000011100000110
111011110000001
000011101010100
111010101011001
111110011010010
110111100011110
111100110011111
111010111110000
000100011111010
110110010000011
000001101111101
111001000000101
111110111001101
111010001100011
111111110010110
110011011101110
000001111001100
000000011010010
001011010111001
111000111011000
000010001011111
110110001011100
001000110111111
111111011011101
000111001101101
111010100000010
111111011101001
111000110010010
001001011000000
111001000110010
000110101010100
111010110010101
001010101100010
111010100000010
000000100101000
110100111100001
111000001011001
110100011000011
111010001100110
110100011010001
000001101101101
111000010110100
000010011100000
111100000101011
000111000001111
110111011011000
000010101010100
111111010110110
001000011010111
111110100110010
001000111000000
110100111111100
111110110101101
110110000111101
000101010001001
110110010001010
001010100100101
111111000000001
010000011110101
111110000010001
000111110001110
000000111000100
000000010101010
110000000001100
110001101010111
110000010110000
111101011111110
111000111010100
000010110110101
111101011101101
001001011111000
111001100101111
000101011010010
111100101000111
001010110110101
111100110011101
000001000000011
111110000011010
000011111011000
110110000100001
000010001011000
111011111010110
000101111000011
111101010100101
001011101100101
111100010011111
000110101000110
000011011010111
001010001011101
111111101111001
000101001100011
111011010001110
000001100001000
111000011000111
000110100100000
111111100110111
000101110000111
000000000001101
001100111001000
000000100100110
001011101010101
111101101000001
001010110000000
111101011100010
001011000000011
110111100000111
000101100100011
111110111111010
001001011001010
110100011101011
001010010000110
000001001110001
001110101100000
111101101011001
001100110010010
000010110110110
010000101110000
001100010011100
010001010111110
000100111000101
001101001010101
000001100001110
000111010011111
111101110010100
001000010011110
111110100101111
000011110111111
111011001000100
001001011101011
111011111100001
001010100000010
111110101010111
000101001011100
111001000011101
000011101001111
111010111100001
000011101101001
110101100000001
000101111111000
000000110010000
001101100001100
000001001011000
001100010001000
000010011001000
010001000100110
010000010110000
010001100011000
000001001111001
001011101110110
111110000000101
000111011110101
111101110010001
111100110000110
110100000111111
000111101010100
111011110010100
001010001001100
111001011100000
001011001000000
111101011010010
000111111011000
111000011001011
000011100001101
111101111011001
000011000100100
111000001001011
001000010011111
111111100111001
001101001100111
000111010111010
010010000100111
001000011111111
010000110001011
000111001111000
010000111100011
111001100110110
000101011111101
111110111101111
000110000010010
111100111110010
000010100101111
110111110001000
111100111111011
110001100111000
000001000101010
111111111101000
000001011010010
111111000111000
111111111111111
110100110110011
000010110000000
110111101111110
000111010011001
111001011001011
001100001011100
111101110111000
001101100111011
000101110111011
010000111111001
000100110110000
010001100101101
000100000101011
001011110000010
111001010110110
000001001111000
111100010000001
000001100010000
111000111101111
000100110110110
110010010110110
000011010101000
110011011101110
001001011001101
111101110110100
000011010100110
111100110000111
000011100111011
111010110000100
000010100101010
111011110010010
000100111010101
111010001110001
000011111110111
000101100010000
001100000000000
001001111011110
001011010001001
000111000100100
010000100100101
000001111110101
001001110111010
111001011011101
000000011010101
111010100101000
000111100010100
111100000110011
000010000110001
110101101110001
111101001010110
111011000010111
000001101100110
110100100101000
000110010000001
111011100011100
000001110011101
110100110100010
000101011100000
111001101111000
000100111011010
110110110111110
001101010101000
111100101111001
001011110100001
000111001110110
001000101100000
000110000110011
001010101100101
000011000111111
000010110100110
110101100111101
000101011100101
111101110001000
001000111010101
111101101000011
000010000011000
111101000001001
000100110010001
111001011110101
001010100011111
111000000011100
000101010000000
111011100001011
001000100001001
111110110111111
000111000111110
110100110110000
000000101110000
111100110111111
000111000110101
111111100101101
010000100011010
000000010010001
001001010011111
000100001100010
001001001111011
111001001110010
111111011010101
110110110010011
000100110011000
111000101111100
000001000100000
111100001011101
000101110101100
000011101000110
001001000010001
111110011110001
000110010101101
111011100101010
000110101010101
111011010101010
000010110110011
111111100111111
001000010011000
111111100010111
000001010110000
111001110001100
111111111000101
000001101001010
001011101110101
111111111101110
001100100011010
111101101100001
111111010110010
111000101000101
111111001100101
111000011010101
000101111011101
111100001111111
000001010111001
111100000010101
000111101011100
000001001100111
000011010110101
111100011011001
000101100000111
110101111000111
000111001010011
110111110001001
000100110011000
111101110100001
000001100001101
111000000101111
000010011111010
110100111011001
000110111100000
111101001001000
000101011101011
111011001011010
001001010000100
111011000011110
000100111001110
111001100110010
111111010110001
111011000000001
000110100100110
111010111110011
000101111110101
111011001011100
000010011101011
111001001111001
001101000100010
111101100010010
000100100000101
111111001010011
001001111110110
111001011111100
000000100001111
111010001010101
000011101101000
111010100000110
000111111010001
111010000001110
000000100110001
110011001110101
000001010000101
110010000100000
000010101110011
111011111111000
001001011000000
111000100001110
000101000110110
111101001011010
111111100110110
111000010110110
111111101001001
110101111001110
001001010000000
111110000000001
000101000010011
110111101110001
000100011101011
111101011011010
000100110000111
111011000011110
000100101001010
111100101000001
000000101000110
111010110001111
001001001010110
111011001000100
001000110010001
110110101111100
000010100111001
110101110001101
000001100010101
111110010011110
000010011110101
110111011010011
000101101110111
110010111010101
000010000000101
110111000111100
000010011010100
110010110101001
000100010010100
111110100101001
001011000110110
111110011001010
000111010010000
000000011110110
000101001011011
111001100100100
000100111100010
110110010101010
000000100011100
110110011100000
000001110101110
111110011110110
000010100110001
110010101110101
000001010100100
111000010010101
000011001100111
111010110101011
000100100000111
111100001101010
111111110010100
110100001100010
000001100010110
111000010001011
000000111000100
111010100101110
000110011101101
000001110100000
001000000010111
000010101111111
000110001001001
000000001100001
000110001111000
111000001001001
000011000110001
110100110100000
000011011001101
110111111111000
001001101010011
111011111111110
000110001111100
111111011000101
000100011101001
110101010110101
111111000000010
110100110000011
111110101101001
110101000000001
111111010011011
110110001011100
000010000100100
110110101000001
000010011110101
111100101010100
000001110010101
111101001011100
001011011101110
111011010100110
001000001001101
111111010001111
001000011001101
110101111111101
000011010010001
111100101001011
000110111001001
111001100111100
000011010101111
110101101101011
000011100001111
111110101011000
000100001010100
111000001110000
000100101101101
111011000001000
001000110011001
111100111101011
001000111100110
110101010101111
000101010010110
110011011001100
000011110101110
111010110010111
000110101100010
110111000111110
000110011111111
000000000101011
000000011010100
111011100101011
000111111100000
111000110100000
000110000010001
111010110101111
000110000101010
110110101011110
001000100000110
111110001110011
000100100000000
111111010101100
000000111001111
111000100100111
000010100111100
111100000011110
000110000010001
111010111011000
111111111110110
111011110111011
000110010000000
110110110100110
000001011000101
111010101011110
000110101100100
110111011101111
000110100000100
111001010101100
000011011101000
111101010011111
000110111011001
111011110001001
000111000110110
111100010101110
