000101111110010
111101010001110
000110001100111
110111010011000
000001000111001
111001111100001
001000101001101
110110101001001
000100111010000
111101110001100
000000001000100
111001001110001
000110100101010
111011011101110
000101100110111
111001100001000
000111001001101
111001100100010
000001000100000
111101101010000
000000011000100
111010111010110
001000100111011
111100110101000
000101000111100
111010100011110
000011011011001
111001000010011
000111101010111
111111011010000
001000011101010
111101100011101
000011010100010
111100100010101
001011001001011
111011100100101
001001100001010
110111011001111
000010100101011
111100110001110
001010110100110
111101010010001
001010000000100
111001110011011
000111010000010
111011100101110
000001011111011
111100110011000
001010110101111
111101011100101
000101100011000
111111111110010
000111101000101
111101000010011
000011001100101
111110011100101
001000011001111
111001011000001
001000100001000
111011001000001
000111001101110
111010001110101
000111010100001
110101011110000
001001001110101
111000101111010
000011110000110
111000011101100
000100101011000
111001101010111
001010110001110
111011101111111
001001000111100
110110100000101
001010100000101
111010111000101
000010110011000
111111001110000
001000010100000
111101100100100
000011010101100
111101010101111
000010011101010
110101000001111
000101100111110
111010010110001
000001010100101
111101001011010
000001000100111
110110001010010
000111101101011
110111101110100
000100011011001
111100001011001
000111100111010
111101100100011
001011000111111
111111111000101
001010000100001
111011100110110
000110101100011
110110101001110
001001000011110
111011101011011
000111111100110
110111111000010
001001011111110
110101010010100
001000111010001
111001011001100
000001111101000
111110111101101
001001010000101
111011100101111
000000110011110
111100010100100
001010000100010
111101110111110
000110100001011
110100111000111
000000110000011
111100111111101
001000001011111
111010101110110
000110111010010
111011101100011
001000001011010
111001111100100
000101010011001
111010000000010
000000010010111
111111111010001
000100110010011
110111001011001
000100101101000
111110101010110
000101110100010
111101001011101
000001000001111
111100100001010
001001011011110
111101000001010
000100100001001
111000100000011
000111011001001
111010101010111
001011001101001
111001110101101
000111101000110
111001110010000
000110010110011
110111110110110
001001101111000
111101101000000
000011100100010
111100010011010
001000101101101
110110101011101
000001000111000
111110101100110
000101011000000
000000000001110
000010010010001
110110101001101
001001100111000
111001110100010
000000000111010
111011111011000
001001000011100
111110110111000
000111100011110
111000101101101
000100001100001
111111001110011
000011101010110
111111111010010
000110100000101
111100110011101
000110111001000
111101101111000
001010011000011
111111101101111
001100100011000
111001100110001
000110000110000
111111001110110
000011000011110
111111000100100
000000111111111
111110000011010
000011110100001
111011001101101
000011101101001
111011011010111
000011111110101
111110001111111
001010111000101
111011111010110
000101110101000
110111010000110
000101010111101
111110000001010
000101000100000
110111010001101
000011101101011
111000001101110
001010001000111
110111000000000
000001010000010
111100011010110
000010010101011
110111001000101
000111111110111
000000111110111
001000101111101
000000100001000
000010100001110
110110111000010
000010011111010
111110100101110
000010001010111
111011100110101
000111011101000
111010110010111
001001010001010
111111110011010
000110111101000
110111000011000
000100100000101
111110101010100
000110111101110
110111010001011
000100011111010
000000100000001
001000010100001
111001111000001
001001100110011
111011100101010
000110100100010
111000011000100
001100010101000
111011100010011
001001101101111
111010011101010
000110110100010
111011100011011
000111011011110
111001010110010
000100111011101
110111111110111
001001010100111
111001101110000
000001101100010
111010011101011
000000010010100
110100111111111
000101111101011
111001001000101
001001001100110
110110100110101
001001010110010
111100101000001
001001000001011
111111100011000
000101010011011
111100110111101
001001111110110
000000000110011
001011111110000
111110111111001
001011110000101
110110101100011
001001000011110
111000101001010
000110110100001
111110101101010
000011001010100
111110100111101
001001000110111
111000101010000
001001110101101
111000110100111
000010011100000
111111101110000
000001110010100
111101101001100
000000011011100
111001010000010
001010011000001
110111110011101
000110110111100
111001110100101
000011000100000
111110011000101
001010110001101
111100100001110
001001010111111
111011000000110
001000100011010
111010000101001
001001100000111
111010000001111
000111101100011
111011110011001
000100001001011
111101111111011
000110010110010
111001001110011
000011101011100
111011110111011
000010111011011
111101110100011
000000011101001
111010111101111
000010111000000
111110110100100
001000100110000
111101110111100
001001110001000
111010110100100
000001110101010
111101111110101
000101010010000
000000100110010
001000100100101
000000001001001
001001000110101
111101110110010
001000001111001
111100110100000
000000100000111
111100000011001
001010101000110
111000110100011
001000101100110
111100110010110
001001011111001
111100010010100
001001111111011
111110001110010
001000001111111
111110100011100
000100100010110
111000100101001
000111100110100
111001110001101
001010101011101
111101101101001
001011000000110
111010101001000
001100111110001
111000010011111
001100010010010
111110011011100
000010000100010
111010011101101
000100100011110
110111110000100
001010101011100
000000000111010
000001001000011
110101100111011
000100001110101
111111101010111
000110101011000
111110010110100
000011100011110
111011001101111
000101110010101
111101111010011
000111001001100
111110011111111
000100100000101
000000101111001
001011011010000
110110110011001
001000100000100
111001111001101
000110001101100
111101000011000
000110000010001
111110000101011
000101011101001
111100101110100
000110110011011
111011001011101
001011000001101
110101110001011
000010101010010
110110001100000
001010011100110
111100011011001
001001001110110
111100100100101
000011111010100
111011011101110
000101011111010
111000110100100
001001111010011
110110000011011
001010011110110
111011101111001
000010111001011
111111000110010
000111000110111
110111010001011
000101010101010
000001101001110
001010010110010
111011001010100
000111101001110
111111010101011
001010011110000
110101100000000
000101101110011
111011000101011
000100111101011
111011000111110
000100010110010
111000101011101
000011101010110
111100011100110
001010111001011
111110011101011
000111010011110
111100110111001
000110111111111
000000000001010
001100001011101
111100110001111
000010000000011
110111111111111
001011111110010
000001010000101
000011111010001
111110010010001
000011010001111
111101101101010
000110100111011
110111011110110
001010100010100
111111011011010
001011001011110
110111011100000
000000110011011
111010111111101
000010101111000
111010100001000
001010000010001
111000111101011
000001100110101
111101100000000
001010101111001
111111000110100
000100111011101
111010110001001
000110010100110
110110111110100
001000100000011
111100001010110
000101100111100
111011000111001
000101101110001
111111000110000
001010000110000
111101000110101
001001001001000
110111100000000
001000011001011
111110010001001
001000100100110
111001100011101
000011001111100
111000001001101
000100001111000
111100010000101
000001110011010
111001000101011
001001001111000
111111010111010
000010110010010
110101011001000
000011110010000
111110111011000
000010000100111
111001110001000
001001101010000
111011001011110
001000010011100
111101111000111
001101001001011
110111010110111
000001111001100
111110110100111
000100100001101
111000000010011
000111100000111
110101101011100
001000010011010
111100110100011
000001111010000
111010111111111
001010000101111
111011001010101
000001110000000
111100111010111
001000100101111
111100011101001
001010000001100
111001100110001
000100111000001
111111010111001
000111000110011
111001100011110
000100111001011
111001111101010
000101000110001
000001010110001
000100011010000
110111100110011
000110011010010
111111111011010
001011000011001
111010101010100
000100001111010
111110011110000
000100100100011
110101101011000
000001101110010
111110111101010
000010110100101
111100101111100
000110001000101
111110010011111
001000000110100
111000000111111
000100110000010
111010101111111
000000110110010
111101001011101
000001101000110
111100011011010
000110011101010
111010010100010
000010100111100
111001101011100
000101010110111
111101011011010
001010101110100
111100000101000
000100000110010
111100011100010
000110100001100
111110100000110
001010100110010
110110001010010
000011101101000
111100011110111
001001011001000
111010110110011
000100101000110
111110111111110
001000011010011
110101001110010
000010101011001
111010111011110
000111111100011
111001000111111
001011011000111
111001010010101
001100010111010
000001001001000
000010110111010
111101000010111
001001010101110
111111111111001
000011011010000
110110001110010
000110011000101
111111001111000
000101000101101
110111110101011
000101100011100
110101001110000
001010001101100
111011010101000
001001101010001
111101011000011
001000001101101
111000001010000
000111110001010
111110010101011
001000110100011
111011001101011
000001100001000
000000000010111
001010110011100
110111111001000
001000110011100
110111110111100
000110111111001
111001111011001
001011110111011
111011010110100
000010011001111
111001110110001
000111111110001
111100011001100
000110111010010
111110011110010
000101010010101
000000000011011
001010001011110
110101010110000
001010110111001
110110110101111
000100001000001
110110101011001
000000100101000
111110110110001
000101111101010
110111101010110
000010111010001
111100110011000
000010100110001
111100100011010
000100111001101
000000011101001
000011001100000
000000101100010
001100010010100
111010101010000
001001000001001
110110000110000
000001111100110
110110110000101
000110001011100
110111000010101
000010011011110
111110101101000
001010110101010
111000011011010
000001010101110
110110001100101
000111000001101
111110111111101
000111110000110
110100110101110
001010010111110
110111110101100
000001011000010
111011001100001
000101110110001
111100101011110
001001100010110
111001110000001
001000111101100
111111010011001
001001110000000
110111100010011
000010101001000
110111110010101
000101010010100
110110000111000
000111111111011
111001101011100
001000101011101
111101011011101
000100010000011
110100111111001
000011111011000
111100001000001
000111011000111
111010101111011
000010011110100
111100110010101
000110011100001
110110000110001
000011011101100
111010111000000
000111101001101
111100000001101
001010110111111
111110101111100
001000011101000
111000011101010
001001110110011
111011101010111
001010000000101
111001011110011
000011100001010
111111111110010
000100100000011
111000001010100
001010100111011
111111000000110
000011000100011
110111111100111
000011100101010
111000101011110
000111110111010
111000011111111
001011001100001
111011111110100
000001101100011
111101100110101
000111010001001
111000001101100
000001100100100
110101101010011
000010001011011
110111001110110
000011101000000
111110110100001
001010100101101
111111101000000
001001100001001
110111011100000
000101010000010
111000011000000
000100010000110
110111101011110
001000000001100
110111010011111
000100111111100
111000100101010
001001101011111
110111111100001
000100010001000
111101111011101
000100001011011
111111000100101
001001100100100
111011110101001
000100111110110
110100110111111
000110101010111
111110111111010
000111110010001
110111111100010
000000011010010
110110010011011
000101110111000
111100010010101
001011001100110
111010110111111
000100001011111
110110101111010
000010011111101
110110100000011
000101101111010
111001001001010
000110100110011
111101011101000
000100010110001
111111100110111
001001111101110
111101001010110
001000011101000
111100111110000
000100111001101
111110100100011
000011111101011
111100101110110
000101100110010
110111000011111
000011001101001
111110111110010
001001111111001
110101000010010
001001001010011
110101101111001
001001100011111
111100001110100
000010110101001
110110100001100
001000111011000
111000111101011
000111100011011
111111101101110
000101010101010
111101111010101
000111001001000
111111010001010
