001001010010010
111111000001000
000110100010110
110101100100111
000111100110001
111011101011000
000101101101111
111100101111111
000000001101010
111110110110111
000101101001111
111001011110111
001000000011001
111100100001010
001001001001011
110101110001110
000001010010111
110111111010011
001001000101111
110101000100100
001010110001001
110101010110011
001010111110010
110111001011111
001010010011011
110101111001110
001010101001100
111001110110101
000101011100111
110111100010100
000000111010101
111100011101110
001001011100100
111000100010101
000010101111111
111010000111111
000000010100110
110111010010000
001001000011011
111111001100110
001001100001001
111100011011101
000111010010100
111001011111111
000111001110010
111010101101101
000101001111001
110111100011001
000010000011000
111100011010010
001000000001001
111110010010011
000010110101100
111000001100000
001010100001110
111110000011111
000110101101100
110110000001100
001000000101011
111111000011110
000111001111100
110110111111101
000100011100001
111010100000111
000100111010101
110111111011000
111110111110111
111001011100110
000100000010001
110110011100101
000101110110010
111100000001011
000000010000100
111011100110010
001000000101011
110110100101110
000111001101110
111011011110111
000101001101101
110101110001001
000111000110101
111101011110010
000000101010101
110110000011101
001010010110011
110100110011101
000000101011101
111010001100100
001001111111001
110111000110001
000110100000010
111001111001001
000110001110010
111111101010010
000001000111011
000001100101101
001000111111000
000001010101001
000101110110101
111101011100100
001001010110100
111100001000110
000001001100101
110010110010111
000010100001111
111011110001101
000110111000101
111110011010111
000101101100111
111100111010000
000000011011010
111110011110110
000101100111000
111110111010000
000000010001000
111011010000101
000001011001101
111111011101101
001011010110100
110110001001010
001100110000010
111111001010101
001100011011011
000001111010000
001011111100001
111111011010010
000110110110101
111101111110011
000111001011111
111111011011101
000011110000000
111001110110100
111111101110010
110100100001110
000001101011101
110101011010011
000111100100101
111101010111001
001000111111100
111100101111101
000101011011111
110110100010100
000100110000110
110101000111011
001100000010011
111101101001111
001000100110100
000010101000011
000111111110010
111111101000011
000110011111011
111111010011100
001101100101000
000001000001011
001111100001100
000011101100011
001001000010100
000000101000011
001010011000111
111001011110001
000010111010010
111011010011001
111100000000111
110001011001110
000011011111010
111000010101101
000011101110010
111011010110100
001000110100000
111101111010000
000111110000101
111101101011010
000010101110111
000010100110001
000111101000101
110111011101111
001000000000010
111010011110101
000011000110001
000000000001011
000100101100001
001010011100011
001111110001000
000001011010001
001111110111110
000010100111011
000111100000000
111000010110010
001000001111001
111110010001111
111111010100100
110101010110000
111010001010111
110110111010001
001000100010111
110111001110101
000000111010111
111101010111100
000001111001010
110111001010100
000111101010000
111010000110011
000100111110011
111001111110000
001000010100111
111101010101101
000110111010111
111010001110110
000100111100110
000000110001101
001111010000101
000110110011100
001100001111000
000100100111110
000100001101011
111110101111000
000011110111001
111001000011011
000010111011100
110100011011100
111101110001101
111010100011001
000010110100011
110111011010000
000111001110101
111110000000011
000101101011100
111000011011010
000110100110001
111001011100000
000110001000110
110001110000000
000000111101101
110111100101110
000010110100000
110111001010011
111110101100000
110100010001101
000110110100001
001100010010000
001111101101011
000000010101011
001000001100010
111001000001010
001001010010110
111100011011001
000100101010000
110100011110101
111111001011010
110101001011000
000100011010000
111011000100001
000110111100100
110111010101101
000001110100101
111100110110001
001010000101000
110110000011001
000101011110101
110011001010110
111011100011101
110010010110001
111100000000010
101101111111100
110101001011001
110010010011100
001010100010100
001000010000100
001101111101011
111111110011110
001010110011001
111101001010110
000101001010101
111001011010110
001010101000110
111011000100001
111110001010000
110100000111100
000010110110010
111110010101010
000010000011100
110111011011110
000110000111100
110110110001101
000011110011111
110010111110011
110111100001110
101111010111110
111000100011100
110001111101111
111010001101101
101100000111111
110111011110100
101111010010011
001101000000010
111011100101100
001001011000000
000001010110100
001011111111100
111111001011101
001111011001001
000100110010101
001111011110110
000011000111000
000011001100110
110011100011010
000000111110111
111011011001111
000111001011000
111011010001011
000101111110010
110110010100001
111110111111001
111000001010010
111100011010001
101110110111110
000000010101110
110001001110011
111010001011110
110010011001101
111101101001100
110000011000011
111110010101110
110110101001010
000100100110001
111101100011111
001000110111011
000011001011000
001010101001111
111100100101000
010000001100010
000100100000101
010000010000001
110101100110000
000100011101111
111111100111101
001000111101011
111010000110101
000100100111111
111010001111010
000111001100010
101111111111110
111100111010110
111000101001111
111110101110011
111000010000110
000101100000000
110111101000110
111111101111000
110000010111011
111101010000110
110011101000100
000000101110101
110001001100111
000110000100011
111001111100101
001010111010001
000000000011111
001110101011001
000010011010010
010000100110001
110101110010111
001000011001000
110101100110110
001000011000010
111110000100111
001010011011010
111001001111100
000101111000000
111001101011001
001010101101100
111100000011001
000110001011011
111011011000000
000010010001111
110100010100111
111111011000111
110110100000111
000001111100001
110000001100001
111101000100100
111000110011001
111101111110010
111001100100010
000110101011001
110110101111100
001011100000111
111101010001110
001110011111100
110110001110001
000001111100000
110101001000010
001000010011010
110101110010000
001001111100100
111010010000110
000001111001101
111001010100100
000110100111001
000000001111100
000110101011001
111111011100111
111111100011100
110101111110001
000000010111100
111011010000100
111110001100010
110011000111110
111111011101111
110100010010011
111110101100001
111011010011010
000110101010001
111101101111001
000010010011000
111100010110001
000011011001000
111110110000111
000100110000101
111111001110111
001010101100001
111001111100001
000000011101101
111000001010100
001000010011000
111110100000111
001001111110011
000011001001100
001100110011101
111111110100100
000010110111100
111010101101111
111100000101110
110010100010011
111111101001000
101111001010001
000000110000111
110100001111000
001000111001000
111000011101001
000110111101001
111110111001100
000110000000100
111100100000010
000101000101001
111000010000001
000010110011110
111011010001001
001001000101110
111001010011111
000101111010010
111000000101000
000110000100111
000101010010001
001101101111111
111111011011101
001000000001011
111100101001110
000011010101111
111001100111000
000100000111110
110100101011011
110110111101100
101111100110111
111101110001101
111110101110100
001010111110011
000001001110101
111111010010001
111000111011011
001001010011000
111000111001111
001000010100100
000000010000000
000011111101000
111111100001111
001000100110100
111010000100011
000101110100100
111011001010101
000110011010011
111101110101001
001001111000010
111111011101100
000101110000100
110110101010010
001000111010100
110011001000011
000000111110011
111000001001111
111000110011101
110100101001111
001000101011110
111101101001101
000111111101101
111100011110100
000101011010101
111100100100101
001100011100111
111000011110100
001000011000001
111011011100011
000101011100010
111011110001010
000110011001110
110111010011100
000101001100001
111111000011010
001000000101010
111101001101110
001011010111010
111010010001111
001010001101101
111100110110001
001000000011001
111101100011001
111111000110110
110100101011111
111110001101010
111010001000001
001110101011000
111111000110110
001100110100000
000001111010011
000010100101111
111101010011110
000011010011100
110111001000110
000101000011000
111110111011100
000111101011100
111111011111010
001000001011001
111110101001110
000101001100001
000000011110111
001110111100010
111011011111101
001000001010111
111110000110100
000111100011100
111011110110110
001100111000000
111111111101100
001001101100101
111001010101011
111111101000101
111001010100001
001000001101100
111101111011110
000111011111111
111011111000011
000011000001001
111101110010011
000011011111111
111100101101011
000111001100011
111011000100110
000100000111100
110101101100100
001000010101111
111111110110111
001011001111011
111110010010101
000111011101011
000000010000010
001001110111010
111110100011101
000000001011010
111100100010111
000100111000001
111000001101010
000111110000010
110100011110101
001000011101101
111001110000111
000100110001010
111001110010000
001011100011111
111110011111111
000011110100111
000000111100011
000011101100010
111101001110001
000101110000000
111010111111010
000111100111001
110101011101101
000000101000010
111111101111101
001010000110011
111001101100011
000101000101101
111100001100010
000101001101000
111110010010100
000010010010100
111111100110101
000010011010110
111100101110011
000100110100000
111011100001100
000110010010100
111011011111111
000101010000101
111101111110010
000011100111110
111010001001111
001001111100000
110110111000110
000001010001100
110101111011111
000001110111111
111101010100100
000010110100111
111010111010001
001001001000001
110101101111001
000100111001110
111000000000001
001101011001000
000000110101100
001010110101011
111000010110010
000100011110011
111001000110000
000100111110111
111110001111111
001001110000001
111010111010101
000101010001110
111000111101101
000111100100010
111011110111111
001001001110001
111110101001110
000011001001110
111110100101100
001001100000011
000000000111100
000001110101111
110111010101000
000000001011010
111110000001111
000000111001001
111101000111100
000111010111101
110110111100001
000011000110010
000000101110110
001010011001101
000000110110100
000100011111110
000000011000100
000011110111101
111110010110001
000111101001010
111101010101010
000101101010011
111010011110011
000011000111000
111000011001100
001010000110011
111100001001111
000100001010001
110110101011011
000101110110000
110111100010011
001010100001000
111101011100100
001001011011010
111111100011001
000000001100110
110110011101101
000010100101000
111111010100011
000001101010011
110110011100100
001010000111100
111011100111000
001000010101110
110110010101101
000011011100111
111111111110100
000101101001110
111100110010010
000110110101001
110111110010110
000101010100111
111011110001111
001000100010001
111010100001101
000100101001101
110110000010100
000111000110100
111111001111010
000110101111100
111110110011101
001001011110101
111010001011011
000011110101101
111000011000111
000110010010011
111011111010011
000101101100000
110110101111001
000011110010010
110110001000100
000100010100100
110111011110000
000110000101101
110110111011111
111110101001110
111000110110110
000011110111010
111000010000111
000101101000110
111011011110111
001001100111001
111001110100101
000011010001110
110100111001101
001000111001000
110110011010011
001000101000011
111010111110101
001010001110111
111011111101111
000110010110011
110111100101010
001001110110110
110101110100000
000100110100110
111010111111110
000010111000101
110100111000110
000001101101101
110110010000010
000100111010101
110100101000100
000000011111110
110111110010011
000000101011101
111001001000010
000111010000011
110011010010011
000111110010100
111000010100110
000001101011000
110111000010011
000001101010001
111010100101111
001000000111011
110101001001110
000011101111110
111010011100100
000100101101011
111101010001010
001001100101101
110100111100010
001011001001011
110111110000010
001010000011001
111011001111111
000001111111101
111101111011010
000100000010000
111011011101110
001001111000000
110100100111111
000010001011101
111110110111110
000101011100111
111001010000001
000100110111000
111011111001001
000110010001000
111101001000111
111111110111001
110111111100001
000000010000010
111110001001111
000010001110101
110111101000100
