001010000100010
110101101101000
001010000001010
111010110101010
000101000001010
111101010000101
001000101001011
111111010001001
000010100111110
111111010010011
001001010010100
111110000110000
001011000100001
111111101010010
000010001110011
111100111111001
000111010010111
110111100101110
000101111110101
110111001011111
001001101111100
110110000111110
000010101001111
110111001010001
000010101010100
111110010010010
000000001000011
111100010111101
000000101001000
111011101011000
000111001101111
110101010010110
000011011011010
111001111101110
000100101011000
110111100011110
001000110010111
111101111001001
001001001011101
111111110100000
000010110101111
111000101110101
000010000111100
111101010110001
000111100110101
111011101010100
000101101101101
111100010010101
000001100001010
111111100000010
000001010100010
111111111011000
001010010111101
111100000001111
001000111011000
111110001010101
000101101011111
110110111100101
000101011101111
111001101011001
000010001011101
111110100001001
000101110101010
111010011001000
000111100001010
110101100011100
000010111010101
111011000001100
000001100011100
111111010100111
000101011101011
111011110101011
001000000111110
111000100111111
000110111010101
111011011100011
000000011110100
111110011111001
001000001011011
111101111100011
000001111101110
110110011110110
000010001000101
111110110111011
000010010010100
110100111100011
000010111110001
111000000001101
001000111010001
110111100011111
000011000111011
110101000011100
001010000101011
110111001010110
000101100110011
111010000110000
001000101101101
111000001010101
000000101000101
110110111101111
001001101010110
111010110011111
000010101100100
111001110000100
000001100000110
110110001110111
001010100011111
111101111001000
001011001011011
111000011011010
000100001011110
111110000011111
000101111001000
111001101011100
000011000100110
110111110100011
000110001011011
111001111101010
000101000100000
111100010011010
000011100100000
111000010010011
000100001111110
111110101111000
000110100000010
110111100000001
001000111101110
111101110110010
000110111001101
110111111100111
000001010010101
111011011000011
000010010011011
111011101110010
001010011100100
111011111000110
000010100001100
110110001010101
000110010100011
111101011111001
000110001101101
110101011111110
000100011101000
111111000110011
000101101000010
111000011111011
001001010001110
111111101001010
000010111100001
111110001001111
000101101010111
111011010110110
001011101001000
111000101000110
001000100111001
111011011100000
000110110010111
111011101011010
001000011011000
111110001000101
000001100010111
110110011000111
000110000001100
111011101011000
000010011010011
111010110001111
001000101000010
111010111110111
000011110111101
111100010000100
000111100010000
110101111011010
000011000111010
111111010101010
001011010000001
110111101110000
001001000100011
111000011011111
001010100011100
110110010010000
000001010110111
111110011101111
000110001010001
000000111001000
001011010011111
111110101000111
000101110001011
111001110000011
000101111000001
111100111101010
000111100011111
110111111001111
000001010000001
111101110001010
000001011000001
111100010001000
000111011111011
110110000001000
001000110001000
111111110111000
000010101110101
111011001110010
001010101011111
111011001111000
000110111101001
110111010101000
000100001010010
111101110001000
001000011110101
111111111010100
000011101001101
111000111000101
000100010110001
111000101101101
001000011010011
111100101000011
001000111100100
111100111000110
001001001001010
111011101000010
000101110000010
111010100001100
000001010000100
111000111101011
000111110010111
111101011010010
001010110011010
111011111101100
000001101110001
111000000101110
000100111011111
111101001111010
000011101101010
111110010011110
001010100101110
111000110111110
000011000101110
111111110010001
001100000010001
110111000001010
000011010001010
111110100011000
000111001111110
111010000100000
001010001011001
111011110001111
001001010000111
110111110001101
000110111011111
111000101001010
000001001010110
111110011011111
000001110000010
111101101000001
001000101000001
110110011111111
000101010011100
111000010101110
000011001001010
111010110010101
000110110100111
111010111101111
001011001111001
111001011111100
001010111010101
111000001111100
000101001010101
111111110100100
001010101110111
111100100011101
001011010101001
111111011111011
000111001101101
111001110010010
000111001110001
111010001001100
001010010010111
111010100101111
000010101010011
111001111010000
000001110000101
111100010011001
000111101011101
111100100101110
000110011111000
111011011101000
000010011110000
110110001010101
000011100100101
111101000100110
000111010000100
111001110000110
001011111000001
111011100010110
000100110110110
111000000111011
000100011100110
111001000111101
001011110001111
111111101010010
000010011001110
110110100000010
000010101101110
110111011111010
000100111111100
110110001011011
000011001000110
111011111011000
000100010011100
111010011001000
001010001100000
111010001001000
001001101011111
111001101110111
001001111001011
111100110011110
000001111000111
000000111010001
000100111100010
111110011000110
000101101010000
110111001001100
001011101110101
111110000011011
000110111111010
111111101001101
000100101010011
111010010010000
001011110100011
111110011111010
001000101100001
111110011001011
000000101100100
110100111101010
001010000101011
111010010011011
001001111011100
111110001000010
001001110101000
111101001110100
000111110100100
110111010110001
001001010001111
111011100101001
000101010000000
111001100110110
001010110011011
111100010010100
001000101100011
111110101100110
001000111111100
000001001011011
000100001001110
111100011011110
000111010001011
111011001011111
001001011101110
111000010110011
000001111111100
110111001111011
001001111010111
110101100100110
001010000111000
110101010010110
001010011101010
110111000110001
000101010010110
110110111111001
001011000111010
111100001111111
000001000000101
111001110110011
000010011101101
110111010001110
000010101001111
111011011110110
000111001011011
000001001110001
001011110101110
111111001110111
000100111010100
111100001011110
000101110000111
111100101001101
000010000111010
110111011001000
001010101011000
110101110011110
000110000010111
111110101111011
000111010010010
111011001001010
000000100101001
111001110101100
000100011000110
110101000101011
000100000110100
110110001111100
001000110010001
111101001101001
000011100001101
110111010110100
001011101010010
111101011010110
001001111100000
000000101111001
001011000010010
111110010000101
000011010000111
111010001101101
001000011111101
111101011100001
000100001000001
110101101111110
001000010000100
111011110010000
001001001011110
111000110010100
000010111001110
111011111011111
001000100010001
110101110011110
001000111011010
110110111111000
000101010010000
111101101110000
001000111001001
110111101110101
000001101011011
111010110000110
000010101000100
111110011111000
000110101111100
000000110000010
000111101001110
111110101001100
000011101110010
111101101110101
001000100000100
111110101011011
000001101001000
111101000111010
000110000110101
111100011000011
000011100101000
111101011101101
000111111101101
111110100100010
001001110110010
110101001000100
000101100000111
111000110101000
001001111001110
111100011001001
000100110000000
111100110001111
000110100111111
111110010001101
000010011000010
111010101000011
001001111110101
111101101010000
001001011000100
111110000101001
000101100110110
111110000111111
001000000101100
111011111001001
000111111100010
111100110000101
000111110000011
111000011001010
000111101000111
111110000011000
000000011010110
110101001110101
000100101000000
110111101010101
000001000010010
111100110000000
000111111011111
111000111001111
001001110100001
111001011011011
001010010001111
111100001110001
001010111110010
111100010111110
000111010011101
111111100101000
001010111111010
111100101100100
000101100111011
111010101000100
001010100100100
111001010011000
001010101100110
111010110000011
000001110010100
111010011000111
001010000011100
110111010001010
000010100111111
111010001010010
001010110100001
111101000001101
000101011100001
111011110011011
000000000000001
111001000010010
000110110000010
110111100001010
000010000001101
111001111100100
000100010000011
000000010011111
001011100001100
111101101111101
000101101111101
111011000001110
000101011010101
111110111010111
000010001100100
111000111011001
001001111111100
110101100001110
000100110001100
111000100011011
000110001101100
111010101000001
000010111101111
111011101010111
000011000000000
111010011101010
001010001110101
111101011110000
001000011010011
111011010011101
000110010101110
110110110110010
001010111010010
111101011000100
000110010110101
111111011010101
001010111111001
111000010000111
000011101011111
111000010101100
000010011100111
111011011101001
000110110010010
111100011101000
001001011011010
111001110011100
000010000100111
111010000110010
000111011000111
111011000000111
000011101001011
111110001101000
001010011011010
111001011010111
000110001010111
111101110101101
000000110110001
111010101101001
000100110000110
110110100010111
001001100111110
111111111110101
000111011011001
110111011101101
000100101011101
000000010011011
001100100100100
111111101000000
001011101011110
000000000010000
000010001110100
110110011100011
001000011111010
111010011001111
000101000100100
111100000001011
000010111011000
111010101110000
001011001011011
110110001010000
001010010110010
111100011000101
000000011100100
110110011011110
001010001011100
111001010100011
000000110001111
110101001111100
000000101111110
111010110101101
001001111001000
110110110011111
000110111111000
111100011001111
001001110011001
111000010000011
000111101111111
111001101111101
000001111111100
111011111010110
001001011100001
111110101110100
000101011101001
111011100000011
001000011011101
110110100010101
001001010110010
110100111111100
000011100110110
110110101011001
001001101001110
111101001111000
000001110100010
110101110011110
000000111110101
111111011000011
000101100011011
111110011100001
000000111111011
111010101100000
001000000001011
110111000011101
000101111111011
111111010001110
000100110011111
111110111011101
000000101111001
110110010100011
001001011011101
111111001110000
000100011001000
111001010011010
000010101011011
110110110000100
000000100110110
110101000110000
000111100011000
110110000010111
001010101101101
110100110110100
001000001111100
110111000000010
000010110110110
110110010011110
001000001000001
111100001111110
001010110001010
111101111110001
000101101100110
000000011010101
001000111110010
111111001110100
001010101001101
111110100010111
000011101111010
111101100111001
000011111001100
111100100001100
000001100011100
111110001100011
000100100101000
111010010101101
001000110100100
111000110111101
000011101111101
110110100100110
000110110101110
111111111010011
001000010101001
111001111000011
000000010101110
111011001111010
000100100111100
111101011111000
000011111010001
111110111010001
000110101001101
111101010111100
000100000011011
111111101011010
000011110001001
111111111001101
000010110001100
111110010101011
000010110000011
111010010100011
000100100110110
111001101111111
001001011111011
111001111011100
001000001000110
111101001010001
000000100010010
111010001111101
001001111110010
111011101110010
000011111111010
111010011000100
000100010111111
111111000101000
000000110101000
111011101010111
000110000111110
111011000010000
000111010110010
110110110001101
000110110000101
111110000110010
000010000010100
110110100010100
000011100110000
111011011111001
001010010101100
111010001100111
000110100100000
111110010011011
000000100111000
110100111100001
001000000000100
110101111001101
000101111011101
111011000011100
000001101111100
111001100010000
001010101100111
111111011111110
001010110000110
111100100010010
000110001010000
111100001000010
000100100000010
111001001101100
001000100000001
110101111000000
000001001001000
111100000111101
001001010001111
111001001110101
000110111011110
110101100010100
000101100000100
110101110100000
000100000000110
111011010100101
000101000100111
110101100100000
000110011010001
111010010100001
001010010011001
111100110010010
000100100101100
111010111110001
001000001010010
111001101011010
000000010011011
111000010110000
000110110110010
110100111101010
001011001001100
111110001111010
000011110010000
111011101000111
001000101011011
111111001001001
000011101110001
110110100111000
000101001010100
111110100100011
000101001110000
111111010000101
000000110101000
110101001111110
001011001010100
111011010100010
000100001111110
111010111101011
