001001111110100
111111011010001
000100010000110
111000001100011
000000010101100
111001111000010
001001011000110
110110001010011
000111101101011
111101100010111
001000100110000
111110110000100
001001000100000
111101001100001
000110100001001
111100011001010
000110000101010
111001100011001
000101001101000
111110001011010
000001000000100
110101101001101
001001011010100
111001000101101
000001110011000
111100100100000
000011111100110
111000000011010
000000011010010
111110101010000
000000110110110
110101100111001
000001111011111
111010111000100
000110111111110
111101101110100
000000000010000
111010110011110
000000111001000
111000001011011
000111100100111
110110011001110
001000110111000
111010010101000
000001001000110
111011101100110
001001000101011
111000110011001
001010101111111
111100111000100
001001000000011
111111011011000
000010010000101
111000110001001
000111011110101
111011111100011
001010101010110
111111110001011
000000110011100
110100111010111
000001100100110
111110010101110
001010010001001
111100011001000
000110110011101
111010000000011
000101101100001
111001000001010
111111110011001
111000111100110
000010011111001
110111001001100
000011111111110
111101111000010
000001010010111
111001100000000
000101000100101
110100110010010
000010000001101
111010111101010
000011000000001
110100111000011
000101100101101
111010101111100
000111001001101
111110001000100
001001010100001
111001010110111
000010000110000
110101111110110
000110110000111
111100100100010
000001001000100
111011011110101
001000001001111
111001101000111
000001100100001
111111001001101
000011100110100
111111011111110
000111111011001
111001011011101
000111110101010
111110010001101
001000011110100
110110111110111
001000111001010
111110001010011
001001111100100
110101100010001
000110110001101
111110001011010
001010010111101
111110110101110
000111000101001
111001101001011
000010111111010
111011000101000
000010001100110
111011101011111
000101010010110
111001010111001
001001100110100
111100011100011
000011101110000
111011010001111
111111100100001
111011000000011
000101010100011
111011010011110
000010100111001
111011000110000
001001100110001
111111110011000
000110011010010
111001110100011
001010100010101
111100011001011
001000000011110
110110100100000
000010011011000
111100001110101
000000000011100
111110011110001
000101000110000
111001100001010
001001011001110
111010101111101
000011111101111
111010010101011
000011110110010
111100000001110
000101100111110
110000011011010
000101001011101
110111000000100
001001100001001
111001100100101
000001001000010
110101011100001
000010100000001
111100000101111
000110001101101
111111101010100
000101001011010
110101110101101
001000101111010
111011100000000
000001010101111
111010001011011
000010101100101
111100011010001
001001110001100
111110100110110
000111100010100
111111000001010
001011100101100
000000001100111
000000111100100
110001001011001
110110011100000
110000011111110
110011001010000
101110000101101
111000100100111
110110000100000
111011110001110
110110100110101
000000110010100
111100001100010
001011100101111
111101110011110
001100110000010
110111110100011
001001100001111
111011000010010
000110110001010
111001000111111
001001011011101
110111111011111
000001100000010
111111111000101
000001011101101
110101011101111
000010110111011
111010010101110
111011011100100
101111110110111
110101010110001
101101101111110
101111101011010
101011011010001
110000100101100
101100101110000
110110011001100
110100001101110
111101000100111
110111100100000
000101110101011
111110111111101
000111100011001
111011000011000
001010111011000
111011000011111
000011110110100
110111100011101
001001111101011
110101001111000
000100000001010
111001000110010
000111101010000
111010111010111
000101111101110
110110111101010
111111011011101
110100000110000
110111101101111
101111001111010
110010010000000
101001110100001
110001110111010
110000111100100
111011101010010
111000001001011
000011000111101
111111010010001
000000111111101
111101010011010
000001111010011
111110101101000
000110011111111
111010010010001
001001001011001
111010100010110
001010110001000
111101110101011
000011100011011
110111010000110
111111000110000
110110000101111
000010000000001
110110001010011
111010011000110
110100010110100
000011100001010
110011001011001
110011001000000
101101100010110
000010010011111
110111010110000
000001011101110
111100001111011
000100001111000
111001100101011
000111100011010
110100101100100
000110110110101
111110100000110
001010000011000
110111101010101
000100001111001
111010100000100
000011000100011
111101000100011
001010010101101
111011111011110
111110000101111
110111011101010
111100100111010
110111101000000
000001110000111
110011101101111
000010001001101
101101111101111
111010001110001
110101100101100
001000010110111
111011110101100
000000101100010
110111100000110
111100101010111
110111110111110
111110101110011
110010100001011
000111101001001
111100000010101
000101010001001
111010000011110
000101101110001
111011011101011
000011000011010
110101011011101
000111111010000
110101010010000
111001001001000
110001011010001
000010110111111
110101111100010
111111010010001
111000100011111
001011111101111
101110100001100
111000111100010
111110001010001
001101001011110
111010100010010
000001100010110
110110101011010
111110000001100
110011010101100
111100100110100
111001010001101
000101101010110
110111000010010
001001100100101
111001101100001
000001010100110
111100001001000
000000110100001
111000011101010
000101001010111
110110011110101
000000110100010
111001010001100
000111111010100
111001000011111
001000101110111
000101101101010
001011010001011
111000110111000
111101100111000
111010110010010
001010000101000
110100010110110
111001101101011
110100010010001
111000010011110
111001010100100
000100010010100
110011111110100
000100110000111
111110000001011
001010000001111
111110000110111
001010011011011
110111000100001
000111111011010
111110001111101
111101111011100
110101110010100
001010100011011
111100000010010
000111010001001
000011010000101
010000001111011
010010000001100
010101000011100
000010100001011
000011001010110
111010000110110
001001111010100
000000000110011
000011001010011
111001101111101
000110001110101
110101111110110
000111000111111
111000001100100
001100100001001
111100100101010
001001000011000
111100001000100
000110100011011
110111110110001
000101101100111
111001011100100
000011111010001
111111100000100
001100000101100
000010011000001
001010100011011
000110101011101
010000100011111
010000101101011
010010001010001
000001100100001
111110001011110
111101010101011
000101001100101
000011011000111
000010110100001
000000001001010
000111010001000
111010111001110
001110001000111
000010000001001
001010011101000
111011110100100
000000111101101
111000001111110
001001001111000
110101111101011
000000100110100
111100011100011
000111000011000
111100110010101
001111001101111
000100001111111
001110100010010
000011111011100
001110001101011
111111010111010
001111001101000
000000110100101
001001101111010
001000100100010
001010110011000
111111000010110
001001010101010
000010111000111
001001011011010
000000101110001
001000110100001
111100100011011
000100111110100
111111010100000
001001001000100
111110001110000
000101111011101
110101110101110
001001100001000
111101010100011
001001111100101
111010110001101
001110100001010
000000111000101
001001010111011
111100011011001
000101100010001
111110101010011
000011110001101
000010110111011
010001001100010
001000111110110
001111001100100
000100011001000
000100110110001
000011111111110
001011111101001
000000001110101
001100000111010
000010011101110
001101101001010
110110111011110
001001110000001
111011111000111
000000100000100
111000100010110
000110000110110
111010010111000
001001001111101
000010100001101
010001010110111
000101001011010
001001100011001
111001111010001
000101000101010
110110101111011
000100101111100
000011110100111
010100100111001
001000100100001
001111000110001
000010100001100
001001011100011
111111000000000
000101100110100
111110101010111
001011011000101
111010011001010
000011111000111
111100001001111
000000100110011
111111011010100
000100100001101
110110001100011
000100110110100
111011101110000
001000101110000
111010111011101
000110110001100
000110000100000
001001011101101
111000110110101
000100100011011
111001001000000
001110001001101
000101101100101
010000011011110
001100001011000
001110100001100
111110001111101
000111110010100
111010101000100
000001011100000
000000110110110
000010110000010
111111000101000
001011101100011
111001000111110
000100111110110
111000011000000
000010100101100
111010110011010
001000000110001
111001100100010
000101100100101
000000110000000
000100101000011
111001011000010
000100001110101
000000011101000
001010001011111
111101100100001
000101011011101
000010010010000
001100000001101
000010111000100
001011011000100
111110000011010
001000000010000
110111111101001
000010001100000
111011001010100
001010100111000
111001001110011
001000001111110
110110011011110
000101010101010
111111111000011
001000011000011
110101110101110
000111101110110
110101001000110
000011110010110
111001110000101
000110110110101
111000111100111
000111011000100
110111110001011
000101101011010
111010101010110
001100000001010
111100001000010
000101010011111
111000101011111
111110010101111
000001001111000
000101111111100
110101101100000
000001111111111
111010111000111
000011001000011
111111110111110
001000111001100
111101001010111
000000101011010
111111100111101
000010111111001
111010001101000
000000100000001
000000000001110
000011100111100
110100000010110
000110101111010
110100000000011
111111010000001
110100011100111
000001100110011
111000111001010
000010010110111
111101001100010
000100010011000
111100010110101
000001111111100
111011101100000
001010000101010
111000010001010
000101001000010
110111011001110
000101011000111
111011101111011
001010100010000
110101101001100
000110000000110
111010000010010
000010101001001
111001011011000
000110010100110
111010100000110
000000010110100
110110010001101
000000101000111
110100011000111
111100100100001
110001010101001
111100000011001
110101011000011
111001000110010
110010111010111
111100101000010
110100100011001
000001111011000
110110111010000
000011011100000
111001111000000
000011010010011
110111101001001
000000111111011
111001001010000
000001001110101
110101111101101
001001000111000
110100111001000
001001011011111
111100001000100
000101111000000
111111001100010
001010000001101
111101011101011
000011000110111
111001111010111
000000100111111
111000000111000
000000010110000
111001000110111
111010110001101
101111000010010
111110100100001
101110110010010
111111101000111
111111101100000
111111100010111
110111011011011
000111010000111
110100101111001
111101000111000
111000010011010
000010010111110
111011100101111
001010000101000
111100001110101
000011001100101
111000000010110
000011101011101
111110100011011
000000011100010
110110001111011
000000101111110
110001100101011
000101001100000
110010110000011
000000010000001
110101100100100
000010011100010
110110101000100
000100101000011
110110001111001
000000010011011
111001010100011
111111010000001
111010001100010
111110110011001
110101101010011
000011110010110
111010110110001
000000110010110
110111011000011
001001000101011
111100011110101
000001110101110
111000000100110
000111010010110
111010111101110
000100100110101
110100100111010
000100111100111
110111001010111
000010010100000
101111110000000
111111011010100
101111110000011
111011001001001
110011000100010
111111000010011
110100000111101
110111011000111
110100000011101
111110100011110
110001000000110
111110010000110
111000011001000
000100101101110
110100010101001
000110000101001
111100010011011
000011001111100
111000110111001
000001001101001
111110111011011
001010101010010
111100111101001
001000111000111
111000111110111
000110110110110
111011100001100
000010100001110
111000011001001
000010111110101
110100100010111
111001110011111
111001000010101
111011100110110
110010111101010
000000110100000
110011011111111
111011001100000
110011001100111
000101101000011
111101010011000
000010000010011
111100000110000
000010101001111
110101111000001
000011010000011
110111000111000
000010101001010
111001100001111
000100110101001
111100001001101
000111100010101
111011101101011
000110111000111
111010100110001
001010101000110
111011110000101
000111001010111
111001000010010
000110001000011
111010111011101
001001110111000
110111101000110
000101110100101
111101100101111
000011110010010
111101100010110
001000101011110
111010011101110
001010001011101
111001011100011
000110000101111
111110001011101
001010010010011
110111001111111
