000010011101111
110110101011111
001011000110010
111011110111101
000100111111000
111000100111100
000000011111101
111111011101000
001000011101000
111110000011011
000001000011010
111001000101100
000110000001000
111010010111101
000010010010011
110110011011011
000111000001000
111000111110110
001010110000101
110111101101111
000011011010111
111000100001001
000110100110000
111100100110110
000101001100000
111011000001011
001010100000000
111001101111010
000001100111100
111111111101001
000101000111001
111011111010101
001001010111000
111010111111011
001000010011111
111101000000100
000001011100001
110111011001011
000011101110110
110110010111101
001010101111001
111011011000011
000101011000000
111010100011111
001010011101110
111000011100011
000011111000011
111001110111010
000011100101110
111100101001011
000011010011110
111001000111100
001010110111111
110110000110110
001010010001110
111011001000111
000011101011000
110110011011000
001011000111111
111010101100100
001001100111101
111010111110010
001001100010010
111000100101101
001010100111000
111010011000011
001011111101010
000000110110100
000101011111001
111110011111010
001011101011010
111110011111000
001001011111100
111100110111010
001001010110000
111001100000111
000001001110001
111111010010011
000011001010010
111100110001110
000101001000111
111010010100010
001010101000010
111011011111100
000100011000010
110110010010110
001001010111101
110111111010101
001000000101100
110110110010011
000010011000010
111010000001111
000100001101111
000010100101010
000101010010001
111111101100001
000111011101111
111111000011101
000101100011000
111010100100100
001010000001011
000001010001110
000101011101010
000000010100000
000111101101011
000011000110101
001101010010001
111101001001001
000010110011100
111110000011001
001000010001100
111001010110101
000111011011101
111000001101111
001011001001111
111111010111011
000110001010100
110110100011110
001000011001101
111100110010110
001000000100110
110111010000100
001010001101001
110010100100101
000111101110000
111011111111000
000001101001101
111011010010101
000101100101101
111011001101100
000110001011011
111001101110101
001000111111110
111011111000111
000101000010001
111000101011101
000111110010000
111101000000010
000001011001110
110101000010110
000011110000001
110110000110000
000110011001111
110100100100111
000101111000000
111000101001010
111111000011001
111100111000100
000100000000101
110110101010001
000000001001011
111000011011010
000100001101000
111010110010000
000010001111011
111000000001111
000000001000000
111001100101000
000001111110011
111001101101110
001000001110010
111001001011010
001000110111011
110101001010101
000100101010110
111110011000111
000101001100001
111010010000010
000010000101101
111000111111100
000101011110110
111001100111111
000100011100111
111100111110101
000011000001111
111101011100110
000100101000010
110111100110000
111101101011111
111011000101100
111111000111001
110100001010101
000000110010100
111011110000111
000010110101011
111010000010001
000110100100001
111010110110011
000010011001111
111001110001001
111100100000010
110010011101110
111101000011010
110010001101100
000011010111001
110101001011110
001010111011100
110110000100000
000101001110100
111101011000110
000011110000001
110001110111100
000101010010100
111110011101011
000000001001000
111101001010111
111110111010010
110101110001001
000010000010111
110111001010001
000011101001001
111010000000111
000101011110111
110011101001110
000011011100010
110011010001110
000101010100011
110110001110010
111101000101011
110111010011101
000000101110100
110101101111011
000111011101010
110101001001011
000101010111000
111110011100100
001001111011000
111010000010000
111110101100111
111001110001110
000110000000010
111001011010000
000100001101010
111110010001101
000100011011010
111010111110010
000101011101010
111100000001110
111110110000001
111011001111000
111011101111000
110101100110100
000010011111011
111100101110000
000001110110001
110010110101100
000100011111101
110010011011100
111001111000110
110111101101000
000011111111001
110110001001000
001000101101000
111101011100010
001000111100001
111100110001100
000011100011100
110111110001011
001000011111000
111100011001100
000001111111011
111100111110101
001000111000010
111100011010110
001101001111000
111111010101010
001010100111101
111101110011100
111101111110101
110001111000111
000000110001001
111001000010010
000001110101000
110001101011100
111011010110110
110100111111100
111100101000100
110111010111001
000011100000100
110110000111100
000100101001000
110101001000000
000111110011110
111101010000111
000001100101010
111010011110100
000110011011011
111011000110100
000100111111000
111110111010110
001011011011111
111101111101110
000110111111111
111000000101111
001001001001011
111101101111100
111111001111101
110010110110000
111110100001001
110101011111101
000001001011001
110111101010100
000110110100111
111011000000011
111111100100010
110001000110001
000000101101111
111101001110101
000001001001010
111000100001000
000000111011011
111001110101111
000111011011100
111000110000011
001010100001111
111001111110100
000110110100111
111111111010011
000100110010011
111010000000001
000010001100010
111000111001010
001010000010011
111010001001011
000011010101111
110110010110011
001001001100101
111010000011100
000111010111111
000101010010101
001000110010101
111000101000110
001000100110000
111101111100001
001010001100000
111011111101001
001011001100101
111110001011000
000110100110110
111110110011010
001001111011011
111001100100011
001000101110010
111100100100000
000101011010011
111100110000101
111110010100100
110001001101001
000000100110101
110101010100001
000110111010101
111101010110100
000101000111100
111110110100110
001000110110110
111110100011001
000110111011101
000101100011100
001010011100101
000000011001111
001001101100011
111011000101101
000011111101100
111010010110110
000101100101111
111100000101110
001001101000011
111010100100001
000110001111010
111011000000000
000110000111101
111011000101100
111111001011010
111011010011111
000001011001011
110001000010011
111111110010011
111110001000101
001000101110111
000110110111100
001100101000010
110111100111100
001000111001011
000000010000101
000111000101011
000011001110010
001100001101111
000001101001101
001100100011000
111000110111100
001000111111011
111001000010111
000001100100100
111110000101010
000001011000101
111001000101001
000101101010000
110100000111111
000010001011101
111101011010100
000000000100001
110010010010000
111011100100110
110100101101110
000100101001110
111111010010111
001001001000000
000010011110110
000111111000010
111001111110101
000011001001000
111000110001000
000101110001001
111110010110010
000110101111110
111010010010011
001001110110001
110110110111110
000001000100100
110111110010011
000110001011011
110110000010001
000011110111011
111000100001100
000000011001001
111010010011111
000101101000100
111001110010110
000010010100110
110100011001000
000001000001111
110100110101110
000101000010011
111101011011111
010001001100100
000111001011100
000111011110011
111001111011111
000101000010110
110101000101100
000000000010100
111100010101101
001001000100111
110110110101111
000110011111001
111110010101011
000111110010110
111011111000100
000000101101011
110111000100011
000000110011110
111000111100010
000110110101110
111010010100111
000100101110001
111001111000010
001011001000111
111001111011101
000110010101011
000101111101110
001010100011010
000010101110111
010001010010011
000100001111100
001001101101001
110100000111000
111111000111011
111011101100011
000001010010101
111000101110011
000101000011001
110101100110001
000011110101010
111010110101110
001001011111100
110101010100001
000111111100001
111001011110111
000011001010011
110110101000001
000010000100001
110111111010110
000001001011111
111111110110101
001101000100000
000011011100000
010100100000000
001010110101001
010001110111011
010000001011111
010000101000111
111110111101011
000011011111111
110000101100010
111111100110100
110010111011100
000000001100010
110111011110011
000110110100001
110100111110111
000100100001101
111001010101100
001000111110001
110111000110100
000001100101011
111000001001110
000111111011101
110101000100111
111111110101111
111000111110011
111101110110110
110101111100101
000111110100010
001101000010010
010101001101000
010000001110011
010100101010000
001000111010111
001001000101000
111101111101011
111110011011000
110110001100100
000000000011001
110111001010000
000110111000101
111001101101100
000001011111101
111101010101001
000101111111111
111011111001100
000001001101000
110101110010101
000000100000000
110101011111001
000111100001101
111011111011101
000010111010100
110100000100101
110111001101010
110001011011100
000010101001011
111100001111001
001100010100001
111110011000010
001101011011100
000001001100010
000011010110011
110111100111111
000010011110010
111000110110101
000011000101011
111011001111010
001000001000011
110100101111100
001000011000110
111001101110010
000010010110011
111100111111111
001010001110111
111000111001000
001000010111011
111111110001010
000101110011011
110101100100101
000110111000001
111000110110111
000110100011000
110111101010001
000010100001000
111011010100100
000011101101000
111101001100000
000111011100000
111101011011010
000001011110110
111011000010111
000001100100110
111001000110000
000101101110111
111110100111110
000001001011110
111111011101001
000110001100001
111000011111100
000001100111110
111100011101010
000101111111011
111110010000111
000111101100110
111011000100111
001000100011011
111010011101000
000010111101110
111001010001010
000000101001110
111011001110101
000100011011001
111101010111110
000001101101000
111101001001000
000010011110101
111010100110111
000101000111111
110101011011000
000110101010011
111000100111110
000100100110111
110111111110000
000101001111011
111000101001010
000011100110101
111101011001001
000001111001011
111001111011001
000010110100101
111111000111100
001010011111001
110111001101001
000010010111101
111000011100010
000001000100011
111110110001100
111111111001010
111001011110011
000100111000001
111101000110111
000011000100110
111101101100110
000000101101011
111001000110000
000000011111110
110111001001100
000100011110000
110110101001101
001001001110101
111111001001100
001011010001000
111011101010100
000100011101101
111111101011111
001001000100010
111100001000101
000110000111101
110110110100000
001010100101101
110111000011011
001010000011110
110101100011011
000101000000101
111100110111100
000100011111110
110110110000110
000011100101110
111001111000101
000011110010010
110110001111100
000100110101100
110101110010100
000001101011111
111000011111100
000110001100010
110111101011010
000010001110101
111110001110000
001100100000111
111100001101011
001000100100101
111010001001100
000101000110111
110110100101010
001000001010100
111101101111100
000010010111010
111100111011100
000000001111101
111101110011110
000000000001010
110100110111000
111111111011011
111000001001100
000000011001110
111000100010000
000010110000100
111100010110100
000001111000000
110101010001110
000101011110000
110011100000110
000101001110101
111100110010011
000100001110011
111110010001000
000100010010011
111110100010000
000111110001111
000000001101011
001010101011001
111101110001110
000110110101100
111011100110110
000000100010010
111100001101001
000110101001110
111101000110010
000110111000011
111001001001100
000101000000100
111000100001110
000101111010100
111001101110100
000001110011010
110110111111010
001001011000010
110100010000110
000101111100011
111100111111101
001000001110011
111010111110011
000010000011110
111101101110010
001011001001100
111101011101110
000110110101100
111111100110100
000111011011110
111110000101000
000000101111011
111001001001010
000100001010101
111000011011001
000000000011010
111011010011001
000000001100100
111001011000001
000111110011101
111001001101101
000010110000001
111111010001001
000011111011101
110111111100010
000110101000011
111001010100000
000100111011001
111010000101100
000101001010010
111110100010111
000111101101111
111101101101110
001000011110011
111000101001100
000110011101011
111001101101011
000000011111011
111110100101001
000110110111100
111000000101000
000011010101111
111000011001001
000011100100111
111000011111100
000011111110111
111100010111111
000001000000100
111011110110001
001010010111000
110111011001011
001011001001010
111110011001010
001001100110100
111100100000010
001010001001001
111011011110001
001010111111001
111101100000101
001010101100110
111011000101111
000100010000001
111001010100110
000111101001101
111111000001010
000011010111011
111101011110010
000111010110101
111100001001011
