001001011010010
111011100101010
001000110001011
110111000011101
001010001101100
111101110010011
000011110000010
110111011001011
000011000111001
111001110010111
000101010110010
111000111101010
000100000110000
111010010001001
001010101010100
110101101111010
000111000111101
110111111101111
000001100101100
111001001100111
000000001011101
111101010001111
000001100010011
110110111111101
000001110000010
111011100000101
000001011101000
111110110010000
001011001100000
111101100011100
000101101111101
110110100110100
000110110111001
111100101011110
000111001001100
111010001001010
000101101000000
110101001110000
000011010111011
110111011011010
000110000011001
110111011110100
000100010101011
110110000011000
000011001100110
111100001000001
001001010101001
110101111001011
000000111000011
110101011011101
000101111010010
111111000010111
000010001001110
111000100100101
001001111110001
111100000101111
000000101110000
111111110001101
000101001000001
111111010010110
000010101011001
110101001000100
001010001000001
110110101011100
000011100011001
111010011010000
000101000000001
111000101111110
000111100000101
111001111111000
000111001100000
000001001001001
000110000010111
110110011101110
001011010001110
111001010110001
000100011110101
111000101011100
000111110100111
111100011100000
000111111011101
111110001001110
000100111011100
110110001001001
001001010010011
111100010011010
000010100100001
110110000010011
000011111011101
111000011010010
001010111101101
111010000000110
001000100101111
110111011000011
000101111110001
110111100110001
000111001110001
111010011101011
001101101010011
111101100000110
001011110001110
000011111111000
010000101100110
111101001100010
000111010100111
111001110011010
001001000101001
111100000001111
000111010010111
111100110110010
001000110011010
111100100011101
000101000000011
111101011101111
000010000110011
111100111100101
000110001100110
111011010111010
000001111011100
110110011100000
000001111101111
111110111110110
000101011011000
110111100110100
001011011010010
110110110010001
001001010001011
111110000100111
001010111111000
000000001001001
001000001101101
000001110001000
000111101011111
111101010101101
000001010101111
110111100100111
000001000001100
110111000001101
000001110101001
110111101010000
000000110101011
110101010111000
000000100101101
111010000010010
000001110001101
111100111100110
001000001011010
110111000001011
000111110111100
110100000011111
000010101011000
110000111111010
111010100110010
110110000100111
111100011010001
110110010001111
110110011100101
110100011110111
111110111110100
110010100001010
000000011110111
110010010011010
111011110011110
111010001011011
001000110000001
111101000110000
001001111000000
111110100110000
001011001011010
111111011001000
001001110100101
111110110111001
111111100100101
110101000010000
000101011001010
111100110010010
000000010010111
110110101110111
000100010111010
110100011111101
000000101111011
110110010111000
000111110100000
111101110001011
001001110100110
111110001100111
000011111001000
110010011010010
111100100010111
101110110011100
111100101010000
101110011101110
000010010110111
110110011000011
111111101010011
110111100100001
001001010101000
110101100010100
001001111100101
110110101011100
001011001001100
110110101001101
000111001101001
110001100010100
000010101001000
110111001010000
000010110001110
111010100101111
001011001110011
000000011000101
001110010010011
000110011010011
001101101111100
000001000000001
000011110111111
110111100000001
111111100010100
110111000010111
110101100001000
101111000100111
111010110001011
110100110000110
000100100001111
110101000001111
000011000111110
111001111011110
001000010101010
111111000011001
000101110000111
110111101000010
000110011011101
110101101001100
000000111101110
110101000101001
000100111110000
000001000111000
000010000111011
111100000010011
010000011010010
000111000111110
001000111110000
111001101001100
111110111001100
110110100110101
000010100011011
111001011011011
111101001101111
110101101110111
111100011101100
110011100100100
000110010000111
111000101010010
000011111000110
111101111011000
000110110111101
111001111101100
001000010110101
111011110101100
000101110000110
111011000010000
001000001110010
110111011001011
000111001101101
111110000000101
000110101001010
000010010001001
001111001111000
000010001101110
000110001111100
111011100100011
111111001001110
111001011010010
000001100101000
110101001101000
111111000011101
110001101101111
111111111100001
111000010110100
000010011110001
111101110000101
001011000001110
111111111100011
001001001111101
111101000010010
000010000010000
111011001111000
001010001001101
111000000100111
001001011101110
111001001010111
000100111011110
111100010100110
000100110110010
111011111010000
010001011110000
111110000001010
001011001010110
111110011001000
000110011011110
111001010100100
000100111000010
111000001101010
000110110110001
110000001100001
111111011100010
110110011110110
000001001001100
111100110110110
001001101100011
111010100101110
000101101011111
110111011001001
000110000111101
111101111000000
000101011111100
111111101101100
001100010011110
000000001111000
000110010111010
111010101001000
000110000010101
111001000111110
000110110001011
000010111000100
000111001011110
000100010001010
000010010110011
111111100001111
001011100111110
111101011111100
001101001001010
110111110011111
000110001111011
110100111111111
000101001001100
111100001111111
000100011011010
111000101101101
000111011011111
111110000010100
000011110110001
000001110011000
000100011011010
111111000101110
000110011010000
111101011011101
111101111110011
110110110000001
111011010100111
110000111110010
000101011110011
000000101011111
001011101100011
111110010011011
000111011010010
000011101100111
010000111011010
000000101000110
001001110111101
111110011110010
000101000111111
111010011001000
001000111101110
111011100101111
000010101111001
111100010110000
001000100101110
111010001010010
001100111010000
111110110101111
001010101000000
000000100000011
000011001110010
111101011100110
000001111000011
101111111000000
110111111000000
110111000111010
001001001111110
111011111111000
000111001000001
000001101110010
001110100001001
000010001110111
001001001010001
000000111100001
001100101110100
000000101110011
000010010001100
111011101000001
000011001010111
111000100111111
001001000010100
111110100000010
000000110000101
000000010100010
000101011100111
110111110100010
000111010110110
111001100000111
111101111110100
110101100001111
000000000010101
110100101100001
111110011000100
111000111001101
000100000000110
111000001111000
001000001001011
000010000110000
001100100111111
000000111111000
001011001111111
111101111000011
000111101001111
111001000100111
000010000111011
111111101000010
001001111111111
111110000110001
000101011000111
111101011110010
001001001111010
111100110011101
000011111011011
110101100100001
000110101010011
111001011000010
000110010111010
111010001111011
111111010011100
110111110111101
000011101001110
110100110000110
111111010011001
111101101101110
000100110001111
000001010110101
000110110001000
111110001101101
001011101100111
111100000001100
000101100001101
111101110101110
000100110101001
111011111001110
000010000010101
111011100111010
000101111110001
111110010000110
000110001001011
111111011101011
000011110110001
111010111111010
000111010110001
111110001001011
000101001101100
110111110111100
000101000101111
111001001010100
000100001011001
110010111110001
000001101001110
111010111010101
000110011111111
000100000010100
001001011101111
111001111100100
001000111011011
111001011000110
000110111011011
111100001000000
000100100011010
110111111011100
001000010111011
111000010000101
000001101101101
111111100110110
000000011110010
110111011111100
000000001011010
110111000101111
001001000011011
111101001011010
000010011111101
000001001101110
000101110101001
000001000010110
000110001110111
111001100111111
000011010100000
111101010001100
000011000111110
110111111000000
000100111001001
111010100101111
001001001000110
111101000000000
000000001011100
111000111111110
001000101010001
111000000101011
001001101101110
111101110011110
000100011111010
111000000101100
001001011000010
111000011111011
000101100101000
110010010000010
000000100101001
110101010001011
000101100111000
110111110000101
001010011011110
111110000110111
001011111110111
111101110100011
001101010110100
111001010001011
000011011010001
110110110101101
000111111111111
111001010000110
001000000011100
110111111100000
000100001101010
110101110001100
000111001111000
110110110000100
000010110110101
111001001101011
000101010001011
111110001000101
001000011111011
110100111010100
000111011111000
110100001001110
111101100011010
110010001001100
111111111110000
110101110001111
000101010101011
111111100110111
000111111011100
000100111011100
001010111101010
110111010001111
000110110111000
111110100011001
111111111101110
111000110111101
000011011001111
111100001101000
000110001100111
111010100101000
000110111101010
111010111010011
000001100000011
111011010111110
000010110001001
111011011100010
111111110101010
110111000100010
000100000110000
110010011100001
111101011101010
101111101001000
111010100000111
101111010100011
111101011111100
111100011111101
001001110011010
000011000000100
001001001101010
111110000101011
001000110000010
111010000110001
000100001001110
110111000100101
111111010111111
110000111110000
000110000001100
110011110010101
001010100100011
110111100100110
000011101111100
111001111111010
000010011101001
111010101001100
001010011001000
111001110111001
000111111000000
110001100101010
111010101101101
101111111101100
111101110000000
101111111111111
000010100000110
110111100001010
001001100111001
111101110101111
000110010010101
111110100000101
000111101010011
111001110000010
111111101011111
110101101110100
111011111011100
110100111110010
000010010011111
110011111110001
000011001000010
111001010100101
001001101001110
111110110001010
000100001011110
111101110001011
000111000110101
111000100100101
000110010011000
110111001010101
111011010101100
110010101100001
111111111001011
110110110000101
110110011111010
101111110000000
111001100000110
110001011011000
111110110010000
110001101001001
000000011110110
101110011111101
110100011010101
101111110001110
111100110000000
110000101111111
000011011001111
110100011001100
000010001111110
111100111010010
001001111001100
111011111001101
001010000100110
110111101000001
000101001101001
111100010110011
001010010100000
111110110110010
001000001010010
110111100111010
000110000110011
110001111010100
111010110101110
110000101000100
110111110010000
101111111010111
110110001101001
101111001111101
110001001000100
110010100100010
111101111100111
110110100101010
111011001111111
111011010111101
000011100100111
111000011001010
001010101011111
111110111100011
000110111011110
111111001101011
000100011010010
111010011100001
000100111010101
111100101100111
000011101000100
111000011000100
001000111101110
000000110011111
000100101111010
111100100110000
000110111100000
110110101001001
000011101000001
110011010011101
111001000000111
110110000100110
111110111000100
111011000111000
000100101110110
111001010101110
001001111101001
111001001100101
000011010100110
111111011001101
001000101011001
110110111111110
000111110100110
111000010111010
001010001000001
111100011111101
001000011011000
111100110101110
001001111000011
000000011010000
001010010110101
000100010111101
000111110001010
000100001011011
000110011100000
000101100001100
001110011011111
000101101000110
001110101000000
111101000011010
001011011111000
000001111011011
001100101011101
000001000110110
001010000000001
000000010100101
000110111101010
111010100101111
001001001011011
110101101000100
000101111001001
111001011110101
001000001010111
111101011110100
000010111101011
111000111010001
000110010111101
000000011110000
001100000001110
111110010011010
000101010011001
111110000110101
001000001011001
000001011000101
001100011011111
111111000000110
001100001000000
000001111000100
001011001010001
000000101010000
000110110000001
111010001111001
000011111110111
111000110100000
000000011001100
110110100110111
001001100011001
111001010001011
000011100110011
111000100001010
000101111001101
110110100000001
000010110011011
111101001000011
000000110100100
111010001111000
001001111101010
111001001010101
000110000000001
110110110111111
001010111111001
110111111000000
000100011100011
111100110011000
000001110100010
000000001101001
000000011010010
111010110101101
000011100101011
111000010111110
001001010001101
111010011100001
000101100111110
111111001101010
000010001000111
111010100101011
001010010101111
111111100000111
