000011000001011
111111011011010
000111010010100
110101010111110
000100001001110
111100011001110
000011011010010
111000001110001
000100100110110
111000011011111
000110111010010
111101111111001
000111011110100
110111011000110
000000011110010
110100111100000
000111001100101
111010111100011
001010101111001
110110001101010
000100100001101
111011100100000
000010110110100
111111111110000
000000110001001
111100001001010
000011011001011
111100101101001
000000000000101
111000110000001
000111001111100
111100111110000
000111110100110
111100101010111
000010011001010
111111000111111
000110110110000
111010000111011
001000100011110
111111101011010
000010000111000
111011101000101
000010010101111
110110000000011
000001011100101
111101000011010
001001100001010
110111000100111
000111101000101
110110100101110
000111010001100
111110110011001
000010011011011
110101110110100
000001001110111
111100110011101
000010110011100
111011010111110
000110011111010
111101001011111
000000101011001
111101011110000
000101110011011
110111010110010
000101110000111
111000000010111
001001101001010
111110110110110
000011100001111
111001110000001
000001100011010
111001101100100
001001010011100
111001111011000
000001011000110
111100011010101
000101001010101
111100001110010
001001000010010
111011110000010
000000000001101
111001111111011
000100111101111
111101010100110
000100111100100
111001110011011
000101110111101
111000001111100
001010110100011
111110110101110
001010100110001
000000000010100
000100110111010
111101000000111
001011101111001
111010000101111
000101101011110
111010111111001
001001111101111
111000100111110
111111111100100
111001001001111
000011001111100
110110111101101
000001000111101
111000111000001
000000001100100
111100100100111
000100111010001
111110001000100
000101101101110
111010011000010
000111111001011
110101010000000
001000010011000
111110010101100
000101011011001
111100001010001
001000100000100
111010011010010
000110001011010
111011110011110
001010011101111
111110101100111
000111110101111
111110101110110
000111100010010
111101000110101
001010010100000
111010011101110
000110001110110
110111111000000
000010111111000
110011011011111
000000110010111
111011101100110
000000111111001
111001100001000
000100111011111
111001000000111
001000010111000
110101010100000
000001011001111
111010110100100
001001010011000
110011111000011
000100101111010
111100010110010
000100111110110
111111101011011
001100100111111
111101101010000
000111011100001
000000001110010
000111010001011
000000001100111
001010001011000
111011101001101
000111111100001
110011101011010
111111000001010
110101010011100
000110001010101
111110001001100
000110100111110
111111101001101
000010110001100
110110010110101
000110101010010
111000001100110
000101010111111
111011110011001
000101101010010
110110100110011
000111011101011
111011001101001
000111110100011
111111010101101
001110001001100
111100010110110
001100000010001
110110111001101
111111101001111
111110010000110
000000000100011
111000100010010
111111111001111
111100000001011
111100100111000
111011000001011
000111101000101
111010111111011
000001000111100
111010111000000
000011010001100
110100101101111
000100001110111
111001010111010
001001100111100
110100111100000
000010000111111
111010101010110
000011001111111
110111001001111
001100010000011
000001010001010
001000111101000
111110100100011
000110011110010
111010001111101
111100001001110
110111110101011
111111110001101
110111011111000
111111011111111
110110111100110
000011011000101
110101110011001
001001101011011
111011100000100
000010001100010
111010100100011
001000010110111
111001010011010
001000000110011
111110110000110
000110110011001
111110110000101
000111100010111
111011010010000
000001010101011
000000110010111
001001000111000
111101011110111
001100010010000
111100000010100
001000110001000
111100011011001
000000110011101
110101100000010
001000110110000
111011110010101
111111010100000
111011101011000
000010100101101
111000101001101
000011110011110
111010111010000
000101101000100
110101101001000
000000101111100
110110001011110
000001101000110
110110001101111
000101100100001
110111001000101
000001000100011
000001000011010
001011111110100
111001101100001
000110011011111
000000000100011
001001010101111
000010101011111
001010111111100
111100001111010
001001101101011
110111100000000
000101110110011
000011101100111
001011010110111
000010111110110
000101101110100
000010010000010
001001110001010
111101111101001
001001110100100
111001110100100
000000101101001
111010110111110
000010101110111
111110000100011
000100000011100
111100010100111
000010011100000
111010100001110
000101110001101
000010101000011
001101001101100
000000101001001
001011110000111
000001111100100
001000101000000
111010011011000
000010010101111
111010000100010
000111000011110
000000010001001
001000110111010
000001000100110
001100101111000
000011110011010
001011011110101
111011101110111
001001010100100
110110111001111
000010110100110
111001001101111
000010110000010
111100000100000
000000111110101
111011011001111
000111011100000
111111011101100
001110001000001
111110111111000
001000011101101
000001011111101
000111110010101
111111011001111
000000101001101
110010000010001
111011001011011
110111000001110
000010100111000
110111010111110
000001000100110
000000001000000
001111101111001
000011101010011
010000011010010
000101011001010
000111001110011
110110001000011
001010101110110
111111001111011
001000010000100
111101100101000
000111111110000
110110010001011
001000011011011
111011001010000
001010000000101
000100101100111
000110101110011
111011111110100
000011001000100
110101010110101
111010101010000
110000011000000
111000101000111
110000001110111
000011000010010
110011100010001
111101110100101
000010100111111
001111001001100
000100011110001
001100010110011
000101100011011
001000101010010
110110110010111
000001111111001
110110001111001
001001001001111
111110111001111
001011000000001
111010100111000
000101011010010
111100001100000
001010101010010
111100011001001
001000111101001
111101101100110
111010111000111
110101001000011
111011010011001
101111100111011
111110000001100
110001100110110
111100011100010
110011011000011
000011110011010
111101111111001
001000101001111
111010001010100
001000110110010
000011001001010
001001010000110
111001101001010
000001111001001
111110101011111
000101010111000
111100101111101
001011011000001
111101001001010
000101111110100
111001110010100
001111101110101
111111011001011
001010001010001
111001001111000
000010100001100
110001101010010
111100101001011
110100111100010
111111100100000
111000000110011
000111001010010
111001011000010
001000000110001
111001100111000
000111000111010
111011101101001
000001100001011
111101111001000
000010111101001
111100100101001
000110101110010
111000100001101
001010110000100
111000000011101
001000110011000
111011011000100
001100000110110
111100000110101
010000001101010
000101000101110
001101101101000
111110000001100
000001011011111
110111010101000
000101011000011
110010100100000
111101100011110
111101010000110
000110100011011
111110000001100
000100001001101
110111011010000
111110100000011
110010011101000
000100011101100
111111001110000
001010010101100
111001010110100
001000110010110
110111011100010
000000100111110
111100100100001
000100100010001
111111011111111
111111111101100
000010000110110
001101100111101
001000101011010
001001010111010
000111010011110
001010001010000
111001001110010
001000011010000
110110010101100
000111010001010
111010101011010
000110110001101
000010010111111
000000000010010
110101010100001
111110100000010
110110101001010
000010010110000
110111110111000
001100010001100
111111011011010
000010101100101
111010010000111
001011000000001
110110001010101
000010111000000
111110100001101
000001001010001
111010011111001
000101010111100
000100111011001
010001110011111
001000010110000
001110001000110
000011000011100
001111101111010
111110101010101
001011000110101
000000100011111
000100111111000
111011100101101
000001110011001
110111011110100
000010110010000
110101101111111
111101110110111
111110111000101
001010010100100
111011111100000
000010111100100
111100001000101
001010011111001
111100101010010
001001010010111
110011000101111
111111100000100
111110001111111
001001111010100
111110001001001
010000101010110
001011000111011
010001001111011
000010000100001
010000011101110
000010001000101
001110011100001
000000001010011
000011001001100
111010100110110
000101101110011
110111010000010
111101001000000
110000111010100
001000100110011
000011100100111
000111111100100
111001100110000
000100010100001
110111010011010
000101100001111
111010101100111
000000111111111
111000110010000
000100101010101
111101001110110
111111001110011
110100001011000
000011010101100
111110011100001
000110110111001
000010010001111
001001011101001
111101001001101
001110001111011
111010101011110
000110001010011
110110000010000
111101111100100
110100010010001
000001000100110
110110000111010
000101101101101
111101100011110
001011101001000
000001110010001
001000011010011
110110000010011
001001110100010
111111111100110
000111010010001
111010010101010
000010101100000
110100111010001
000101011101101
111010001111011
000101100001001
111001101110101
000000000101010
111110100110101
001000110100100
111011111000000
000011110110001
111101010010111
000010111101101
111011110011000
000010100000010
110110010001001
001000010001001
111010100011111
001101100001100
000001110010101
000111101011101
110110100001100
000000110000110
111111111000110
000000000111011
110111101000001
001001110000010
110100111010110
000101010011010
111000101100010
000000111101111
111001100101000
000000111101100
111101101001110
000011000010100
111100111100110
000000011001111
111000101010010
000100011100000
111010101010111
111110111000111
111000000000110
000001110000111
111000111000010
000100110001001
111000110001110
001000011101100
111101110011111
001001001111001
000000001000111
001010101111000
110101000111100
001011000110000
111111110010110
001010101111100
111110101000011
000101101100100
110100101110100
001001011000110
110111101111100
000011000111001
111100110000000
000101101011110
111000010010111
000100100010101
000010110101110
000110001001001
111100011101111
000101110111100
110111111110100
111101110001111
111100010100000
001001101100110
111110010100110
001000110011001
111101011011010
000101111100001
110110110000011
001010111000111
111111011111001
001001101011110
110101100101100
111111111001000
110101000001011
000111000111100
110000110111000
000110011010111
110100111010111
000111000111011
110101011101101
000000010001110
111010100010000
001000001000101
110110101011111
000011111100100
111100000000110
111101111001000
111000100010010
000011010010100
111110011110000
001010001000010
111100010101100
000011100011001
111001101001100
001011010010000
111000010110010
000000101111111
111011001101101
000101111010110
111111100001110
000100111111000
111010100110001
001001010001111
111000010100011
000000001010000
110001101110100
000001011110110
111001010110011
000001100011101
111000111100101
000110011010001
110100101001110
000101110110010
110110010110011
001000011000011
110101000111101
001010110100101
000001001110001
000101001010111
111100111010101
000010000100001
111110001110101
001001101001111
111100100000110
001001010010100
110110011011010
001011001001001
110101111010111
000011001000111
111001111101110
001010001100001
110111001101000
001001111000010
110101010001101
000000110100101
111010011000101
000100011000101
110101111001100
000010101101101
111100000001111
000010111010101
000000100000010
000101111001000
111001010110101
001011010011100
111110110111011
001001100111101
111000101110011
000010100011010
111101101110101
000000000100010
111011110111001
000100010011001
110110010010000
000111100110010
111101100111000
001000000110000
111000011101101
000001001110100
111111101111000
000001101001110
111110101110101
000111101111001
111101010000110
001001101100011
000000011001100
000100001010011
111001001001101
001010111101011
111011111101111
000100100101101
110111110111011
001000010111001
111001101011000
000111111110000
111010010100011
001000110111111
111001111010111
000010010001101
111111111100000
001000011010110
111101101010101
000100001100110
111110011111000
000000110110101
111111011001111
000011111010000
110111000011001
001000001000011
111010110100100
001001000000011
110101101011000
000101110001010
111001101011100
000000100001011
111010110000101
000110100111111
111100101100000
000011100000011
111100110011101
001001111110001
111001110110110
000001111101000
111010001100111
000001111101111
110110001011000
000000011110010
110101010010010
000100101101110
111101010000001
