00001100
11111110
00011101
11010101
00010001
11110010
00001110
11100001
00010010
11100010
00011100
11111000
00011110
11011110
00000010
11010100
00011101
11101100
00101011
11011001
00010010
11101110
00001011
11111111
00000011
11110001
00001110
11110011
00000001
11100011
00011101
11110100
00011111
11110011
00001010
11111100
00011011
11101000
00100010
11111111
00001000
11101111
00001001
11011000
00000110
11110100
00100110
11011100
00011111
11011010
00011101
11111011
00001010
11010111
00000101
11110011
00001011
11101101
00011010
11110101
00000011
11110110
00010111
11011101
00010111
11100000
00100111
11111011
00001110
11100111
00000110
11100111
00100101
11101000
00000110
11110010
00010101
11110001
00100100
11101111
00000001
11101000
00010100
11110101
00010100
11100111
00010111
11100001
00101011
11111011
00101010
00000001
00010011
11110100
00101111
11101000
00010111
11101100
00101000
11100010
11111111
11100101
00001101
11011100
00000100
11100100
00000001
11110010
00010100
11111001
00010111
11101010
00100000
11010101
00100001
11111001
00010110
11110001
00100010
11101010
00011001
11101111
00101010
11111011
00011111
11111011
00011110
11110100
00101001
11101010
00011001
11100000
00001100
11001110
00000011
11101111
00000100
11100110
00010100
11100100
00100001
11010101
00000110
11101011
00100101
11010000
00010011
11110001
00010100
11111111
00110010
11110111
00011110
00000001
00011101
00000001
00101001
11101111
00100000
11001111
11111100
11010101
00011001
11111001
00011010
11111111
00001011
11011001
00011011
11100001
00010101
11101111
00010111
11011010
00011110
11101101
00011111
11111101
00111001
11110001
00110000
11011100
11111111
11111001
00000001
11100010
11111111
11110000
11110010
11101100
00011111
11101100
00000100
11101100
00001101
11010011
00010001
11100101
00100110
11010100
00001000
11101011
00001101
11011101
00110001
00000101
00100100
11111010
00011010
11101001
11110001
11011111
11111111
11011110
11111110
11011100
00001110
11010111
00100111
11101110
00001001
11101010
00100001
11100101
00100000
11111011
00011011
11111011
00011110
11101101
00000101
00000011
00100100
11110110
00110001
11110000
00100011
11110010
00000011
11010110
00100011
11101111
11111101
11101111
00001010
11100011
00001111
11101100
00010111
11010111
00000011
11011001
00000111
11011001
00010110
11011101
00000100
00000100
00110000
11100111
00011010
00000001
00100101
00001011
00101100
11110001
00100111
11011110
00010111
00001111
00101101
00001100
00010111
00001001
00100111
11111000
00100111
11100111
00000011
11101011
00001011
11111000
00010000
11110001
00001010
11101010
00010111
00001011
00110101
00000011
00101111
00001000
00100011
11101010
00001001
11101000
00011100
00000001
00100011
00000100
00110011
00001111
00101110
11101111
00100101
11011100
00001011
11100101
00001011
11110000
00000100
11101110
00011110
11111110
00111001
11111100
00100010
00000110
00011111
11111110
00000011
11001000
11101101
11011100
00001010
11011101
00000100
00000001
00111111
00001111
01000010
00010110
00011101
11011001
00101011
11111101
00100001
11110110
00100000
11011001
00100010
11101101
00101000
00010011
00011011
11110000
00001101
11010101
11101011
11000001
11100011
11000001
00001100
11001110
11110111
00001010
00111101
00010010
00110001
00010110
00100011
11011011
00001000
11011001
00100101
11111100
00101100
11101010
00010110
11110001
00101011
11110010
00100100
11110111
11101100
11010101
11101101
10111110
11111000
11000110
11110010
11001110
00001111
11111000
00100011
11101001
00100011
00001101
00100101
11100111
00001000
11111011
00010101
11110011
00101110
11110101
00011000
11100111
00111111
11111110
00101001
11100101
00001010
11000111
11110011
11010100
11111110
11100000
00011101
11100110
00100000
11100110
00011100
11101111
00000110
11111000
00001100
11110010
00011011
11100010
00101011
11100000
00100011
11101110
00110000
11110000
01000001
00010100
00110111
11111000
00000110
11011101
00010110
11001010
11110110
11110101
00011010
11111000
00010001
11011110
11111010
11001010
00010010
11111101
00101001
11100101
00100011
11011110
00000010
11110010
00010010
11111110
11111111
00001000
00110110
00100011
00100101
00011101
00101001
11100101
00100010
11011001
00011101
11101011
00011011
00001001
00000001
11010101
11111010
11011011
00001001
11011111
00110001
11111110
00001011
11101001
00101100
11011001
00001100
11111010
00000101
11101010
00010101
00010100
01000111
00100001
00111001
00001100
00111111
11111011
00101100
00000010
00010100
11101110
00000111
11011110
00001011
11010111
11110111
11111100
00101001
11110000
00001100
11110001
00101010
11110011
00100101
11001100
11111110
11111001
00101000
11111001
01000011
00101100
01000101
00001000
01000010
00001001
00111010
00000001
00001101
11101010
00010111
11011101
11110100
11000100
00100010
00001110
00100000
11100110
00010001
11011101
00010110
11101011
00000100
11100011
00010011
11110101
11111101
11010001
00001101
11111010
00011011
00001001
00100110
11110101
00111001
11101011
00011001
11011000
11111000
11010001
00000100
11011000
00010111
11110110
00101111
00000111
00100010
11011000
00100111
11111111
00011101
11101001
00001011
11010100
00010110
11101001
00010110
11100111
00000001
11111010
00100011
11110000
00001111
11110101
00001100
11101111
00001010
11011001
00100001
11101010
00110110
00000111
00011111
11011010
00000011
11111111
00000001
11011111
00100111
11010100
00010101
11100011
00000100
11100110
00000100
11110111
00001100
11110100
00000010
11100011
00010010
11101011
11111100
11100000
00000111
11100100
00010011
11100011
00100010
11110111
00100101
00000001
00101011
11010100
00101100
11111111
00101011
11111011
00010111
11010011
00100110
11011111
00001100
11110011
00010111
11100001
00010010
00001011
00011001
11110010
00010111
11100000
11110111
11110001
00100111
11111001
00100011
11110110
00011000
11011011
00101100
11111110
00100111
11010110
11111111
11010100
00011100
11000011
00011010
11010100
00011100
11010110
00000001
11101010
00100001
11011011
00010000
11110000
11111000
11100010
00001101
11111010
00101001
11110001
00001110
11100111
00101101
11100001
00000011
11101101
00011000
11111110
00010100
11101010
00100101
11100001
00000001
11000111
00000110
11100101
00000110
11100100
00011010
11010011
00010111
11011001
00100010
11010100
00101011
00000101
00010101
11110100
00001000
11111001
00100111
11110010
00100101
11011010
00101101
11011000
00001101
11101000
00101001
11011101
00101000
11010101
00000011
11101010
00010010
11011000
00001011
11110000
00001100
00000010
00011000
11100101
00101101
11111011
00100110
11100011
00001010
11110111
00000001
11101111
00010001
11011001
00011110
11110110
00100000
11100010
00000101
11111111
00000111
11111011
00011111
11110101
00100111
00000010
00010001
11100101
00101100
11110000
00010010
11011111
00100001
11100111
00100000
11101001
00100011
11101000
00001001
11111111
00100010
11110111
00010001
11111010
00000011
11111110
00010000
11011100
00100001
11101011
00100100
11010111
00010111
11100111
00000010
11101011
00011010
11110011
00001110
11110011
00101000
11100111
00001000
11101001
00001000
11011001
00000010
11010101
00010011
11110101
