00101011
11010101
00001100
11110101
00010000
11100000
00101011
11010110
00100001
11100011
00011000
11011111
00011101
11100001
00000011
11111110
00010101
11111001
00010000
11110010
00011011
11101010
00100011
11100001
00011001
11011111
00011111
11010100
00000101
11111010
00001111
11111101
00000100
11100101
00001110
11101011
00001110
11110100
00010001
11111101
00101001
11010110
00100101
11101001
00011100
11011001
00011011
11111011
00000001
11010100
00010011
11100100
00010101
11110111
00001110
11111111
00101010
11010100
00000001
11111101
00000101
11110001
00000110
11110110
00101001
11101011
00011101
11110100
00011111
11111011
00001110
11100111
00101110
11111010
00001000
11100010
00101001
11011010
00100001
11010101
00100100
11111001
00011010
11110100
00010000
11011000
00001101
11110010
00100111
11110011
00010000
11010011
00011001
11100110
00000011
11011110
00100000
11010000
00011110
11100001
00100100
11110100
00000100
11010000
00000100
11101000
00011001
11111000
00001110
11110011
00000101
11111010
00010100
11100001
00010010
11011011
00011010
11100000
00000100
11101001
00100111
11100011
00001110
11100000
00100110
11100011
00001110
11011011
00010110
11001101
00010000
11101010
00000101
11100001
00010101
11110110
00010000
11010100
00010010
11100001
00001011
11101001
00100101
11100001
00001001
11110011
00010001
11010100
00011001
11010001
11111100
11001110
11111001
11100011
00011010
11111001
00000100
11001111
00010101
11001111
00011001
11101111
00010100
11100011
00010100
11011111
00000001
11011110
00011100
11101101
00010100
11011010
00101000
11101101
00001110
11101001
11111011
11011011
00001100
11011101
00001010
11101000
00000010
11000110
00001001
11000110
00010001
11101101
00001111
11011000
00101000
11110101
00010100
11110111
00000011
11011001
00100011
11111101
00011100
11101110
00010011
11110101
11111101
11011001
11110000
10111100
11110111
11001001
00010110
11011000
11110110
11010000
00000101
11011100
00000101
11101011
00001001
11101010
00001100
11111011
00001010
11110111
00010001
11011100
00001011
11101100
00011110
11111111
00010100
11101011
00001000
11101011
11110101
11000100
11111001
11010011
00001111
11010010
00001110
11110010
00001100
11100111
11111111
11000111
11111111
11100100
00000111
11010111
00100100
11100101
00101010
11110110
00011110
11110000
00000010
11010110
00100000
11011000
00011110
11100001
11101001
11010101
11111100
11101001
00000001
11100111
00010000
00000010
00110100
11110001
00100001
11100010
00000100
11010111
00001000
11011011
00010001
11101011
00011111
11110100
00101011
11100011
00010110
11100011
00101001
11100000
00001011
11001101
11111001
11010111
11111110
11110001
00100110
11110110
00110101
00000110
00101010
11011111
11111100
11101101
00001100
11110101
00001011
11010110
00000101
11101011
00100011
11101101
00101001
11101011
00100000
11010111
00000011
11110000
00001101
11101101
00010011
11101110
00011101
11110101
00011000
00001101
00101011
00011111
00101011
11110010
11111000
11001110
00011010
11100001
00100000
11101100
00011101
11111001
00001111
11100000
00011101
11111011
00000110
11100110
00010111
11010101
00001111
11011010
11111101
11001111
00011001
11010011
00001011
11110010
01000100
00001110
00100110
11101010
00010110
11011110
11111100
11110010
11111011
11110001
00011000
11011000
00011101
11110110
00000001
11010100
00101010
11100001
00000011
11111001
00001000
11011111
00101011
11100000
00001000
11111000
00100101
00010000
01001000
00001000
00100110
11010101
11110011
11001111
11110110
11110110
00100010
11100111
00000011
11010110
00100001
11100001
00100011
11101101
00101001
11011011
00010001
11010111
00010100
11101000
00101010
11011101
11111111
11010100
00011011
00000010
00011110
00010111
00101001
11001001
00000010
11010010
00010110
11010011
00000010
11010011
00100110
11111110
00010011
11111111
00101010
11110111
00100000
11011111
00011010
11100001
00010100
11111010
00010001
11110100
00001011
11101100
00011110
11111011
00101010
00000100
00010111
11010111
11101100
11000100
00000001
11010010
00001011
11110011
00011001
11100101
00000101
11101010
00011011
11100111
00010110
11101000
00100000
11110100
00000110
11100110
00011001
11010101
00001001
11101011
00010101
11110011
00111111
11110000
00010101
11011011
00000100
11001000
00001111
11010000
00010110
11110110
00010111
11111000
00001100
11110110
00011110
11101101
00011111
11110011
00101001
11110100
00011001
11010100
00000111
11110110
00000001
11100111
00011110
00001100
00110100
11101001
11111011
11010011
11101110
11000001
00001100
11001111
00011000
11100111
00010011
11100110
00010011
11110111
00011010
11011111
00010011
11110011
00000100
11110101
00001001
11110000
00001101
11101110
00011011
11011000
00010100
11110100
01000000
11110010
11111011
11010111
00001110
11001100
00011001
11001010
00010101
11011111
00011001
11100011
00100101
11110010
00000100
11110100
00010111
11100001
00101010
11001110
00011101
11110110
00001001
11110010
00001000
11101111
00101000
00010100
00010110
11110000
11110100
11101110
11111011
11011101
00001010
11101101
00000001
11100100
11111011
11110111
00100111
11011111
00100010
11100001
00000010
11011001
00101000
11100001
00010110
11010111
00011101
11101110
00000001
11100111
00100010
11111100
00001100
11010101
00001110
11110100
00010110
11011000
11111000
11101000
11110110
11010111
00001000
11101011
00000100
11110010
00011011
11010101
00000010
11101111
00011100
11111101
00001101
11101010
00011011
11010111
00010000
11100111
11101011
11011001
00100001
11111000
00000001
11100000
00011101
11100000
00011110
11010111
11111001
11110100
00100100
11111001
00100110
11111001
00011010
11010111
00010101
11111000
00100111
11101111
00100000
11101101
00010110
11010100
11110100
11011000
11110100
11001010
00010000
11100100
00011101
00000101
00101001
11101101
00000011
11100010
00100001
11110101
00000111
11010111
00001111
11111111
00000011
11111000
00001000
11100010
00000101
11101100
00101111
11010111
00000101
11100010
00000110
11001110
11111001
11010011
11110110
11101011
00011100
11110010
00010011
11011110
11111111
11001111
00000001
11110000
00010100
11010110
00010111
11100101
00100111
11011011
00011100
11010101
00101011
11011101
00011001
11110011
00000001
11011011
11101111
11001110
00001100
11001011
11111100
11000101
11111100
11100100
00010110
11100101
00001101
11011100
00001010
11101100
00100000
11110010
00100010
11111000
00001100
11110101
00100011
11111010
00000010
11101101
00000001
11110111
00000001
11011001
11110111
11011000
11110100
11100110
11111110
11001101
00010110
11011010
00011101
11010011
00010000
11110110
00010101
11100000
00101100
11100000
00000111
11100000
00000010
11010111
00101000
11110010
00000111
11100001
00010100
11110110
00000010
11101000
00001011
11110001
00000010
11101010
00100101
11110101
00010111
11110110
00101001
11101111
00101001
11100001
00001101
11110100
00101000
11011101
00101100
11011000
00010110
11111010
00011011
11101000
00000010
11101001
00100110
11110111
00001000
11110011
00010010
11110100
00100011
11100010
00011001
11010110
00000011
11101011
00000100
11100010
00011101
11111101
00000001
11100111
00100001
11110010
00100101
11100011
