00011110
11011010
00011110
11101001
00100011
11011001
00010101
11111010
00010110
11011001
00001001
11101010
00011011
11110110
00011011
11101011
00100000
11010100
00011001
11100010
00100011
11110010
00000110
11110011
00011010
11100001
00000100
11101000
00001110
11101000
00010101
11010101
00010010
11111010
00010101
11111000
00000001
11010101
00001101
11101010
00100100
11101000
00101100
11101100
00011111
11100101
00101000
11101100
00011010
11101100
00000101
11110000
00100010
11110101
00011100
11110001
00101010
11011111
00100111
11110101
00001100
11110001
00001001
11100001
00010100
11100001
00100100
11100110
00011000
11110011
00101001
11101011
00011100
11010010
00101001
11101110
00011010
11011110
00101000
11111001
00001010
11010100
00010110
11111111
00001010
11111010
00010000
11111001
00100110
11110101
00010000
11110111
00010011
11011101
00010110
11101011
11110111
11001100
00000101
11001001
00010100
11011111
00001101
11101010
00011010
11110111
00101100
11111100
00000010
11011111
00001100
11110011
00100001
11011110
00001101
11010101
00100111
11100001
11111110
11010101
00010101
11010011
00001010
11010101
11101111
11010011
00001101
11101001
00000010
11101101
11111010
11110101
00011000
11100111
00011100
11111111
00101011
11110000
00001011
11010110
00000110
11101010
00001001
11011000
00001000
11100010
00010111
11101001
11110010
10111111
00001110
11001011
00001110
11010000
00000111
11011100
00001001
11001011
00010011
11011101
00100100
11110011
00100000
11110010
00101010
11111100
00100001
11100110
00011011
11010111
00010111
11011100
00001100
11010011
00000111
11001110
11110001
11001010
00000010
11101000
00001000
11010111
00010011
11101001
00011100
11101100
00001011
11100011
00011100
11110101
00010100
11111011
00100101
00001110
00010010
11011011
00001101
11010111
00010011
11010010
00010111
11000010
00000011
11011111
00001001
11011111
00010110
11010000
00001010
11001110
00001101
11100010
00011000
11100110
00010000
11010010
00010011
11011111
00011111
00011000
00101101
11101101
00101100
11110111
00000011
11111110
00000001
11101001
00011001
11010010
11110111
11001010
00000100
11010000
11110100
11011001
11100111
11101100
11110000
11000100
00001011
11011011
00001110
11101100
00001101
11111110
00000111
11111100
01000001
11111110
00100111
11101001
00011101
11100111
00011110
11010110
00001010
11001110
11111111
11100000
00001011
11110010
00001100
11110011
11111110
11010111
11010101
10111011
11101001
11010110
11101101
11100101
00001000
11101011
00011000
00000100
00101001
11111011
00101001
11011110
00001001
11100110
00001001
11010000
11111110
00000001
00100101
11110100
00111010
11111101
00011101
00000001
00011111
11110011
11111101
11001001
11011001
11001010
11111111
11011100
00000001
11100001
00011110
11110111
00011110
00000110
00010110
11011110
00100010
11110100
00010101
11001101
00100110
11101100
01000010
00001010
01000111
00010001
00111010
00000111
00111110
00011111
00111100
11111011
00000001
11101000
00001010
11100011
11110110
11110010
00100000
11100111
00011110
11100111
00010111
11111011
00101010
11010111
00100110
11011100
00001100
00001010
01000111
00010001
00110011
00011001
01001010
00110001
01010010
01000010
01011101
00011101
00010011
11100101
00010011
11100110
00011001
11101001
00001000
11011010
00010110
11110001
00100111
11110000
00000011
11110001
00010011
11111101
00010101
00001111
01001001
00101001
01000101
00011101
00101011
11111011
01000100
00100111
00111111
11111011
00101101
11100110
00101000
00000101
00110100
00000001
00000001
11100100
00011110
11101010
00100110
11100011
00100010
11011111
00101010
11011001
00001100
00000010
01000011
00001110
00111001
11110100
00110000
11111010
00111011
00100011
01000000
11110110
00100011
11111001
00001111
11110101
00001011
11010010
00000011
11101010
11111000
11101110
00010101
11111111
00011111
11101101
00011011
11101001
00000101
11100110
00001011
11110011
00001101
00000011
00011101
11110100
00111010
00011101
00101101
11110111
00011111
11011010
00001111
11011101
11110011
11010010
00001001
11010110
00000010
11010110
00100111
11110010
00000100
11101010
00001101
11011010
00011101
11000000
11101010
11110001
00100100
11111100
00011101
00000001
01000010
00001000
00101101
11111011
00101010
11100001
11111100
11100011
00000010
11001110
00001101
11001100
11110110
11101011
00011000
11110011
00101011
11100110
00011010
11111000
11101110
10111001
00000011
11001001
00100101
00010000
00011100
00010010
00111110
00001101
00101101
11101111
00000010
11101000
00010000
11101101
11110101
11011011
11111101
11010100
11110111
11000111
00010011
11110001
00000010
11111001
00011011
11111000
00000111
11010100
11101010
11001010
11111010
11100111
00110110
11101100
00110001
11011100
00001010
11100111
00001001
11110100
00010100
11100000
00000110
11100000
00000011
11010110
00010110
11010001
00000001
11110100
00011010
11100111
00011011
11011010
00000101
11011010
00001000
11010101
11111111
11011101
00000010
11011011
11111110
11101000
00000111
11101110
00100110
11101100
00001000
11101101
00001110
11001101
00001101
11101011
11110111
11110010
00010011
11111000
00100010
11101010
00010101
11101001
11101010
11011110
00010011
11010010
11111111
11011000
11110101
11000011
11110101
11011111
00000101
11100000
00011111
11111001
00011001
11011010
00011101
11100000
00011000
11010111
11111110
11101000
00011000
11101000
00010010
11111110
00100000
11110100
00001010
11100100
00000101
11011100
00000010
11101000
00000110
11010101
11111000
11100010
00000100
11101111
00000111
00000001
00001110
11010101
00010001
11010110
00000111
11100101
00001001
11110111
00100111
11011100
00010100
11101011
00010000
11011000
00010011
11110110
11110110
11110000
00000110
11101000
00011101
11101100
00001000
11111011
00011011
11110000
00011000
11011111
00011111
11011100
00000100
11110111
00010000
11101000
11111111
11011011
00100110
11101010
00100111
11011111
00001101
11110001
00001001
11100011
00001000
11100001
00100111
00000100
00101001
11101000
00100111
11111000
00001001
11011011
00011011
00000010
00110010
00001111
00011000
11100101
00101000
11111010
00100011
11110001
00100010
11011010
00000110
11100101
00001111
11111111
00001110
11011111
00001110
11101010
00001111
11110010
00011001
11100100
00011001
11000111
00001101
11100101
00001101
11110101
00010001
11110011
00101100
00000101
00101010
11011111
00100011
11100110
00000101
11100101
00101001
11011001
00010100
11111111
00010100
11011011
11111111
11011011
00001101
11101111
00001111
11011100
00011000
11010101
00000101
11011111
00010100
11100010
00100100
11100010
00111000
00001010
00100000
11101001
00000110
11110001
00010100
11010110
00101001
11100110
00011000
11011011
00010100
11010101
00101000
11010111
00100000
11011011
00011011
11101011
00000001
11101111
00010001
11101000
00001111
11011100
00001110
11110101
00001010
11110000
00000011
11111011
00010011
11100100
00100000
11100111
00101011
11111001
00010111
11011001
00100001
11111110
00011111
11110111
11111111
11100110
00000100
11011011
00010001
11010110
00100100
11011101
00101000
11011011
00011111
11100100
00001101
11110001
00100100
11101100
00100001
11011001
00011001
11111001
