00101000
11010111
00101000
11101011
00010100
11110101
00100011
11111101
00001010
11111101
00100101
11111000
00101100
11111111
00001001
11110100
00011101
11011110
00011000
11011101
00100111
11011000
00001011
11011101
00001011
11111001
00000001
11110001
00000011
11101111
00011101
11010101
00001110
11101000
00010011
11011110
00100011
11111000
00100101
11111111
00001011
11100011
00001000
11110101
00011110
11101111
00010111
11110001
00000110
11111110
00000101
11111111
00101001
11110000
00100100
11111001
00010111
11011100
00010110
11100111
00001001
11111010
00010111
11101010
00011110
11010110
00001100
11101100
00000110
11111101
00010110
11101111
00100000
11100010
00011100
11101110
00000010
11111010
00100001
11111000
00001000
11011010
00001001
11111011
00001001
11010100
00001100
11100000
00100100
11011110
00001100
11010100
00101000
11011101
00010110
11101000
00100011
11100001
00000011
11011100
00100111
11101011
00001011
11100111
00000110
11011001
00101010
11111000
00101101
11100010
00010001
11111000
00011000
11100111
00001100
11011111
00011001
11101000
00010100
11110001
00001110
11100001
00010001
11111011
00011010
11011110
00100100
11110111
00011100
11100000
00000101
11101110
00001001
11101111
00101010
11110000
00001010
11011001
00011001
11110110
00011001
11010110
00010010
11111100
00010111
11100010
00100101
11111111
00001100
11111001
00010111
11101101
00101111
11100011
00100010
11101110
00011011
11101111
00100010
11111001
00000110
11011010
00011000
11101111
00001010
11101011
00100011
11101100
00001111
11110001
00011110
11011000
00001100
11111101
00101101
11011111
00100100
11100010
00101010
11011001
00000101
11111010
00011001
00000100
00101101
11111011
00010111
11100111
00011000
11110100
00011110
11100000
00000101
11110111
00000110
11110001
00011110
11011000
00100011
11111111
00001011
11101101
00101011
11101101
00011100
11011101
00010001
11110111
00100010
11111111
00001111
11100100
00010001
11100011
00100010
11110011
00100100
11110100
00100101
11101111
00010111
11101010
00000101
11100100
00011111
11110110
00101011
11110000
00000111
11100000
00010100
11110101
00001111
11111001
00101010
11100011
00001100
11111111
00110000
11011100
00001101
11111010
00011101
11101000
00101001
11101111
00100101
11011111
00011100
11100011
00000101
11111010
00000111
11110111
00100011
11011010
00010101
11100001
00001101
11101011
00011011
11101100
00101101
11100110
00101100
11100001
00010101
11111111
00101011
11110010
00101101
11111110
00011101
11100111
00011101
11101001
00101001
11101010
00001011
11101000
00000111
11110001
00011111
11110010
00011010
11101110
00001010
11011001
00001110
11110100
00011101
11100111
00110000
11101110
00010011
11100000
00010010
11100100
00101111
11111111
00001010
11011010
00001011
11011110
00010100
11011001
00001101
11110000
00010001
11101010
00101001
11101001
00100111
11100111
00101000
11110011
00001000
00000100
00010100
11111010
00010111
11011101
00101111
11111000
00011100
11111111
00010011
11101001
00101111
11111010
00100011
11111010
00000011
11010100
00101000
11101001
00101000
11111001
00100111
11110101
00011111
11011101
00100101
11101110
00010101
11100110
00101011
11110001
00100011
11111011
00100100
00000101
00010001
11110010
00011101
11101101
00100110
11100001
00001000
11011101
00101000
11010110
00101000
11010101
00101010
11011100
00010101
11011100
00101100
11110001
00000100
11100111
00001010
11011101
00001011
11101110
00011101
00000101
00101111
11111101
00010100
11110001
00010111
11110011
00001000
11011110
00101011
11010111
00011000
11111011
00011101
11101101
00000010
11100111
00010010
11010100
00010000
11011001
00100011
11110101
00001110
11011101
00101111
11110110
00101000
00000011
00101100
11111001
00001101
11101001
00100010
11110110
00010001
11010111
00100001
11101111
00100101
11100011
00001100
11110000
00100010
11010111
00100100
11011100
00010101
11110111
00100100
11011111
00000111
11101011
00001011
11111010
00011011
00000011
00011111
11111011
00001111
11110111
00100010
11111011
00000111
11110100
00011000
11110010
00001110
11110110
00100000
11111010
00100111
11010101
00010110
11100011
00101000
11110010
00010011
11110011
00011010
11111001
00001010
11101011
00101000
11110111
00100110
11111000
00010110
11111000
00100000
11110000
00100000
11110011
00011111
11100010
00011111
11111000
00000010
11010101
00010010
11011111
00000100
11110011
00100000
11100100
00100111
11100110
00101001
11110001
00101100
11110001
00011101
11111110
00101100
11110011
00010110
11101011
00101010
11100101
00101011
11101011
00000111
11101010
00101000
11011101
00001010
11101001
00101011
11110100
00010110
11101111
00000001
11100100
00011011
11011110
00001000
11101000
00010001
00000001
00101110
11110111
00010111
11101100
00010110
11111100
00001001
11100100
00101000
11010110
00010011
11100010
00011001
11101011
00001100
11101111
00001100
11101010
00101001
11110110
00100010
11101101
00011001
11011011
00101100
11110110
00011001
11111110
00101100
11100001
00001111
11100001
00001010
11101110
00011011
11110010
00100110
11100111
00001000
11101000
00011110
11101100
00001111
11111001
00101010
11100110
00011001
11110111
00000011
11101011
00010011
11011010
00100110
11111111
00011110
11011110
00010011
00000001
00110010
11111111
00101111
00000001
00001001
11011010
00100010
11101010
00010100
11110000
00001100
11101011
00101101
11011001
00101001
11110010
00000010
11011010
00101001
11100101
00000011
11010101
00000011
11101011
00101000
11011011
00011100
11110010
00100111
11100001
00011111
11100111
00001000
11110000
00100110
11111011
00010110
11101110
00100010
11011010
00100101
11010100
00001110
11011011
00100111
11110101
00000111
11010111
00000100
11111110
00010110
11111010
00000100
11101011
00100000
11011100
00011000
11111101
00010011
11111100
00000011
11011001
00100110
11111101
00010010
11100101
00001011
11011011
00000010
11010100
00011110
11011000
00101011
11010011
00100001
11011100
00001011
11011001
00100001
11110001
00101011
11111000
00010111
00000010
00100100
11111101
00101011
11111010
00001111
11110110
00010000
11110010
00000110
11111001
00010010
11101001
00100011
11100011
00001111
11011010
00011011
11111111
00100001
11101000
00000001
11101101
00010010
11110110
00010000
11111100
00011011
11110101
00010000
11111111
00001111
11111111
00001011
11111001
00001011
11101001
00010010
11100111
00100110
11101000
00100001
11110101
00000010
11101001
00101000
11101111
00010000
11101010
00010001
11111100
00000011
11101111
00011000
11101100
00011101
11011011
00011011
11111000
00001000
11011010
00001110
11101110
00101001
11101001
00011010
11111001
00000010
11010100
00100000
11011000
00011000
11101100
00000111
11100110
00101011
11111110
00101011
11110010
00011001
11110001
00010010
11100101
00100010
11011000
00000101
11110000
00100101
11100101
00011100
11010110
00010110
11010111
00010000
11101101
00010100
11010110
00011010
11101001
00101001
11110011
00010010
11101100
00100001
11100111
00000001
11100001
00011011
11010100
00101101
11111001
00001111
11101111
00100011
11111101
00001111
11011010
00010101
11111010
00010101
11111101
00000011
11010101
00101101
11101101
00010001
11101100
