00100110
11101110
00100011
11011100
00101001
11110111
00001111
11011110
00001100
11100111
00010101
11100100
00010000
11101001
00101011
11010111
00011100
11100000
00000110
11100101
00000001
11110101
00000110
11011100
00000111
11101110
00000110
11111011
00101101
11110110
00010111
11011010
00011011
11110011
00011101
11101001
00010110
11010101
00001101
11011110
00011000
11011110
00010001
11011000
00001101
11110001
00100101
11011000
00000100
11010110
00011000
11111100
00001001
11100010
00101000
11110000
00000011
11111111
00010101
11111101
00001011
11010101
00101001
11011011
00001110
11101010
00010100
11100011
00011110
11101000
00011101
00000101
00011000
11011010
00101101
11100101
00010010
11100011
00011111
11110010
00100000
11111001
00010100
11011001
00100101
11110001
00001010
11011000
00010000
11100010
00101100
11101000
00100010
11011110
00011000
11011110
00011101
11101010
00110111
11110110
00101111
00010000
01000011
11110101
00011101
11100111
00100100
11110000
00011101
11110011
00100011
11110010
00010100
11110110
00001000
11110100
00011001
11101101
00001000
11011010
00001000
11111100
00010110
11011110
00101110
11011011
00100101
11111000
00101100
00000001
00100001
00000111
00011111
11110101
00000101
11011110
00000100
11011100
00000111
11011111
00000011
11010101
00000010
11101000
00000111
11110100
00100001
11011100
00011111
11010000
00001011
11000100
11101010
11011000
11110010
11011001
11011010
11010010
11111100
11001010
00000010
11001001
11101111
11101001
00100011
11110100
00100111
11111010
00101101
11111110
00100111
11111011
11111110
11010100
00010110
11110011
00000001
11011011
00010001
11010010
00000011
11011001
00011111
11110111
00100111
11111001
00010000
11001010
11110010
10111011
11110011
10111010
00001001
11011010
11111111
11011110
00100101
11010110
00101000
11011011
00101101
11011011
00011101
11000110
00001011
11011101
00001011
11101010
00101101
00000010
00111001
00011010
00110111
00000100
00001111
11011110
11111110
11011100
11010110
10111100
11101011
11010011
00010010
11010100
00001100
11101000
00100001
11111100
00010111
11011111
00011010
11010111
00000100
11010100
00010100
00000100
00001000
11110000
01000010
00011100
00100100
11100111
11111100
11011010
00001010
11100110
11110101
11010111
11110010
11001110
00011001
11100011
00010000
11111000
00011011
11101000
00100001
11101111
00010111
11101100
00100001
11011110
00011101
11111000
00011011
00001001
00111101
00001001
00011001
11101110
11111101
11100110
00000110
11010101
11111100
11000111
11111111
11100001
00001010
11110111
00101100
11111111
00100101
11110100
00001000
11101101
00101001
11100000
00100110
11100101
00010100
11110001
00010011
11110000
01000110
11111000
00101101
11111010
00011010
11100101
00010100
11100001
00011011
11000001
11111110
11011010
00000101
11110011
00100111
11101010
00010111
11011110
00011000
11110111
00010110
11111111
00110001
00000001
00011001
11101011
00011000
11100100
00011011
00001100
00011101
00010001
00001001
11111110
00101110
11110110
00110101
11011111
00011001
11010100
00010101
11110001
00010010
11100011
00011110
11111000
00001111
00000111
00010010
11111100
00011010
11110110
11111000
11011011
11101101
11000100
00010110
00000011
00101111
11111001
00011110
00001111
01000100
00000011
00100111
11111010
00010100
11101010
00100100
11101110
00001011
11110001
00100010
11101001
00110100
11111011
00101010
00000010
00001101
11110110
00001000
10111111
11100000
11011100
00100101
11110000
00011101
00000111
00111010
00001001
00100101
00000100
00110011
00000011
00001001
11101111
00001101
11100010
00100100
11111010
00000011
00000001
00010110
11011111
00011101
11100110
11111000
11010110
00000001
11010011
11111010
11100100
00010000
11100001
00100001
00001000
00110010
00000100
00101101
11111000
00011111
11100100
00001000
11111111
00101000
11111000
00010110
11110110
00100101
11110011
00010000
11010110
00011011
11100110
00011001
11101001
11111101
11011111
00001111
11010011
11111101
11110111
00010011
00000101
00011011
11111001
00101111
11110000
00010110
11110111
00010011
11110000
00001000
11101110
00011000
11111001
00011001
11111110
00001111
11101100
00011101
11111001
00010101
11011111
00010100
11100101
00010001
11001100
00000111
11101100
00011010
00010000
00100110
11101000
00100100
11100110
00011100
11110000
00010010
11100000
00100001
11100001
00000111
11111110
00000010
11011110
00000001
11011100
00100100
11110101
00001010
00000101
00010111
00000100
00011001
11100110
00001101
11110101
00001100
11100000
00010100
11101010
00100101
11110100
00000001
11100100
00100011
11100000
00100111
11110111
00010010
11100000
00100110
11100010
00010110
11001001
00000010
11010101
00010110
11011111
00101010
11111000
00110000
11110111
00110101
11100101
00001110
11011011
00100000
11100101
00100000
11100000
00010001
11010111
00011101
11011011
00001011
11100101
00010101
11111001
00100010
11010100
00011110
11010001
11110110
11001001
11111111
11010111
00010101
11111110
00100000
00010100
00101100
11011101
00011011
11111010
11111111
11100011
00001110
11110001
00011001
11101010
00011100
11101100
00000110
11101101
00001011
11101110
11111111
11011100
00010000
11001010
11110110
10111111
11101010
10111101
11110110
11110010
00100111
00001100
00100101
11111000
00100011
11101000
00010001
11011100
11111101
11000100
00011000
11001111
00101010
11011110
00001111
11101000
00001010
11101011
00101010
11100111
00100000
11000110
11101011
11000000
11110111
11000000
00001010
11011110
00100110
11110111
00011001
11111010
00011111
11100111
11111111
11010111
11110000
11010100
00001001
11010000
00001101
11100101
00100111
11111011
00010001
11110111
00011100
11100010
00011001
11011101
11101101
11001011
11111111
11011011
11011010
10111111
11100110
11000110
11111011
11000111
00000010
10111010
11010010
10111111
11110011
11000011
00001110
11010010
00001001
11110100
00101000
11110000
00101000
11011111
00010101
11110001
00101001
11111011
00100001
11011110
00011000
11001000
11101011
11000011
11011111
11000000
11011001
10111101
11000101
11001010
11111000
11011010
11101101
11101101
00001110
11100010
00101011
11111100
00011100
11111101
00010010
11101010
00010100
11110011
00001111
11100010
00100100
00000011
00010011
11110010
00011100
11011011
00001111
11001101
11100100
11011000
11111100
11101100
00010011
11100101
00101000
11100101
00001101
11111110
00100011
11011100
00011111
11100001
00101001
11110010
00100010
11110011
00101000
00000010
00101001
00010001
00011111
00010001
00011010
00010110
00111010
00010111
00111010
11110100
00101110
00001000
00110011
00000100
00101000
00000001
00011100
11101010
00100101
11010111
00011000
11100110
00100001
11110110
00001100
11100100
00011001
00000010
00110000
11111001
00010101
11111000
00100001
00000110
00110010
11111100
00110001
00001000
00101101
00000011
00011011
11101001
00010000
11100011
00000010
11011010
00100110
11100101
00001110
11100010
00011000
11011010
00001011
11110101
00000011
11101001
00101000
11100101
00011000
11011011
00101100
11011111
00010010
11110011
00000111
00000001
00000010
11101011
00001110
11100001
00100101
11101010
00010110
11111101
00001001
11101010
00101001
11111110
