00001011
11100000
00011011
11111100
00101011
11011001
00000111
11101011
00100010
11011101
00000001
11100110
00100001
11011111
00101001
11111100
00100011
11010110
00000101
11110100
00001011
11011100
00000100
11011111
00001100
11111000
00101010
11011110
00000100
11010100
00100110
11110001
00011111
11101100
00010011
11100011
00001111
11100101
00000101
11111101
00010001
11111010
00011111
11111100
00100111
11100110
00001001
11100010
00011000
11110010
00101010
11011110
00000101
11111110
00010111
11101110
00001001
11101100
00000111
11110010
00010011
11111111
00011101
11111010
00010100
11111010
00011111
11011001
00011011
11010100
00100110
11111100
00000001
11101000
00001000
11010100
00000010
11101100
00011001
11100011
00011111
11101000
00010010
11011011
00011010
11010111
00001010
11011101
00010001
11101111
00000100
11011011
00001111
11010111
00011110
11001011
00010010
11001110
00001010
11011001
00001101
11011011
00001010
11010101
11111001
11010111
00010110
11110111
00000100
11110111
00100011
11011010
00100001
11111000
00011110
11110010
00000011
11010110
00000010
11100110
00000001
11011110
11101111
11000111
00000101
11010100
11111110
11001000
00011100
11110100
00001011
11101011
00100001
11100100
00010111
11101100
00100000
11011011
00100100
11011101
00000001
11100110
00011100
11011101
00011110
11101010
11110110
11001001
11110001
11011001
11110100
11011101
00000011
11100010
00001001
11110101
00101110
11110111
00011001
11110001
00111000
00001101
00110000
00001101
00010111
11100110
00000100
11010111
00010011
11011001
00011110
11101001
00001110
11100011
11110110
11100001
11111111
11100000
00000100
11100100
00010000
11101010
00010011
11010111
11111001
11110001
00001101
00001000
00111101
00011000
01000111
00001101
00110011
11111110
00000100
11010101
00100011
11111011
00100101
11110011
00100100
11011010
00001111
11100011
00010111
11010010
00011100
11101001
11111100
11010000
11111111
11010010
11110110
11100110
00010111
11101100
00100101
11111100
00111111
00011011
00100001
00000001
00001011
11100001
00010100
11110110
00011110
11110101
00000111
11100000
00001001
11110101
00000010
11110100
00101100
11100010
00101001
11100110
11111101
11100011
11111110
11101110
00100101
11100011
00100010
11110111
00100100
00100110
00101101
11110110
00101111
11111011
00100111
11111010
00100110
11110011
00010001
11101101
00011110
11101100
00110001
11101001
00100111
00011010
00011000
11100111
00010110
11101011
00000101
11111010
00001101
11100101
00011000
00000010
00101111
00100000
00111111
11110111
00101010
11101000
00001001
11011101
00100001
11111111
00110010
11110110
00011110
11111111
00111000
11111111
00110100
00000001
01000000
11111011
00100100
11100011
11111110
11010010
00010110
11100000
11111001
11110001
00010010
11111011
00100011
11101010
00000101
11100000
00010000
11011010
00001111
11101010
00100100
11100100
00101110
11110100
00100100
00100000
01000001
11111110
00101100
00000001
00011110
11110000
00000011
11011110
00000111
11011011
11101001
11001011
00011011
11111111
00101011
11111011
00011110
11111001
00101001
11100010
00101001
11111000
00011110
00001100
00110110
00000011
00011001
11111101
00110100
11110111
00011100
11100111
00110110
11101101
00001001
11011111
00001001
11101011
11111001
11000000
00001111
11101011
00010110
11101000
00010010
11101010
00011111
11111111
00011110
11100101
00100010
11111011
00110110
11111111
00101000
11101111
00101000
11100000
11111001
11110000
00001101
11010110
11100100
11011000
11111010
11110000
00000011
11101000
00010001
11011111
00000100
11111110
00000110
11011111
00011000
11101001
00001100
11110011
00010111
11100100
00110000
11111110
00011011
11101100
00100010
11100000
11110110
11010111
00101111
11100010
11101100
11011110
11111011
11100001
00001110
11101011
00100010
11100101
00011110
11010010
00011101
11100011
00101100
11011100
00010010
11100110
00001011
11100110
00100000
11011010
00011000
11100110
11110101
10111011
11110001
11100101
00000101
11010111
11111100
11000101
00000111
11011011
00000011
11100001
00010010
11110101
00001000
11011001
00010101
11101000
00100011
11111010
00000111
11011001
00100110
11100111
00001001
11101101
11110101
11100011
11101000
11000101
00001000
11111111
00101010
11010100
00001100
11011011
00011011
11110100
00011011
11110100
00000101
11101001
00101010
11101100
00010000
11011001
00000110
11011010
00010001
11010001
00100111
11110001
00101000
11001110
11100100
11100111
11110010
11101000
11111111
11111111
00001100
11100000
00001010
11101001
00100000
11111000
00010100
11100111
00011000
11111111
00010100
11011100
00100111
11110001
00101100
11110101
00001001
11110010
11111110
11101101
00001111
11110101
11110000
11010000
00011111
11101010
00011011
00000001
00011010
11011000
00001011
11101011
00001111
11010101
00001000
11110000
11111111
11011000
00001011
11011011
00100101
11011011
00010010
11100001
00000110
11100100
00100011
11111001
00100000
11111011
00101000
11101011
00000111
11111101
00010001
00000100
00010011
11111000
00001001
11010100
00011001
11011010
11111100
11011100
00010010
11011000
00010000
11011110
00011001
11011111
00010100
11101111
00011001
11010000
11110101
11100011
00010000
00001010
00010111
11111111
00100000
11101001
00010101
11111100
00000010
11011110
11111111
11100011
00001011
11010000
11110011
11011000
00001011
11011101
11111100
11011100
00011000
11101110
00010110
11111100
00000110
11001111
00001001
11011111
00101011
11111001
00101101
11101110
00101100
11111010
00010111
11011011
00001101
11110111
00010100
11100100
00001000
11100100
00011001
11101101
00010111
11111001
11111111
11011100
00100011
11111110
00011000
11110001
00010010
11111000
00001011
11100111
00110000
11101000
00100011
11110110
00011001
11101101
00100100
11100100
00001101
11110101
00100001
11110101
00001010
11101000
00011011
11110010
00000110
11011010
00010100
11011001
00100100
11101001
00011100
11100101
00010111
11110011
00100110
11011000
00001101
11110101
00100011
00001011
00011010
11110001
00110010
11110101
00100101
11111100
00101100
11110111
00101100
11111000
11110110
11100010
00000110
11010000
00010110
11100100
00100000
11010100
00010101
11101000
00010110
11111010
00000011
11111101
00001110
11111000
11111010
11100100
00001010
11011011
00010010
11011100
00001011
11100100
00000101
11100011
00001000
11100000
00000111
11110111
00100000
11101101
00010100
11111010
00001111
11010011
00100010
11111110
00101100
11110110
00011010
11101001
00001100
11011100
00001110
11010110
00010100
11100100
00000001
11110100
00000011
11011010
00010110
11100110
00001000
11010010
00000100
11110000
00011110
11100011
00001110
11100111
00101010
11011100
00011111
11110100
00100100
11101100
00001110
11011100
00011101
11010110
00001001
11111001
00011011
11100010
00100010
11110100
00010100
11100000
00010110
11101010
00010110
11110101
00101001
11100000
00001001
11110101
00101010
11010110
00100101
11110100
00010110
11011101
00000010
11111000
00000010
11011010
00011100
11101111
00011100
11110011
00001101
11011001
00001111
11011001
00100000
11010101
00001011
11111100
00100000
11011110
00011011
11111000
00000001
11100110
00100110
11110110
00100101
11011101
