00001000
11101100
00001111
11110010
00011000
11101111
00011101
11110001
00000101
11111011
00000110
11111110
00011101
11100001
00000011
11111010
00001100
11101111
00010011
11100110
00001011
11010100
00100010
11011110
00000111
11100100
00100100
11111011
00000010
11111101
00000011
11110110
00010111
11101110
00011000
11111110
00100100
11110111
00010001
11011000
00001110
11101010
00101010
11010100
00001000
11111111
00000100
11101100
00010100
11101011
00000010
11100010
00010101
11011100
00010011
11100100
00010100
11110101
00100001
11101010
00001101
11011100
00100000
11011100
00001011
11110101
00101000
00000001
00010100
11111001
00110000
11100110
00100110
11011101
00100100
11011100
00101110
11100010
00010100
11110010
00001100
11101100
00101101
11100000
00001011
11101101
00001111
11100001
00011110
11111100
00001000
11010101
00101000
11011001
00100100
11111010
00000100
11100110
00001111
11110010
00101001
11111111
00010010
11110010
00110111
00001110
00011101
11100000
00100111
11011000
00000111
11111101
00001110
11111001
00100011
11100111
00011010
11111001
00001010
11110100
00001001
11101001
00000001
11101110
00000101
11010000
11111110
11010101
00001100
11101000
11111111
11110011
00100000
11111101
00001100
11111011
00010010
11100100
00000010
11110011
00010011
11110111
00010000
11011110
00010000
11111001
00001101
11010110
00001011
11011111
11110100
11001111
11101100
11011110
00001000
11100100
00001111
11101001
00110001
00010001
00110010
11011101
00011001
11110001
00001001
11100000
00010100
11011101
00000101
11100111
00000100
11101001
00100010
11101110
00010001
00000011
00100010
11100010
11110110
11000111
11101100
11011001
11110010
11100101
00010111
11100010
00011001
11011011
00001110
11100111
00100101
11011011
11111001
11011010
00100001
11100100
00000011
11101110
00010011
11111100
00101111
11101111
00101001
11110001
00110101
00001000
00011010
11011110
00010101
11010010
11111010
11000111
11110110
11101001
00001010
11100100
11111010
11001110
00001000
11101110
11100100
11001101
00010011
11110010
00000101
11101100
00101011
11111111
00101111
11111101
00011011
11101100
00101001
00000100
00011000
11101011
00001000
11101110
11110111
11011010
00000110
11111000
00010101
11101101
00010011
11001010
00001110
11011011
11101011
11001111
00001000
11110010
00000011
11010110
00011110
00000011
00100010
11111000
00011011
11110101
00011100
11100000
00001110
11100100
00100110
11101000
00001010
11011101
00101011
11111010
00010101
11111000
00001010
11100011
11111001
11010001
00000001
11011010
00100010
11111101
00011111
11110011
00010011
11101000
00010111
11100001
00101100
11100010
00001011
11101111
00000110
11101111
00101000
00000100
00010001
11010101
00100000
11101100
00100001
11101001
00010000
00000001
00101110
11011010
11111100
11011110
00001010
11111111
00011001
11110101
00000111
11111010
00011101
11110000
00101111
11011011
00001000
11011100
00100001
11100100
00010010
11011111
11110010
11010101
00011011
11110111
00100111
11110100
00100010
00001000
00101010
11111111
00010101
11100111
00001001
11011110
00011100
11100110
00100110
11111011
00100110
11011100
00010111
11110101
00010001
11111001
00001011
11110001
00100010
11000101
11001110
11010110
00100011
00000001
00010010
11100100
00001010
11110111
01001000
11111100
00111000
11110001
00010000
11101101
00011000
11100011
00001010
11111001
00001010
11011101
00011111
00001011
00110000
11100101
00100011
00001011
00000101
10110001
11100100
11101100
00110011
11011101
00010101
11010101
00001100
11110001
01000110
00100010
00011010
11100100
00001010
11010110
00100110
11100011
00010000
11101110
00010000
11111101
00110011
00000111
00100111
11100100
00101000
11111111
11111011
10110100
11011011
11011100
00001101
11100110
00001010
11111100
00011101
00010001
01000100
00100010
00110101
11110101
00011111
11100100
00101000
11111111
00011001
11100000
00100000
11101000
00010111
11110010
00011111
11101011
00011111
11010000
11101000
10110110
11100111
11110101
00011100
00000011
00011101
11111110
00101100
00010111
00110101
00000110
00011011
11011111
00001001
11010111
00101001
11111110
00011000
11011011
00000001
00000111
00100110
00000001
01000011
11110100
00100000
11011000
11010011
10111111
00000010
11100111
00010101
11111111
00100110
00011000
00110010
00010000
00100110
11101100
00010000
11101111
00100000
11100011
00100101
11111101
00011001
11011001
11111111
00000001
00011010
00010000
00110001
00101001
00111101
11100110
11110110
11010011
00100000
00000011
00011101
11110010
00111001
11110001
00101100
00001000
00110000
11100010
11111101
11010000
00010110
11100110
00000101
11110000
00001001
11001110
00001001
11011000
00001001
11011111
00110101
00011000
00110101
11111111
00000001
11100101
00010111
11011000
00010110
11110110
00001000
11111011
00001000
11011011
00010100
11100011
11101010
11100100
00100001
11110101
00001101
11110001
00100010
11100111
00010100
11001001
11110111
11011110
00001000
11110000
00011000
11101000
00000100
11101100
00011011
11100111
00001010
11101010
00010011
11110010
00001011
11100101
00000010
11010101
00001000
11110101
00011101
11101100
00011001
11101011
00011101
11010001
00010101
11100001
11111010
11010111
11110110
11001011
00010000
11110001
00100110
11111010
00101010
11101001
00101010
11111101
00001001
11010001
11111010
11001011
11110011
11100000
00001001
11100001
00100111
11011101
00100101
11100110
00001001
11100110
11110100
11010011
11111011
11001001
11110111
11010110
00001110
11110110
00100001
00010011
00111011
11111110
00101000
11111001
00011000
11100100
00001111
10111111
11110011
11001011
00100010
11101110
00001101
11111000
00000010
11111000
00101010
11010100
00010111
11110010
00000100
11010101
11110011
11011001
00010010
11110101
00001011
00010110
00011000
00011011
00010010
11011010
00010111
11001100
11111011
11010100
00010101
11100110
00010001
11111110
00010001
11110100
00010010
11100011
00010100
11101010
00100001
11101010
00001100
11101001
00011011
11101101
00010101
11101011
00010001
11101101
00010011
11111111
00011100
11110010
11111110
11101001
11101110
11101110
00010000
11011111
00010100
11101100
00000010
11010101
00010100
11101101
00001010
11011010
00000100
11100010
00010000
11011101
00001000
11101011
00011111
11101101
00010110
11100101
00001100
11101000
00011010
11110001
00001110
11010110
00000111
11011000
00011011
11100001
00011001
11101100
00001000
11111011
00100111
11110110
00000011
11110010
00011101
11110011
00001001
11100100
00101111
11101010
00010101
11111101
11111011
11110001
00011100
11101101
00100000
11110001
00010010
11010110
00000111
11001101
00010000
11111100
00010001
11110001
00011001
11010100
00100011
11011110
00000100
11100011
00101100
11111010
00101100
11101000
00010010
11110000
00000110
11101100
00010111
11010011
00010001
11100100
00000010
11110010
00100110
11111110
00010000
11101111
00100000
11010011
00000111
11110110
00101101
11101000
00011010
11100111
00011000
11110000
00001110
11100100
00101100
11110011
00100010
11010110
00101010
11110111
00000001
11110100
00011010
11101000
00001110
11111101
00001000
11110001
00010100
11010111
00010000
11010111
00001010
11111100
00101001
11101111
