00100101
11101000
00011010
11010101
00000110
11111011
00000001
11100011
00101011
11110110
00100101
11110110
00011100
11111011
00000001
11110010
00011110
11010110
00010001
11111010
00000010
11111110
00100011
11111100
00000011
11110001
00100101
11101111
00001000
11101011
00010101
11111111
00000001
11111110
00101100
11111001
00000111
11010011
00100100
11111100
00001010
11100100
00001111
11011011
00100010
11110001
00000111
11101111
00001101
11101000
00010111
11110010
00011010
11110011
00010011
11100011
00011101
11110101
00000010
11011011
00100001
11101010
00100100
11100000
00011000
11011101
00101001
11100100
00100111
11100110
00100110
00000011
00010011
11111111
00101001
11111111
00010110
11111111
00010100
11011111
00011000
11010110
00000011
11111010
00001011
11101010
00100011
11011001
00100001
11011010
00011111
11101100
00010000
11101100
00001111
11100010
00011000
00000110
00011101
11111111
00101001
11111000
00001011
11111110
00010011
11010000
00000001
11010111
00101011
11101000
00011100
11101000
00010110
11100001
00011110
11100000
00001000
11101010
00011010
11010111
00001110
11111011
00011101
11110001
00110010
11110101
00100111
00010001
00101111
11100011
00011000
11110001
00001011
11110000
00010011
11011010
00001101
11100111
00011100
11110010
00000111
11110101
00100101
11100100
00101001
11100111
00001110
11111001
00101011
11011110
00001101
00000100
00011000
11111001
00110101
00010000
01000010
00010011
00100010
11110101
00011110
11111011
00000111
11011111
00100000
11100111
00001111
11111011
00001001
11010110
00010011
11110000
00001000
11110001
00101001
11110110
00100101
00000001
00100011
11101111
00001010
11101101
00100000
11101011
00101011
11101010
00100101
11110111
00011010
11101111
00011001
11110101
00010011
11110010
00101010
11111101
00101101
11110110
00001000
11110111
00001010
11101000
00011110
11110111
00110011
00000010
00101101
11101101
00100100
11100100
00010101
11111111
00001011
11111101
00100111
11101101
00110011
11111010
00011110
00000110
00011100
11101001
00010011
11100110
00000110
11110011
00011110
11111100
00011100
11100011
00011011
11110110
00110001
11110010
00011011
00010100
00101001
11111001
00111101
00000100
00011100
11111101
00011100
11111100
00011100
11110110
00010110
11111101
00111100
11111101
00011110
11110111
00000101
11011000
00100101
11110111
00001110
11110101
00011111
11111001
00101010
11111000
00011111
11100111
00010101
11110001
00010110
00000101
00101001
11110111
00001110
11111001
00011010
00001101
00110101
00000100
00111111
11111111
00010100
11101100
00101010
11011101
00100000
11111111
00100010
11101101
00010000
11011011
00101000
11011110
00000110
11011100
11110001
11010001
00011011
00001100
00000101
11110100
00001010
11110110
00011000
11101011
00101111
00001110
01000011
00001111
00010100
11110000
00011011
11100100
00100111
11101000
00001101
11011110
00000010
11100000
11011110
10111111
11111111
10110110
11111100
11101011
00011110
11101100
11101111
11011101
11111000
11010101
00001111
11100110
00001010
11110010
00111111
11101110
00010111
11100010
00100011
11011101
00000010
11101110
00000110
11000011
00000100
10111001
11101010
11001101
00000110
11011001
00001011
11011110
00010101
11011001
11100001
10111111
11110010
11001010
11110110
11101010
00011100
11101000
00011001
11011111
00011100
11110101
00010111
11111111
00101010
11110001
00010101
10111011
11110100
11010010
00001010
11011100
11111000
11101111
00011010
11110001
00011111
11001000
11101101
11001110
11111100
11011100
11101100
11010100
00100110
11111010
00100110
11100101
00101010
11111011
00010110
11101010
00010001
11010001
00001010
11011000
11101110
11011100
11111011
11011100
00011001
11111011
00100110
11110011
00010111
11010100
11101001
11001111
11100010
11001111
11111111
11010000
00000010
11101000
00010111
11110010
00100100
11111010
00000001
11100010
00001100
11101001
00000001
11011000
11111101
11010011
00011110
11101001
00001011
11110110
00101000
11101111
00001011
11010110
11100001
10111101
11111011
11000100
11101111
11101111
00011110
11101101
00110011
11111100
00001000
11110100
00011010
11011000
00010011
11101001
00011011
11011111
11110110
11010000
00000010
11101111
00100011
00000110
00100101
11110111
00001001
11011111
11110010
11010001
11110001
11101000
00000110
11101110
00101000
11111010
00100011
11101101
00000111
11110001
00100100
11110101
00011101
11110110
00010011
00000100
00101011
11011011
00010010
11110011
00011110
11101011
00110101
11011001
11110011
10111111
00000111
11100000
11111010
11101101
00001101
11111001
00110000
11110011
00110110
11111010
00010010
11110110
00100110
11101011
00011011
11101011
00110001
00001010
00011001
11101101
00010001
00000001
00100001
11100010
00001011
11110001
00000111
11000100
00010101
00000001
00110000
00000010
00101001
11110011
00111110
11110010
00100011
00000010
00100011
11111101
00010000
11111010
00001101
11111100
00101010
11101101
01000010
00011101
00101101
00000101
00101111
00010101
01000100
11100111
00000010
11110000
00010101
11011101
00110011
11110101
00011011
00000111
00100100
11111010
00100001
11100111
00011101
11100000
00100010
11101110
00100011
00000001
00100111
00010010
00101100
00100110
01001110
00110001
01000100
00001110
00110101
00000011
00010001
11111010
00000100
11111001
00011011
00001110
00101110
11111000
00100101
00000100
00011111
11111001
00000010
11010110
00100101
11100010
00011110
11101011
00010011
00000011
01000001
00001110
00110111
00011000
00111111
00010111
00100111
00010110
00011111
11110010
00010111
11101111
00011100
00000100
00111001
00000011
00110100
00000100
00010001
11011010
00010110
11011011
00000010
11101001
00100011
11011100
00010010
11111110
00101101
00001010
00110000
11111001
00101011
00000100
00100001
00000010
00101100
11101110
00011110
11111110
00100010
11101100
00011111
11100001
00001010
11101101
00001011
11011100
00011101
11101000
00011110
11111010
00010001
11100001
00100001
11111111
00100010
11100000
00010110
11111000
00001001
00001000
00100011
00010010
00101010
11111100
00100000
11101000
00011111
11101000
00011100
11101011
00000010
11101001
00000111
11110101
00101101
11101111
00000010
11100011
00101010
11100000
00100011
11101110
00001101
11100010
00001000
11111011
00001110
00010001
00011100
00000010
00101000
00000110
00011001
11101110
00011001
11110101
11110001
11011110
00001100
11010110
00100010
11100010
00001110
11010111
00101010
11110010
00001101
11010100
00101010
11110010
00011100
11011000
00001000
11110100
00010001
11101010
00011010
11111110
00001101
11110111
00010110
11011101
00001101
11101001
00011110
11101000
00000110
11010010
00100011
11011110
00100101
11101001
00010101
11111011
00010011
11101110
00010010
11011110
00001111
11101100
00100110
11111000
00000101
11110010
00010001
11111000
00010111
11110001
00100000
11101000
00011011
11101000
00000001
11110000
00011111
11111110
00011100
11010101
00000010
11101110
00100001
11011010
00101010
11110111
00101011
11110000
00011011
11101111
00000011
11111111
00100010
00000001
00000110
11011011
00010110
11110000
00000101
11010110
00100011
11011110
00010101
11101001
00001011
11100111
00100100
11010101
00011100
11101100
