00100101
11111100
00011010
11010110
00011110
11101111
00010111
11110011
00000001
11111011
00010111
11100110
00100000
11110010
00100101
11010111
00000101
11100000
00100100
11010100
00101011
11010101
00101100
11011101
00101001
11011000
00101011
11100111
00010110
11011110
00000100
11110010
00100110
11100010
00001011
11101000
00000001
11011101
00100100
11111101
00100110
11110010
00011101
11100110
00011101
11101011
00010101
11011110
00001000
11110010
00100000
11111001
00001011
11100001
00101010
11111000
00011011
11011000
00100000
11111100
00011101
11011100
00010010
11101010
00010100
11100000
11111100
11100110
00010000
11011010
00010111
11110000
00000001
11101110
00100000
11011010
00011101
11101110
00010101
11010111
00011100
11110110
00000011
11011000
00101001
11010011
00000011
11101001
00101000
11011100
00011010
11101000
00011001
11111111
00000100
00000110
00100100
00000101
00010111
11110110
00100101
11110001
00000101
11001011
00001010
11101111
00011100
11111010
00010111
11110100
00000010
11111010
00010110
11111100
00000001
11101101
00000110
11111110
00101101
11011001
00110011
11111101
00110010
00001000
00110000
11111110
00011011
11111000
00011101
11111110
00001111
11100111
11111111
11010010
00000111
11010110
00011110
11110101
00100100
11110011
00010110
11011010
00010011
11010100
00110000
11110111
00100010
00001011
00100000
11111111
00011010
11111101
00110110
00000100
00111110
00001111
00100100
00000011
00101010
11100110
00001100
11101101
11110000
11000110
00001110
11100001
00001111
11101101
00100011
11111000
00011111
11110111
00001011
00001010
00011111
11011110
00100000
11101010
00001100
00000001
00010011
00101010
00111111
00000110
00111111
00001010
00011110
11100001
00100001
11111001
11111101
11010101
11101001
11011100
00100010
11011101
00000100
11110101
00001000
11011101
00011111
11101000
00010100
11101000
00100001
11110101
00011100
11101001
00010100
00000011
00111101
00011011
00110001
00010010
00010001
11111011
00001111
11100100
00001100
11010010
11110111
11101010
00001011
11011110
00011101
11111000
00010111
11100010
00011010
11100110
00011001
11000111
00000100
11011110
00001011
11011101
11111011
11010001
00011011
00110001
00111111
00000001
00100001
11100100
00100101
11110010
00010011
11010010
11111101
11010101
00010010
11101100
00011100
11011101
00000111
11110011
00101000
11011000
00010110
11001101
11101110
11001001
11110000
10111000
11010101
11001001
00101010
00100001
00111000
11111111
00101011
11110101
00010101
11100110
00101011
11101100
11111001
11010000
00001011
11111001
00001000
11011110
00011000
11011011
00001111
11001100
11011110
10111101
11100010
11001000
11101001
10110000
11011110
10111101
00110100
11101110
00100101
00000101
00110000
11111101
00111110
00010011
00111110
00001100
00001101
11001110
00000100
11101110
00011101
11101101
00011000
11011001
11111100
11100001
11110010
10111011
00000001
11000101
11101001
11001010
11110111
11000010
11111001
11011011
00010010
11110110
00100011
00001101
00101011
11110010
01000001
00010010
01000001
11010110
00010010
11111110
00100100
11101000
00010010
11101001
00011101
11000000
11110100
11100011
11111011
11100001
00010110
11011111
11111111
11000001
11110101
11001111
00000011
11000101
00011000
11101000
00101100
00000001
00111011
00001010
01000010
11010111
00100010
11010110
00100010
11111000
00101010
11100101
00010111
11100111
00101011
11110000
00011001
11101101
00001001
11010001
11111110
11011010
00001000
11000001
11110100
11100011
11111000
11100110
00011011
11011011
00101110
11110101
00111010
11011001
00001000
11010101
00100001
11010111
00101000
11101001
00001000
11100101
00011010
00000001
00011011
11111110
11111110
11011000
00000001
11101101
11111001
11001100
11111110
11010001
11111011
11101101
00011011
11110111
00001001
11110001
00001110
11111011
00010011
11111101
00101011
11101000
00000010
11100001
00100001
11111010
00101000
00001101
00110011
11111111
00001011
11101011
11110000
11001010
11111111
10111101
00000011
11010001
00100100
11100010
00011100
11111100
00011000
11110010
00010100
11100001
00001011
11101101
00100100
11100101
00011000
11100000
00011000
00010101
00110111
11111110
00100000
11110011
00001101
11100110
00010000
11010011
11011100
10111110
11110111
11111011
00101100
00000101
11111101
11100100
00100101
11100100
00100001
00000001
00010000
11111110
00100010
11101000
00010111
11101101
00011010
11110111
00101000
11111110
00010111
11011011
00100100
11001101
00000100
11100001
11100011
11010011
00100011
11110111
00100000
11110010
00010110
11110010
00110010
11100010
00100010
11101110
00010110
11101111
00011010
11011101
00010101
11111100
00100000
11110101
00101101
11101001
00101001
11110011
00100000
11110110
11111100
11010011
11111001
11101001
00111011
11111100
00110011
00001000
00001010
11110101
00001101
11011101
00010100
11111100
00011111
11111110
00100001
11111011
00010101
00000010
00111100
11101110
00100001
11111000
00011110
11101111
00110011
11111111
00100111
11100101
11111111
11100101
00100001
11111000
00011110
11110000
00001100
11110111
00001110
11110011
00011101
11101100
00010000
11010111
00100001
11111111
00101101
11111001
00011110
00000001
00100111
11111010
00000001
11110010
00010100
11100001
00011111
11010010
00100010
11100111
00010011
11100111
00101110
11111010
00001111
00000100
00001111
11110101
00010111
11101100
00011110
11010110
00000011
11111111
00101000
11100111
00010100
11110001
00010101
11111001
00001001
11111110
00001010
11110011
00010011
11101110
00011001
11101110
00010101
11111000
00001110
11101001
00101000
11011100
00000101
11011000
00000111
11110101
00001011
11101100
00100101
11010111
00010100
11100000
00110110
00000011
00101011
11100001
00010010
11100100
00010100
11111001
00100111
11101100
00010101
11100100
00011110
11101111
00100101
11111011
00001101
11111010
00100110
00000001
00000111
11011101
00000001
11111000
00000100
11110100
00011101
11011100
00001100
00000011
00101010
00000011
00010010
00000010
00001111
11111001
00011111
11110101
00010111
11101010
00001100
11100010
00101000
11110001
00010001
11011011
00010111
11011110
00101010
11110110
00100110
11111110
00000001
11011010
00001010
11111101
00000111
11011010
00101000
11101110
00100001
11011001
00001110
11111111
00010111
11110011
00011011
11011111
00010101
11101111
00100010
11101010
00010011
11011000
00011100
11111101
00011011
11111011
00100110
11101001
00001111
11100010
00011001
11110000
00010111
11011011
00001111
11011001
00010001
11011110
00011000
11011100
11111011
11100011
00001111
11100001
00010111
11101110
00100110
11100111
00001101
11010100
00100100
11011010
00100011
11101100
00101001
11110000
00011001
11011110
00100111
11010111
00010011
11101100
00001100
11010100
00000111
11011001
00010100
11010011
00000010
11011111
00000011
11100101
00011101
11001101
00011111
11100001
00000111
11011100
00000111
11101010
00100000
11010101
00001111
11101010
00010011
11110101
00100110
11010100
00101101
11011111
00101000
11101101
00001000
11111000
00010000
11101110
00101000
11010010
00001001
11111011
00010110
11100101
00010011
11110000
00011001
11110101
11111111
11100000
00000001
11111001
00001001
11011111
