000011
111000
000111
111111
001011
110110
000010
111011
001000
110111
000001
111010
001000
111000
001010
111111
001001
110101
000001
111101
000011
110111
000001
111000
000011
111110
001011
110111
000001
110101
001001
111100
001000
111011
000101
111001
000100
111001
000001
111111
000100
111111
001000
111111
001010
111001
000010
111000
000110
111100
001011
110111
000001
111111
000110
111100
000010
111011
000010
111101
000101
111111
000111
111111
000101
111111
001000
110110
000111
110101
001001
111111
000001
111010
000010
110101
000001
111011
000110
111001
001000
111010
000101
110111
000110
110110
000010
110111
000100
111100
000001
110111
000100
110110
001000
110011
000100
110011
000010
110110
000011
110111
000010
110101
111110
110110
000110
111110
000001
111110
001001
110111
001000
111110
000111
111100
000001
110110
000001
111001
000001
111000
111100
110010
000001
110101
111111
110010
000111
111101
000011
111011
001000
111001
000110
111011
001000
110111
001001
110111
000001
111001
000111
110111
001000
111011
111110
110010
111100
110110
111101
110111
000001
111001
000010
111101
001100
111110
000110
111100
001110
000011
001100
000011
000110
111001
000001
110110
000101
110110
001000
111010
000011
111001
111101
111000
111111
111000
000001
111001
000100
111011
000101
110110
111110
111100
000011
000010
001111
000110
010010
000011
001101
111111
000001
110101
001001
111111
001001
111101
001001
110110
000100
111001
000110
110101
000111
111010
111111
110100
111111
110100
111101
111001
000110
111011
001001
111111
010000
000111
001000
000001
000011
111000
000101
111110
000111
111101
000010
111000
000010
111101
000001
111101
001011
111001
001010
111010
111111
111001
111111
111100
001001
111001
001000
111110
001001
001010
001011
111110
001100
111111
001010
111111
001010
111101
000100
111011
000111
111011
001100
111010
001010
000111
000110
111010
000101
111011
000001
111111
000011
111001
000110
000001
001100
001000
010000
111110
001010
111010
000010
110111
001000
111111
001100
111101
001000
111111
001110
111111
001101
000001
010000
111111
001001
111001
111111
110100
000101
111000
111110
111100
000101
111111
001001
111010
000001
111000
000100
110110
000100
111010
001001
111001
001011
111101
001001
001000
010000
111111
001011
000001
001000
111100
000001
110111
000010
110111
111010
110011
000111
111111
001011
111111
001000
111110
001010
111001
001010
111110
001000
000011
001101
000001
000110
111111
001101
111110
000111
111010
001101
111011
000010
111000
000010
111011
111110
110000
000100
111011
000110
111010
000100
111010
001000
111111
001000
111001
001001
111111
001110
111111
001010
111100
001010
111000
111110
111100
000011
110101
111001
110110
111111
111100
000001
111010
000100
111000
000001
111111
000010
111000
000110
111010
000011
111101
000110
111001
001100
111111
000111
111011
001000
111000
111101
110110
001100
111001
111011
111000
111111
111000
000100
111011
001000
111001
000111
110100
000111
111001
001011
110111
000100
111001
000011
111010
001000
110111
000110
111010
111101
101111
111100
111001
000001
110110
111111
110001
000010
110111
000001
111000
000101
111101
000010
110110
000101
111010
001001
111111
000010
110110
001001
111010
000010
111011
111101
111001
111010
110001
000010
111111
001010
110101
000011
110111
000111
111101
000111
111101
000001
111010
001011
111011
000100
110110
000010
110110
000100
110100
001010
111100
001010
110011
111001
111010
111100
111010
111111
111111
000011
111000
000011
111010
001000
111110
000101
111010
000110
111111
000101
110111
001010
111100
001011
111101
000010
111100
111111
111011
000100
111101
111100
110100
001000
111010
000111
000001
000110
110110
000011
111011
000100
110101
000010
111100
111111
110110
000011
110111
001001
110111
000100
111000
000010
111001
001001
111110
001000
111111
001010
111011
000010
111111
000100
000001
000101
111110
000010
110101
000110
110110
111111
110111
000101
110110
000100
110111
000110
111000
000101
111100
000110
110100
111101
111001
000100
000011
000110
111111
001000
111010
000101
111111
000001
110111
111111
111001
000011
110100
111101
110110
000011
110111
111111
110111
000110
111100
000101
111111
000001
110100
000010
111000
001011
111110
001011
111100
001011
111110
000110
110111
000011
111110
000101
111001
000010
111001
000110
111011
000110
111110
111111
110111
001001
111111
000110
111100
000100
111110
000011
111010
001100
111010
001001
111110
000110
111011
001001
111001
000011
111101
001000
111101
000011
111010
000111
111100
000010
110110
000101
110110
001001
111010
000111
111001
000110
111101
001001
110110
000011
111101
001001
000011
000111
111100
001100
111101
001001
111111
001011
111110
001011
111110
111110
111001
000010
110100
000101
111001
001000
110101
000101
111010
000101
111110
000001
111111
000011
111110
111110
111001
000010
110111
000101
110111
000011
111001
000001
111001
000010
111000
000010
111110
001000
111011
000101
111110
000100
110101
001000
111111
001011
111101
000110
111010
000011
110111
000011
110101
000101
111001
000001
111101
000001
110111
000110
111010
000010
110100
000001
111100
000111
111001
000011
111010
001011
110111
001000
111101
001001
111011
000100
110111
000111
110110
000010
111110
000111
111001
001001
111101
000101
111000
000101
111011
000101
111101
001010
111000
000010
111101
001011
110101
001001
111101
000101
110111
000001
111110
000001
110111
000111
111100
000111
111101
000011
110110
000100
110110
001000
110101
000011
111111
001000
111000
000111
111110
000001
111010
001001
111101
001001
110111
