00101
11111
00010
11100
00001
11101
00101
11011
00100
11111
00100
11111
00101
11111
00011
11110
00011
11101
00011
11111
00001
11011
00101
11101
00001
11110
00010
11100
00001
11111
00001
11011
00001
11101
00011
11111
00001
11101
00001
11100
00100
11011
00100
11101
00001
11110
00101
11100
00101
11110
00101
11111
00001
11100
00100
11110
00101
11111
00001
11010
00001
11111
00101
11110
00011
11101
00011
11101
11111
11100
00001
11100
00010
11111
00001
11101
00011
11010
00001
11101
00010
11010
00011
11101
00100
11111
00101
11101
00001
11011
00011
11110
00001
11110
00100
11101
00001
11111
00010
11111
00100
11101
00100
11111
00100
11011
00100
11111
00101
11011
00011
11111
00101
11111
00100
11101
00001
11110
00001
11110
00011
11101
00101
11110
00010
11110
11111
11110
00011
11110
00001
11110
00101
11111
00011
11101
00101
11110
00100
11011
00001
11110
00001
11111
00011
11101
00101
11101
00010
11101
00010
11110
00011
11000
00011
11100
00101
11101
00001
11011
00001
11110
00011
11111
00011
11011
00100
11110
00001
11101
00001
11110
00101
11111
00100
11111
00110
00001
00001
11001
11011
11000
11010
10111
11100
11011
11110
11011
00001
11110
00110
11111
00110
11100
00101
11110
00011
11101
00101
11100
00001
11111
00001
11011
00001
11101
11110
11000
11011
10111
11000
10110
11000
10110
11011
11010
11111
11100
00011
11111
00100
11110
00101
11110
00010
11100
00101
11011
00010
11101
00100
11101
00011
11011
11111
11010
11100
11000
11001
10101
11001
11000
11110
11100
00010
11111
00001
11111
00001
11111
00011
11101
00101
11101
00101
11111
00010
11100
11111
11011
00001
11011
11101
11010
00010
11010
11010
10111
00001
11100
00001
11110
00010
11101
00100
11010
00011
11111
00101
11100
00010
11101
00010
11111
00101
11110
11111
11100
11110
11100
00001
11010
00001
10111
11101
11011
00100
11110
00001
11100
11110
11100
11111
11001
00100
11110
00011
11101
00011
11110
00010
11011
00100
11011
11101
11001
00001
11011
11111
11100
00110
10111
11100
11111
00111
11101
00001
11011
11111
11010
11110
11101
00011
11100
00101
11101
00001
11110
00001
11100
00011
11011
00001
11101
00100
11101
00100
00011
00110
11100
11111
11101
00101
11010
11101
11010
11100
11101
00010
11010
00010
11111
00101
11111
00101
11100
00100
11111
11111
11011
00101
11110
00100
00010
01000
01001
01011
00001
00010
11101
00101
00001
00010
11101
00011
11011
00100
11100
00110
11110
00101
11110
00011
11100
00011
11101
00010
11111
00110
00001
00101
00011
01000
01000
01001
00001
11111
11111
00011
00010
00001
00001
00100
11101
00111
00001
00101
11110
00001
11100
00101
11011
00001
11110
00100
11110
01000
00010
00111
00010
00111
11111
01000
00001
00101
00100
00101
11111
00101
00001
00101
00001
00100
11110
00010
11111
00101
11111
00011
11011
00101
11111
00101
11101
00111
00001
00101
11110
00011
11111
00010
00001
01001
00100
01000
00010
00010
00010
00110
00001
00110
00001
00111
11011
00101
11110
00001
11100
00011
11101
00101
00001
01001
00011
00101
11101
00011
11011
00010
00010
01010
00100
01000
00001
00101
11111
00011
11111
00110
11101
00010
11110
00001
11111
00010
11011
00010
11110
00100
11101
00011
00011
00101
11100
00010
11101
00111
00011
01000
00110
00111
11111
00100
11101
00001
00001
00001
11111
00110
11101
00010
11100
00001
11101
00100
11101
00011
00001
00010
11101
00010
00001
00101
11111
00011
00001
00110
00001
00110
11111
00100
11100
00001
11110
00101
11101
00100
11011
00011
11111
00100
11011
00100
11011
00010
11101
00011
11100
00100
11100
00011
11101
00110
11110
00011
11100
11111
00001
00011
11011
00001
11101
00010
11111
00100
11111
00001
11111
00001
11101
00001
00001
00010
11010
00011
11010
11111
11010
00001
11100
00001
11111
00010
11110
00001
11110
00101
11100
00011
11100
00011
11110
00101
11011
00011
11101
00001
11101
00011
11101
00001
11011
00001
11010
11110
11001
11110
11011
11101
11001
11110
11010
00001
11011
00010
11101
00010
11100
00001
11101
00001
11011
00101
11010
00101
11110
00011
11111
00101
11111
00010
11101
00001
11100
00001
11101
11101
11000
11111
10111
11111
11111
11111
11100
00100
11010
11111
11100
00001
11110
00101
11110
00010
11100
00010
11111
00001
11011
00001
11001
00011
11001
00001
11011
00001
11011
00010
11011
00001
11101
11111
11101
11111
11011
00010
11101
00001
11100
00101
11110
00001
11100
00100
11101
00010
11010
00010
11100
00001
11000
11111
11000
11110
11010
11111
11010
11100
11010
11111
11001
11111
11100
00010
11010
00011
11110
00010
11100
00001
11111
00101
11110
00100
11100
00011
11110
00001
11100
00001
11010
11101
11101
11110
11001
00001
11010
11110
11010
00011
11111
00001
11110
00001
11011
00010
11100
00001
11101
00010
11110
00100
11110
00011
11101
00101
11110
00100
11101
00011
11101
00101
11100
00011
11111
00010
11111
00100
11101
00101
11101
00011
11111
00101
11100
