00001
11101
00010
11110
00011
11110
00100
11110
00001
11111
00001
11111
00100
11100
00001
11111
00010
11110
00010
11101
00001
11011
00100
11100
00001
11100
00101
11111
00001
11111
00001
11111
00011
11110
00011
11111
00100
11111
00010
11011
00010
11101
00101
11011
00001
11111
00001
11101
00010
11101
00001
11100
00011
11011
00010
11101
00010
11111
00100
11101
00010
11100
00100
11100
00001
11111
00101
00001
00011
11111
00110
11101
00101
11100
00101
11100
00110
11100
00010
11110
00010
11110
00110
11100
00001
11110
00010
11100
00100
11111
00001
11011
00101
11011
00100
11111
00001
11101
00010
11110
00101
11111
00010
11110
00111
00010
00100
11100
00101
11011
00001
11111
00010
11111
00100
11101
00011
11111
00001
11110
00001
11101
00001
11110
00001
11010
11111
11011
00001
11101
11111
11110
00100
11111
00001
11111
00010
11101
00001
11110
00010
11111
00010
11100
00010
11111
00010
11011
00001
11100
11111
11010
11110
11100
00001
11101
00010
11101
00110
00010
00110
11100
00011
11110
00001
11100
00011
11100
00001
11101
00001
11101
00100
11110
00010
00001
00100
11100
11111
11001
11101
11011
11110
11101
00011
11100
00011
11011
00010
11101
00101
11011
11111
11011
00100
11100
00001
11110
00010
11111
00110
11110
00101
11110
00111
00001
00011
11100
00011
11010
11111
11001
11111
11101
00001
11101
11111
11010
00001
11110
11101
11010
00010
11110
00001
11101
00101
11111
00110
11111
00011
11101
00101
00001
00011
11101
00001
11110
11111
11011
00001
11111
00011
11110
00010
11001
00010
11011
11101
11010
00001
11110
00001
11011
00100
00001
00100
11111
00011
11111
00100
11100
00010
11100
00101
11101
00001
11100
00101
11111
00011
11111
00001
11100
11111
11010
00001
11011
00100
11111
00100
11110
00010
11101
00011
11100
00101
11100
00001
11110
00001
11110
00101
00001
00010
11011
00100
11110
00100
11101
00010
00001
00110
11011
11111
11100
00001
11111
00011
11111
00001
11111
00100
11110
00110
11011
00001
11011
00100
11101
00010
11100
11110
11011
00011
11111
00101
11110
00100
00001
00101
11111
00011
11101
00001
11100
00100
11101
00101
11111
00101
11100
00011
11111
00010
11111
00001
11110
00100
11001
11010
11011
00100
00001
00010
11101
00001
11111
01001
11111
00111
11110
00010
11110
00011
11100
00001
11111
00001
11100
00100
00001
00110
11101
00100
00001
00001
10110
11100
11101
00110
11100
00011
11011
00010
11110
01001
00100
00011
11101
00001
11011
00101
11100
00010
11110
00010
11111
00110
00001
00101
11101
00101
11111
11111
10110
11011
11011
00010
11101
00001
11111
00100
00010
01000
00100
00111
11111
00100
11101
00101
11111
00011
11100
00100
11101
00011
11110
00100
11101
00100
11010
11101
10111
11101
11111
00100
00001
00100
11111
00101
00011
00111
00001
00011
11100
00001
11011
00101
11111
00011
11011
00001
00001
00101
00001
01000
11110
00100
11011
11010
11000
00001
11101
00011
11111
00101
00011
00110
00010
00101
11101
00010
11110
00100
11100
00101
11111
00011
11011
11111
00001
00011
00010
00110
00101
01000
11101
11111
11010
00100
00001
00100
11110
00111
11110
00110
00001
00110
11100
11111
11010
00011
11101
00001
11110
00001
11010
00001
11011
00001
11100
00111
00011
00111
11111
00001
11101
00011
11011
00011
11111
00001
11111
00001
11011
00010
11100
11101
11101
00100
11111
00010
11110
00100
11101
00010
11001
11111
11100
00001
11110
00011
11101
00001
11101
00011
11101
00001
11101
00010
11110
00001
11101
00001
11011
00001
11111
00100
11110
00011
11101
00100
11010
00011
11100
11111
11011
11111
11001
00010
11110
00101
11111
00101
11101
00101
11111
00001
11010
11111
11001
11110
11100
00001
11100
00101
11100
00101
11101
00001
11101
11110
11010
11111
11001
11111
11011
00010
11111
00100
00010
00111
11111
00101
11111
00011
11100
00010
11000
11110
11001
00100
11110
00010
11111
00001
11111
00101
11010
00011
11110
00001
11011
11110
11011
00010
11111
00001
00011
00011
00011
00010
11011
00011
11001
11111
11011
00011
11101
00010
11111
00010
11110
00010
11100
00010
11101
00100
11101
00001
11101
00011
11110
00011
11101
00010
11110
00010
11111
00100
11110
11111
11101
11110
11110
00010
11100
00010
11110
00001
11011
00010
11110
00001
11011
00001
11100
00010
11100
00001
11101
00100
11110
00011
11101
00001
11101
00011
11110
00010
11011
00001
11011
00011
11100
00011
11110
00001
11111
00101
11111
00001
11110
00100
11110
00001
11100
00110
11101
00011
11111
11111
11110
00011
11110
00100
11110
00010
11011
00001
11010
00010
11111
00010
11110
00011
11010
00100
11100
00001
11100
00101
11111
00110
11101
00010
11110
00001
11110
00011
11010
00010
11100
00001
11110
00101
11111
00010
11110
00100
11010
00001
11111
00110
11101
00011
11101
00011
11110
00010
11101
00110
11110
00100
11011
00101
11111
00001
11110
00011
11101
00010
11111
00001
11110
00010
11011
00010
11011
00001
11111
00101
11110
