0001110010111010
1111110111100111
0001110101100101
1110110101110101
0000010001101110
1101101010010111
0001010010111011
1101010110110111
0001010010100011
1101101001100110
0001100110111010
1101110111010011
0000010101110101
1110101001001100
0000001110011101
1111111101010100
0000100110000111
1111111001010011
0000110000010000
1111000110010011
0010000011101111
1111111010110011
0010100110111001
1101011110101100
0000000111010011
1110100100010111
0010000101010101
1111010000000011
0000111010100011
1110100000100011
0001001101111111
1101010010100100
0001100111100110
1111101111010111
0001000010101000
1110000011111011
0010100010010001
1101100100011101
0001101100101100
1110110101110101
0001110010101100
1111010110001110
0000010110010001
1101101010110101
0001110110100101
1111010101010100
0010010010001000
1101011111101101
0000101111001101
1111101111000011
0000100101101000
1111111111010000
0000010101011001
1111100101110100
0010100001111001
1111100011010011
0001110101110101
1110001011111111
0001001100101001
1101001111100110
0000011111000011
1101100101000011
0010100110111010
1101110000000001
0010100000111101
1110110111101111
0001000001111100
1101001110000000
0000001000001011
1111010101001010
0000001010011010
1101000100001110
0000011001111100
1110101111011100
0001110101110010
1101010101111000
0001110001111001
1110100011010111
0010010001010100
1101011001001111
0001100110011100
1111110111101010
0010100100110001
1110000010101011
0000100010001001
1101101100100011
0010011010000001
1101100111101100
0001010011001111
1111001010000110
0010010000010100
1110000000010101
0000010000001111
1101011110010000
0000110001010010
1111010000010111
1111101110110011
1100110000101010
0001101111010110
1110011111001001
0010000011101011
1110111100111000
0000010001000011
1111001111110011
0001100010110010
1101001001011001
1111110100001101
1110101011011001
0000100100111011
1101001111011101
0000101010011010
1101011111010101
0010101110110010
1111100100011010
0001101010011100
1111100001111110
0010110011101100
1110110010011111
0000000010110100
1110101100001101
0010000001000110
1101101100111100
0000010010001111
1101100000110000
0001100010100011
1110011000101100
0010011000000101
1101100011000000
0000010110000010
1100111100110000
1111011010101100
1110110101011000
0000000101011000
1110111011111100
0000111001011001
1101100000000000
1111111111101010
1110100011000111
0000100101010000
1111000001100111
0001010010100100
1110101110000101
0000101011000000
1110101111100111
0001101111000011
1101100101010001
0001100111101100
1110100110101101
0001100111010110
1110110111100101
0000101111110010
1111111110110000
0000101011100100
1110110100011010
0001011101101110
1110111001010111
0001011011001100
1101000001000110
0001011101011100
1100101111011110
0001111100011101
1101011101011100
0001010101000011
0000011001111001
0000110011001001
1110011110000101
0000001101001101
1111101011000110
0000100110111100
1111001110111001
0001010011111110
1101111110011110
0010000100111000
1101111001100110
0000011001110011
1111101000001011
0001111000111000
1110100000111001
0010100011110010
1101100100000100
0000010010011010
1100000000011011
0000110110010010
1100000010000000
1110111100101010
1100111001100010
0001110010001001
1101100111111100
0010011101111101
1110111100011011
0011001110011000
1111111110111011
0010101110100100
1101111010010010
0010010100101100
1110000011011011
0001111001110101
1101101000100100
0010010100010111
1101010100101110
0000001110011101
1110111111101100
0001110110110101
1110000100100011
0000001001110101
1110011000111001
1111111111101010
1101111101110111
1110110110110011
1101010011110111
1110100011101101
1011100101100111
1101011011101010
1101110011111000
0001001000000010
1111101011101000
0001101101011010
0001000011101101
0100011010001110
0000000100100110
0001111010110011
1111010001100100
0001101100000110
1101111011010001
0001110000011011
1111001011111110
0001010011101100
1110111101110011
0000011011011110
1111001010111011
0000100000011011
1111001100100010
0001011011101011
1110001100010001
0000001111011111
1110010100010011
0000111001101010
1110000101101010
1111000001110011
1100110000000011
0000010001110001
1110011000100110
0001111111001011
0000010001001010
0011011110000110
0001110001010100
0011010101011110
1111101010110010
0011000101001111
1111110100011010
0010011001101010
1110000110000100
0000100010001111
1111010011001100
0001010010101000
1101101101000001
0001101010101001
1101110011010001
0000100000100010
1110001001000100
0000110110001110
0000001110111111
0010101010101111
1110111100001111
0000101010000011
1111111111111110
0000100010100110
1110000100001001
0000010011100100
1111101101001110
0001011100110111
1110101000110011
0000110010100000
0000101100010101
0001010111111100
1111000100000010
0001101101000010
1110111111101000
0010011101100010
1110000101000110
0001000111111110
1110100100000110
0001001001010111
1110011001011111
0010101010001101
1110000110100011
0001001100011011
1111001001110101
0010100000111001
1111110100101011
0001011000001011
1111011011111000
0100000100001110
1110001000100110
0001110011000000
1100111101010010
1111101100101101
1111110010101001
0000010110101110
1110100001100110
0000010100010010
1100101000100111
1111010101111101
1110010000100100
0010111111001111
1111111101011111
0001010111010001
1111110010010110
0000010101000101
1111100101001010
0010001110011110
1110100100100100
0010010011101001
0000000011011011
0000011000000110
1110110001010000
0011100001001111
1111100111101011
0011101011111111
0000000001101101
0001100110101010
1110100011110111
0000000011101100
1100111111011001
0001101011101000
1110100111111100
0000010101000111
1100000111001100
1110110001011010
1100100011100011
1101111110000010
1011101101101101
1111110011101000
1111100101001011
0001101100101011
1111100011001001
0001001100010110
1101010011010001
0000110001000011
1110100101011101
0000101001110001
0000010011101001
0000001011011110
1101111001101011
0000100001001110
0001001101010010
0010101110110000
0001100101100000
0011011011110111
1110111110111111
0000000110010000
1100101001101000
0001011000111001
1110010110010011
0000001111101101
1101010101000110
0000000001001000
1011110101010110
1110011001110011
1100111011011011
0000111100101001
1110010111110001
0001000111100101
0000000000110000
0001101111011010
1101010011110001
0000100101011000
1111111110000110
0010110100001001
1111010101110100
0001101110111100
0000101001101011
0001101110001110
0000000001110011
0011110000110111
1111010111100100
0010001001010001
1101100011111010
1111001010101111
1101000011011110
0000010000101000
1110000100010111
0000100110010000
1111010011100110
1111001010011110
1011111110110001
0000011000101111
1110010111000010
1111111111011011
1111100101111000
0001101100000010
1111110101100001
0001010111100110
1101001110011011
0000010001000010
1111110100000011
0010111010101100
0000001000011111
0000110110010101
1110101001011110
0010000110010000
1110011110000101
0010100011010011
1111001100000011
0000010110100110
1100010101000010
1111101010100100
1110000000100110
0010001101010010
1110110010010010
0010010010010000
1111101101011000
0000100001100111
1100111101000011
0000000100101001
1110010010000100
0001110100000010
1101010110011110
0001110011011110
1111101101100111
0010100100111101
1111010100110101
0000011111111101
1110111011110110
0000101011100001
0000000001011110
0010000100011101
0000101011000010
0001110111001001
1110011110111000
0000100110101101
1111010111001101
0000111011001100
1111010010001001
0000010101000110
1101110011101010
0010111100110000
0000101010011100
0000110101011110
1110101110010100
0010001000110100
1110001110011000
0000010101001110
1101101000100010
0001111010100010
1110111011010000
0000101001010111
1110011100001101
0000100011101100
1101100001101101
0001111000101100
1111101000001000
0000011010001110
1110010111000100
0001110101101010
1111000001001101
0000001011010010
1111010100001001
0000000100001111
1101100000101001
0001110110101101
1111000000100010
0010010001101000
1111101000111110
0010100101100110
0000010100000001
0011100110100110
1111110000111101
0000111101101101
0000001110100101
0001010111001101
1101111110100101
0010001001100101
1110010111010000
0001011001011111
1110011101000000
0010010010111010
1101111010111011
0000010101111000
1111111000000001
0010000011000001
1110100110111100
0001010111001101
1110000111100010
0001001111001111
1101011011000111
1111011111001001
1101001111101010
0010000001101010
1111111101001011
0001111001110011
1111111111010010
0001111110111011
0000100011111000
0010111000101111
1110101101111100
0000011110000001
1110011001001110
0001011111101000
1111010111101101
0001101101010110
1111111111001010
0000001101110000
1110110111111010
0001011101100000
1110011100100111
0010101010111100
1110111101100111
0001001001110001
0000000011011000
0001110101100100
1101010011100101
0001000100100111
1101000010001100
0000000101110000
1101001100101101
0000000010001100
1110010000000011
0001110110110101
1111000000001111
0010001110010100
1110100100011101
0001000110010111
1110001100000011
0001010100000111
1100111101111001
0001110111110000
1101010100010100
0001100010100100
1111010101010111
0000111011001000
1111101101101001
0000110011110010
1111000001011111
0001011001110101
1101100000111010
0010011110101011
1110110110110111
0000111100001100
1111001010010111
0000110000000110
1100110111011000
1111000001011101
1110000110111000
0000001000000000
1101111010101101
0000110111100110
1111110010100011
0001000001101111
1110110110110100
1111001111001101
1111110100011010
1111010100000010
1110011011100010
0001101110111010
1101101000111001
0001000100110110
1110101011101101
0010011000101010
1101110000001100
0010001011111101
1111100110111001
0010011010111100
1111100010011000
0001001101011010
1110101100100000
0010010000010100
1110110010001110
0010001111011001
1111010011010100
0000111011101011
1110001001001011
0001101011101100
1110100101110101
0000011010110010
1101111010000100
0000110000011011
1110110001010100
0001110110110100
1111100101111100
0001100110010001
1101101100000101
0000100101010100
1110000001000010
0000110100101010
1101011110110110
0001111100111001
1110100111100110
0001001001001100
1110100001001001
0000101111101100
1111001010001011
0001100010101111
1110111000000011
0000100111110110
1111011111101101
0001101010001000
1111110110101100
0001011110100000
1110100000001010
0000010000001001
1110111110111011
1111100111010101
1100110001111110
0001101000011101
1111000000001001
0001001010101100
1111001110101111
0010000001011010
0000011011111101
0010000110001101
1111101010100001
0010100100001101
1110001000111101
0000010010010111
1111111111101000
0001100101100101
1101110010111110
0001010110001000
1101001011010100
0000011001100001
1101000010001100
1111101011010111
1100011110011100
0010100001001000
1110100010011010
0000010011110100
1110100001100010
0001101001010000
1101011110110011
1111011110001010
1101011100000001
0010001011111101
0000000000111000
0001110010111010
1110010111001110
0010111000111100
1111010001000010
0001000100100101
1111101100011101
0010001101000011
1110001000000100
0001011100100101
1110011010101110
0000111010100000
1110010001110100
0001100101111011
1101011100100010
0000111001000000
1111100001011110
0001101110101101
1101000111100001
0010011010111000
0000000100100000
0010001111100010
1110001001011010
0001001100000001
1101101101100001
0000110100100001
1111111111111010
0001101000011111
1110110110111100
0010110010100110
1111011111110110
0001001110100001
0000011010110000
0000111101110100
1101111101100110
0010101001100110
1111000110100101
0010101101101010
1110000010101000
0010110001100111
1110101000110011
0000101111010110
1111001010011011
0000010100010111
1101110010000110
0000100010001000
1110110010011001
0010011001001000
1111011110000101
0000101110100011
1110000110111100
0000100100101000
1101100100110010
0001001000000101
1110111111101110
0010011000101011
1111111100000111
0001011111011001
1111100100001010
0010100111111000
1111010111011010
0010000101010111
1101100000111010
0001100100101110
1101010111101101
0001100111011001
1110100011111111
0000101110110001
1110011110010001
0000100110001011
1111010111011100
0000001001101110
1110111000101100
0001111111001101
0000000011110010
0001000001001010
1101111101010100
0010001000000011
1111101010000101
0010000101101111
1101101101000111
0010000111101001
1100111100111100
0001001011110110
1101011001111011
0000101100001101
1110000110101101
0001010011110100
1111000100100111
0010011010011000
1110110001011011
0001010111000111
1110000100110011
0000110001101011
1111110111111110
0001110000100101
1101100111010000
0001100100000011
1101100000101011
0001001000001110
1101111000100011
0000011110000001
1110111001100110
0000101010011010
1101110001000000
0001001110100100
1101111100110010
0000100010000110
1110100000010100
0000111101111010
1101110100001100
1111010000111010
1101010010110000
0000011101010011
1101011011000100
0000100110001100
1101010111011111
0001000111010100
1101011000001001
0010110001111011
1111000011101111
0001000011000110
1110101010011110
0000000100011110
1110001011011001
0001011101100100
1110001010111110
0001011010010010
1111110001101101
0001100001001101
1101011110101110
0010010011001101
1110000000011111
0000110101100110
1111101011001001
0001000101100000
1101011111010100
0001110110110001
1101100100100011
0000010110110110
1110111101100010
0000110011011010
1111101000010001
0000011100110011
1110011011111100
0000000001000010
1110110011000101
0001001011111100
1110110100111000
0001000011111010
1110110100101101
