0001110110001001
1101100111010011
0001111000100010
1110100100010001
0010001011111010
1101100010110110
0001010101110111
1111100111101010
0001010110110100
1101100101010110
0000100101011100
1110101000010001
0001101110000000
1111011000000100
0001101100011010
1110101101100110
0001111110111101
1101010001001010
0001100011010110
1110001001110000
0010001011010010
1111000110100001
0000010110110100
1111001101001100
0001100110111111
1110000100011010
0000010001011001
1110100000000100
0000110111000010
1110011110101010
0001010011010111
1101010010110101
0001000110110110
1111100111010011
0001010100000110
1111100000000010
0000000001011110
1101010010111011
0000111000111100
1110100011010101
0010001111010101
1110011111100010
0010110001110100
1110101011011010
0001111110010000
1110001110001001
0010011111111111
1110101111101010
0001100111000010
1110110000110110
0000010100010111
1111000001111000
0010001001111000
1111010101001000
0001110000111011
1111000010010110
0010100110011110
1101111101101100
0010011101100110
1111010101100100
0000110010000110
1111000100000010
0000100010110110
1110000011101100
0001001111111110
1110000001010111
0010010001100111
1110011011010010
0001011111101100
1111010101000000
0010100111010101
1110100010011001
0001110100110111
1101000010101010
0010100011101001
1110111100010110
0001101110000101
1101110111000001
0010011111000101
1111100100100001
0000101000110110
1101001111101110
0001011000101010
1111111111001000
0000100111101110
1111101001101000
0000111110100111
1111100100111011
0010011010010100
1111010111111100
0000111111010101
1111011101010111
0001001101110110
1101111111111100
0001100010001011
1111000010001011
1111100111101100
1101001000001101
0000011110110110
1100011101001111
0001010010111100
1101100110000000
0000100000101100
1110100100110011
0001011101101000
1111010011011001
0010100000010001
1111101101000101
0000001000000010
1101111001111100
0000101110101001
1111001101100010
0010000010101111
1101111000101110
0000110011011011
1101010101010010
0010011100001011
1110000100001111
1111111110001111
1101010000110000
0001100100110011
1101101000100011
0001001111010100
1101111011011011
1111100010010111
1101100011101001
0000110101000001
1110011000010100
1111110001000010
1111010011101101
1111110111000000
1110111110100100
0001101011011011
1110011111110000
0001011110110110
1111111011010000
0010110001011100
1111000111101111
0000101010111110
1101011001110111
0000011000110100
1110100110100110
0000100101010010
1101100001101111
0000011101011101
1101111101000010
0001010110010010
1110100110000011
1111000010111111
1100000000010110
0000100100011100
1100000110001110
0000000001101010
1101001001010111
0000000111000000
1101110101100101
0000000000110101
1100111011010000
0010001000101101
1110000010111010
0011010011001001
0000011001111100
0010011111011010
1111010011111110
0011001100000100
1111101110010011
0001111110010110
1110010111000111
0001101010111100
1101011001001010
0001011010110011
1101101100101000
0000100110110000
1100111101110011
0000001111010101
1100111101010001
1111110111010101
1101101101100000
1111101101010100
1110000110101101
0000111111010011
1111010000101011
0010101011011100
1111101111100011
0001100000011110
1101111001001111
0001010011000000
1111000010100110
0001100011100000
1111110110101010
0010000001000101
1111011010100110
0010010000100001
0000101101010101
0000111011111111
1101100100001011
0000110011010011
1101011001001001
0001001110001111
1101000100111001
0001010000000101
1011110111011010
0000001010100111
1101100000110111
0000001001010100
1101100011100001
0000100101110010
1100111000010111
0001100000001100
1111000111000010
0001111101011010
0000001001101111
0010110110110001
1110001111100100
0000100011110011
1110011100010001
0000111111010111
1101010000000111
0001101001100111
0000111000011111
0010100001001000
1111000101011001
0010110011001000
1111011011100010
0000001011010110
1111110010011011
0000000111011000
1110001110111010
0001001011110100
1100111101010000
1110111101110101
1100001110011011
1111111101000001
1100110110001010
1111001110010101
1110000100010000
1111000101111001
1111001101010001
1110111101000010
1101100110011110
0001100101010001
1110001001011011
0000110001101010
1111010000000101
1111011100001111
1111011101000110
0000111101110010
1111011010000110
0011110100010111
0000010110111001
0010100001110110
1110100011101001
0001110100100011
1110011000111101
0001101101011100
1100110001100111
1111110011011001
1011111111000101
1110100101110011
1101111011110110
0001000101001101
1110111011111000
0000110001011010
1110101000001100
1111101010000000
1100110000101010
1101001111101011
1011101110111001
1101010011100011
1100010000110011
1111000111100110
1111000101010001
1111010110000111
1110000100101001
0000111010101001
0000000010001011
0010011110011001
0000100010001010
0010111101100101
1101111101010011
0000100101110011
1110011001101010
0000010101010111
1100011001000100
1110101110000101
1111010111111011
0001100010100111
1111001100101010
0010100010001001
1111110110011000
0001110100110110
1111111111101101
1111101100010001
1101000100001011
1101000000100010
1011011100111010
1011101000010011
1011011110000001
1111001110010001
1101010101010100
1111110010010110
1101110000100000
0000011001111010
1111010000000101
0001111011101100
0000010110000111
0001011010110111
1101111010011010
0010001001010000
1111001110000000
0001000100011111
1100011011000011
0001100101000011
1110100010110111
0011100000111010
1111110001001010
0100000010100111
0001001111111011
0011001101100010
0000110101010000
0001110111001001
1110100001011100
1111101111100110
1101101001001111
1110110010001100
1100011110010100
1111110011001011
1101100000101110
1111110001000101
1110110011010100
0000101001001011
1110000000010100
0001010110110011
1110001001111110
0001011100110101
1111101010010110
0010101000111110
1101011000110100
0001111110101110
1101100100011110
0000100110001001
0000011000101110
0100001100000110
0000100100010000
0011110100000100
0001010101011111
0100011110010101
0010001100111010
0100111010010010
0001111000001000
0100000100001000
0000010010000100
0001010100010100
1110011110111100
0000111110100001
1110111101001110
0001101101100001
1101011101011101
1111110100011111
1101011010111111
0001001010010001
1110110111110111
0010010010001100
1111000001110010
0000001101000000
1111000100010111
0000110011100011
1111101100011111
0001010110111100
0000111111000011
0011100011100000
0001110101011111
0100001000011000
0000001100101101
0010001100101100
0000001111011001
0101000000010100
0011101101000011
0011110010100111
0001000101000110
0100010110100000
1111101111101000
0010101011100101
0000011101011011
0010001100001000
1111000011000001
0000000001011010
1110000010011010
0001100000000000
1110101011010100
0010010011100110
1110001111101110
0010000111101110
1101111101101101
0010011001011010
1101100011101010
0000101010111100
0000010000111010
0010100100001010
0000000101000111
0011010010100001
0000110000011111
0010110000111010
0000011100011000
0100100111001001
0100001001101110
0100010110100110
0000110001010011
0011100000010010
0000000011011010
0010010000101000
1110101100001100
0000010001001101
1101101110010000
1111110111001001
1101111100001100
1111000111110010
1111000001100001
0001011000101100
1111111110011111
0001111101011100
1110110101000000
0001011111101011
1110100100111111
0000011010011111
1110100011100110
0000010101110110
1111001110100011
0000111011001001
0000010000010000
0010011100010101
0000000011000111
0100011100100000
0010010001000110
0011111001101100
0000001101101101
0001010110111101
1101111011010011
1111111001010001
1100111000000001
1111111010101000
1101110111100011
0000011011011001
1100101100101010
1111111000101010
1101011101100010
0010011111101101
1111001001010011
0000001110001101
1110100111011011
0000110010001000
1101100000001011
0010000001001111
1100110011010011
1111100011110010
1111101101110100
0001101001111110
1111010100111011
0010001110100000
0010011000000001
0100000010100101
0000000010111111
0010011100100111
0001011000110010
0001111100010111
1101100100101111
1110000101111001
1101110001011100
0000010001010101
1101110101000111
0000010010110010
1100010011100011
1111011101010001
1111000010011001
0001100011100100
1111001100011101
0010101100101101
1110010110111100
0001101000100001
1111100010010100
1110110100000111
1100011010000010
0010001001111001
1110000100111100
0011000011101010
0001011110110101
0011000101101110
0001001001011001
0010001110100000
0000011010011000
0100001001100011
0000110000001010
0000110000010100
1101110101110100
1111001101101101
1101110001010111
1111000101001111
1101111000111111
1111100110000100
1101001011010101
1111100101000101
1100110010011111
0001010101011010
1111000101001011
0000001001100010
1111100011111001
0001101000110111
1111011110011111
0000011100000101
1110010001110111
0000010010100010
1110111110100111
0001100011110100
0000000000111110
0100010001111010
1110010110000100
0010001101001110
1110110010000100
0001001000110011
0000000101111011
0000110001001111
1110001100001111
1111101110101100
1101101010000001
0000010011110000
1110011111101001
0000010111100000
1101010111100111
0001010000100001
1101010011010011
1111111010011011
1111001111111100
0001101001001100
1110011001010111
0001101010110110
1101101110100110
0000010111010010
1101111101111000
0001001100000011
1110111001111111
0010000010001110
1110101110001100
1111111100110100
1101100010011100
0000111100000110
1110111110111100
1111111100010011
0000011000010001
0001110110101111
1110100010011011
1111101011101000
1111000000000011
0001101101010001
1101101100101111
0000110101110101
1110101001011011
1111011001101111
1111011001010111
0001000110000011
1111100000100011
0010001000011001
1110100110100010
0001010001111010
1110100011010100
1110111100101101
1110101001101001
0001101111100001
1101110010011100
0000010011011100
1101000011000110
1110101010101110
1100110001000011
1111010010010010
1101101000010110
0000001010101001
1111100111110110
0010000000000011
1111100000101001
0001010000110000
1110111010001100
0010101101100100
1111000111000011
0001110011001100
1101110100000010
0000000010100000
1110100001111101
0001011010100000
1110011111000111
0001001001111111
1111111001000011
0001111111001001
1111001001011000
0000010010011000
1101110001110010
1111111111001011
1101110100010101
0000011100100011
1101111111111110
1111101101010111
1110001100011110
0000100001010110
1110100011101001
0000101010011000
0000011010101110
0000001101010000
1111111110010111
0001001100110110
1110011011111100
0001100100001000
1101101010001001
0000101101010011
1110100100110100
0000110110000100
1111100111011100
0010010110010101
1101101111111101
0001001110001101
1110101101101110
0000111110000111
1101100011101111
0000101001000011
1110100010100100
1110010001111101
1110110110110000
0000100001011100
1101111000110010
0001000100000010
1110100100101111
1111111000001000
1111001000010101
0000111010111100
0000011111011100
0001101110010100
1110011101011001
0010011000000001
1110101110100110
0001000110001001
0000100111101001
0001100000010010
1110100111010011
0000001101111101
1101101011000011
0010011000000001
1110100111011100
0010011100110100
1101111011110101
0000110101001101
1111000010100100
1111111011100100
1100111101110000
1111000010011011
1100101110111000
0001011001111111
1101100011111110
0000111010110110
1101011001111111
0000111001110011
1101110001010011
0001000100100010
1110110010110101
0001100001000100
0000010010110011
0011011010101110
0001011101011101
0010100101100111
1111101111101000
0011000111011110
1111100011111101
0010100000000100
1111000100000000
0010001010001111
1101101000101101
0000010110110011
1110010100011011
0000111100101100
1111111101110111
0000011100011000
1101001111111010
0000010101000010
1101011101010111
1111111100100001
1110010110101010
0000101100001111
1101000011001100
1111010111001101
1011111011100000
0000010010000010
1101001011111111
0000011000110101
0000000101111011
0000110101011000
1111011100001010
0011001101110010
0001010000000001
0011000011100011
1110001110001101
0010010111111001
1110010111110001
0000010101111010
1110010101101010
0010100010101100
1101100011001100
0001001111001011
1111110111101110
0001000101100000
1101010101111001
1111101101110101
1101001001110111
0000010110101011
1110010000000110
1111010011100110
1101010010001111
0000011010010011
1100101001011000
1111011010101001
1100110011010011
1111111110011100
1110001011010011
0010101000000000
1110011001111111
0011100011110000
0001010111010100
0010100101011011
1110111010011111
0000011100101001
1111000100011101
0001010001100110
1101010111101000
0010100100000111
1110011000011011
0001011111100001
1101101100011110
0001001001100110
1101001101100110
0010001101111010
1100111000011111
0001010101100101
1101010100110110
0001011111000000
1111100111100001
0000010000001011
1110011001100000
0000100001111101
1101011000111001
1111101101001111
1101010111111011
0000011111010000
1111000000111001
0000001110111100
1111011001111000
0000011101001011
1111111000010101
0001001011110011
1110010000000011
0001111110100011
1110011010011101
0010101011110100
1111100011000011
0001011010101111
1101100011010010
0010000100011110
1111111000111010
0001111100000100
1111011010110001
1111111101101011
1110010111010110
0000001110000110
1101101001111101
0000111110010001
1101001000011011
0001111111010100
1101100001000110
0010001000100110
1101010001101100
0001101000101100
1101110100011000
0000011010101010
1111000100110001
0010010000010100
1110101110110111
0010000010001110
1101100100011101
0001100101010110
1111100101010001
