0000011111000010
1101110010111001
0001100100110101
1111111111000110
0001100010000110
1101111110110001
0001001000111010
1110010011011110
0010001111001000
1111101111000111
0010010011101111
1111100101011001
0001110010000101
1111010110101111
0000101001001101
1101011010011111
0010010101110010
1101001101011011
0000010101100100
1111011111111010
0010000110011101
1101101101000011
0010010000000100
1111000011000010
0000011000111100
1111111000011101
0010101011110000
1110100011010111
0001111001010000
1111001100110111
0001100000001010
1101100111101111
0000001011111110
1111101101001010
0010011001001011
1110001010011000
0010001011101111
1111001001110100
0000011011101111
1110001011100100
0000111001010010
1111101110000110
0010000011110100
1101010001110110
0000110111000101
1101010001000110
0010100010111011
1111101001100110
0010101110011010
1111110101110101
0000110010101111
1101111010101010
0010011001100001
1111101110001111
0000001111001001
1101001101100011
0000011001010100
1111111000010100
0001011011111010
1101101101011100
0000111000110010
1111110110000011
0001110111011111
1110111010010010
0000010100110111
1110101000010111
0000000000101111
1101100000000011
0010000000110011
1111000011110110
0000101110101111
1110110000110010
0000001111111001
1110111001111110
0000000100111100
1101111010000100
0000100000100000
1111010100101100
0001100101000111
1110111101100011
0000010001101100
1101010100000000
0000010000010101
1101010111001111
0000001111110000
1111100000100010
0010101010010000
1111011001001001
0000100110110010
1110101101101101
0000010000010000
1110011110111010
0001010101110101
1101111111011100
0010100000010100
1110010000001010
0001011011100011
1101011010000000
0001111010111111
0000010010100100
0000101001111010
1111100011110111
0000000110001111
1110000111001111
0000100111101011
1110010010000010
1111011000001011
1100111100110001
0000110100110101
1101110101110100
0000101110101100
1110110011100110
0010001010100001
1111000000111000
0001000100001101
1101101000110000
0001100100111000
1111001111110010
0000010101001011
1101111101110101
0010001000100001
0000001100011100
0001010001110010
0000010010010001
0010111011111000
0000010001100100
0011101111001100
0001011011010100
0001010001100010
1110111100101010
0000101010001001
1111011011011000
0001000101101101
1110000111100111
0001011000111111
1110001011110000
0001001010001011
1111101110111011
0000100000110110
1101011010100001
0010010001110101
1110101100101100
0000111101011000
1110011010010111
0010011110011010
1110010110100101
0010001010111101
1111001011011100
0000010101000100
1110111101110100
0001111010111110
1111011011100001
0010101111010000
0000110111001000
0001000110101010
1111010000011011
0001101110100111
1110100000001011
0001001001111110
1101110111101100
0000100110101111
1101100011101111
1111101010100001
1110000101010011
0001111011011100
1111000100111011
0001001101010101
1110011000110000
0000101001001100
1110001000110111
0001010101001100
0000000000010011
0000101101110111
1110100100111100
0010111010000111
1101110110000000
0001001001100100
0000010010100100
0010010011010110
0000000101100110
0010111100000000
0000111100001011
0001111101001001
1111011110011111
0001011011100011
1111110101111101
0001111010011101
1111010111000100
0000001111011101
1111001000110011
1111110100111010
1100110000010101
1110110101101001
1101110001011011
0010001100110010
1111100100111000
0001111011010010
1111010000000100
0010000000011001
1101101100110001
0011000111001111
0000100001001111
0010110111100010
1111101110011111
0010101110011011
1111110111011000
0001101110110100
0001001000110100
0100001100110001
0001110111101111
0011101111101101
1111000011000100
0000111010001001
1110110000110011
0001001010100101
1111100000110000
0001011111000111
1111011000101111
0001100011001000
1100011011101101
1111111010011010
1110101110011001
0000101110101110
1101001111000100
0001100100110101
1111110100111001
0000011001101001
1111100100011011
0001101100110000
1110010101011100
0000110111111101
1111011001111101
0000101000111010
0000101010010011
0001111111101001
1111000000000100
0010101100010110
0000101100110000
0011000001100010
1111101000110111
0010000011000101
1111001011110110
0010000101000111
0000000110110000
0001111100011010
0000000111010000
0001010100000011
1011101110010010
1111011011000111
1101000111111001
0001101101011011
1110100111101001
0010000001011100
1101011011101000
0001011000101111
1111010011111010
0000101101000000
1110101111101110
0001011011001001
1110000010110101
0001001011101111
1110101100111011
0000010101001010
1101110000011000
1111100010110100
1111100001111100
0001100001101001
0000010100010101
0001101100001011
1110101001110001
0010000100011011
0001000001110100
0000011100100101
1111001001110111
0000010101010010
1100100000111001
0000010110001011
1110110100101010
0001110101010010
1110010000001011
0010010100001011
1111000110011101
0000011001110001
1110100101111110
0001001001000001
1101111110000001
0000101111001011
1101101011000111
1110110101111110
1101001110011101
1110001111101110
1011011100011010
1100000011010011
1100101010101011
0000010001111110
1111100101100110
0010000110011111
1111110011010001
0001000110011000
1111100011111000
0001001011001000
1110111010011000
0000111000100010
1101000101011111
1111010111011000
1111110111001011
0000011100000110
1111100010001111
0000100100001001
1101100100010011
0010001001101110
1111110111000001
0000010000100001
1011111011011101
1110010101100110
1011100100101011
1101100100100110
1100010011000100
1110000100100010
1011010011110110
1100011101111100
1100010100110010
0000010010000101
1111000011001010
0001101101101110
1111010000110111
0010101001000101
1111001011000110
0001001111010101
1110000110111011
1111010010110110
1101010111101011
0001011011101101
1111111100101011
0001101010111000
1111100101101100
0000010011111110
1101110011100110
0000110101000001
1111000100011011
0001000110110011
1100111010000001
1100001111110100
1010011100010100
1110000001010001
1011101110111001
1100010111000000
1011111111101101
1100101010000101
1100001001110100
0001011101011010
1111010110001101
0000000100000101
1111000011001000
1111001110110010
1101111100001110
1111101010011101
1100011000011101
1111000001110010
1100110010110101
1111100010111000
0000001100110011
0001010000010110
1111010111110001
0000011011101011
0000000000000110
0001000000110011
1111001000000011
0001010011011111
1011100100101001
1100110111001000
1011101101111110
1110111010001010
1101100000100000
1110110000101010
1100011111010101
0000010011101000
1111001111011110
0010101110100100
0000110010011000
0001010010110100
1110000001001000
0000101011101111
1110000000000010
1110101111100101
1101100011011100
1111000010011011
1100000000110100
1111001100101100
1111010110000111
0010100000001011
1110011010111110
0000110101110010
1111011011110001
0010010001010101
1110101011100000
0000001000100000
1101010110011010
1111010100111100
1100000101101001
0001001011111111
1111000101110001
0000011011100111
1111001010001000
0001001100010101
0000000001110000
0010010001111101
0001001000000001
1111101111001100
1110111111111101
0000111000010010
1110011101110100
0001100111100100
1101111111011011
1111101001011110
1011111000110100
0001101100110110
1111110011001001
0001101010111000
1111011011000110
0001001101001101
1111001101010000
0010010000000001
1110001110011111
0001011101110110
1101110111101101
1111111110110111
1110011100101011
0001001101111100
1110001101001011
0001011001011111
1110001110110110
0000100011101010
0001000111010010
0010011110001010
1111100011010101
0000101001011111
1110101111101011
0001010100110111
1111100010010100
1111111010101000
1101100100001001
0001100001111010
1110110110111000
0000011001001111
1111001001101000
0000110100110010
1111011010101111
0001111001010111
1110011100101100
0001010101110101
0000001011001001
0011000100011001
0000010001001010
0010010000011010
1110101001111111
0001101000001101
1111110110111001
1111100011000001
1100111000011110
0001110010101010
0000111101110110
0010101011100011
0000100010110101
0001110001001101
1111011001110011
0001010101010101
1110100010111111
0001011011110011
1111100111110000
0001111000100110
1101111101001101
0010000110001100
1111010110110000
0011000111010101
1111110111011100
0000001010010101
1101011001001010
0000111100111111
1110101111011001
0010111000100110
1110110000100110
0010000110000011
1110110100000111
1111001111001010
1101100111001101
1111100011100100
1100011110100010
0000100011101001
0000000011110110
0011100000100101
1111111100110110
0000101011111111
1101111011010011
0001101101110000
0000101111000001
1111111011110010
1110011111010100
0010001101110011
1110111101010000
0001101101011000
0000000000110011
0001100100111100
1111101011101100
0000001111001110
1111100011100101
0000101111001110
0000101101010000
0010001100100100
1111110001010000
0010101110110110
1110101011000001
0000110111001000
1101110011101000
1111111101111001
1101011011000000
1111111010011100
0000010010010010
0010010110100011
0000110011110100
0000111110101100
1101011001110010
0010000010001001
1110110110010010
0010001101010101
1110110100111111
0010110100101001
1110101000100000
0011111110011101
1111000011111010
0001100110001100
1111100000101001
0000110011010001
1101111110111010
0001001001100101
0000010011100110
0100010101011001
1111111110010111
0010100000100111
1110111111011111
0001010101000000
1111010110101011
0000010100000001
1101110101111011
0000110111110110
0001100100101000
0001010011111001
1111101111000111
0000111101001100
1111011110101101
0010000101010110
1111100111011010
0001100100011100
1111011011000110
0001000010000101
0001000010011011
0011110111111010
0000001011010001
0011000001111111
1101111110001101
0000001001101101
1110111011110000
0010110011110100
0000011001110111
0010010011010010
0001001011010000
0011010010111000
1111001101111011
0010000110001101
0001000011110101
0010011010000111
1111010001101100
0000101111010111
1111010001000010
0010010011001000
1110010010110010
0000010001100001
1110000100100010
0000111100110110
0000000001000001
0001111000011111
1110110000110000
0011010011000010
1111100000110111
0010000001010100
0000010101110000
0010111011001100
1111101011001000
0001000111001000
1101010110111001
0010011111010111
1111110110101011
0011010001000011
0000010110000011
0100000001010011
0000110000010100
0010000001000111
1111111111100010
0000101100001000
1110000011101011
1111011101100000
1101001001010100
1111010100111011
1101111000110010
0001010001010110
1111010100010011
0000001010111001
1110001110000100
0001100010111011
0000011000010010
0001110011111111
1111001010101011
0001101011011011
1101101110101100
0010000101111111
1110110111111111
0000010000111001
1110001001010010
0001100101000011
1111010111101000
0011010111011101
0001001011011110
0100010001110111
1111010100010011
0001101001100100
1111011101001101
0000001111001100
1100110111010110
1110100011011001
1100001101001111
1111110011110100
1100101000011011
1111011000011110
1111011011110100
0000101101011111
1101110100000101
0001110100000010
1111110000011101
0010101100011100
0000101000101101
0010011101010011
1101101110110010
0010101010110100
1101100110000000
0010011100100011
1110010011011100
0000110100011100
1101101111101011
0010000001010011
1111101010011100
0011011000101100
1111010100110000
0001010111001110
1111011100100010
0001100110000001
1101011110111011
1110010011101001
1101000111000100
0000000011000011
1101101111110000
0001000000111111
1101110101111110
0001000100011000
1101110101110110
0001101100100100
1110000010110100
0010000100000111
1111001001000010
0000001101101001
1111001000000000
0001010100001010
1110000001100100
0000111100010100
1110111110000011
0001100101101010
1111011100101001
0011000100000000
1110100000100010
0001011110110011
0000010101100000
0010000001111010
1110001100111000
0000000100101111
1101100000001110
1111101010000001
1101110000011001
0000011001000010
1111011111111100
1111010111111101
1100111100000101
0001001001011001
1101000000001100
0000101110101010
1101000111110111
0001101011110100
1111011100110100
0001011110001100
1110111000000110
0001011011111100
1110011111011111
0010011011100010
1101010111100000
0000101011111100
1111011010010000
0000111001000111
1101110101100110
0001001110100001
1111001011101111
0001101001011001
1110001110111010
0001110001000010
1111101101001111
0001001111011001
1110110000100001
0000001101010110
1111000110110010
0001001010100100
1111010000001000
0000110011101100
1101111000111111
1111110010110101
1100110011011111
0001000010000010
1110011011100010
0010010111111011
1111011000110111
0001101100110111
1110111011000101
0001110111110101
1111110000111111
0010100101011100
1110011111110011
0000000101010110
1111100010001001
0010000001111100
1110111110100011
0010100000110111
1111010101110011
0001100100111010
1110001000101111
0001111110010100
1111011001000110
0010001000100111
1100111111001010
0001111101001110
1101100000100010
0000101001000101
1111000010101010
0010101110101110
1110000001100100
0010101001110100
1111111001001110
0001111000110010
1110110000000110
0001011010011111
1110011111100001
0001111010001100
1111101111000000
0010100101011010
1111000001001100
0000100000001001
1101101000011110
0010011110111110
1111011011101011
0000000010010001
1110001111011010
0001011111110101
1101001110100010
0010001100011100
1111100100111111
0001101011100011
1110100000010000
0000110011101101
1110101110100101
0001011011100111
1111110011110011
0000110111011000
1101111000100010
0001001001110110
1111001100001011
0001001111111110
1110111111101101
0000111010100100
1111101010011110
