0000101011111000
1110000000100010
0001101101100010
1111101111010111
0010101100010100
1101100100100011
0000011101110001
1110101010101101
0010000111101101
1101110100101011
0000000001010000
1110011000010100
0010000011111011
1101111010101011
0010100101010101
1111101110101110
0010001101001001
1101010110011010
0000010010001100
1111001110101111
0000101010111001
1101101110111001
0000010001000010
1101111010001100
0000110001101011
1111100000111100
0010101000000010
1101110111101010
0000010001010101
1101010000001100
0010010111011110
1111000010110011
0001111100000101
1110101110001100
0001001101110110
1110001010110010
0000111010000010
1110010100011000
0000010110101000
1111110000001110
0001000010111110
1111100111000111
0001110110100010
1111101010110000
0010011010111110
1110010101000011
0000100011100101
1110000110110010
0001011101000011
1111000110010110
0010101000011010
1101110101111011
0000010101111000
1111111001001001
0001011100010010
1110111000011101
0000100101111010
1110101110111001
0000011100101101
1111001001010000
0001001101010111
1111111110110101
0001110100001011
1111100111110101
0001001010011101
1111100010011001
0001110100001011
1101011001111000
0001100011000111
1101001111010000
0010001000111010
1111011111110011
1111101010110011
1110001100001001
0000001101001100
1101000011101110
0000000001110111
1110100001111000
0001010111100000
1110000101110100
0001111010011001
1110011111010101
0001001000110111
1101101100101000
0001100111100001
1101011010110111
0000100111111100
1101110010000110
0001000000010001
1110110111000011
0000001101110001
1101100110011000
0000100111000111
1100111100000100
0001010101001111
1100010010000100
0000110011001100
1100100000111000
1111100100001000
1100100110111110
1111111101000011
1100101111011101
1111100101101000
1100010010000011
1110110101000000
1100101100000010
0000110000000010
1111001011100000
0000010001100100
1111010010001011
0010001011010100
1101101000101101
0010000011110001
1111011111000011
0001110111010000
1111000110111111
0000000111100011
1101001101000010
1111111100111111
1110010000110100
1111101110101000
1110010010100010
1111010101000100
1110000011110011
0010011110111100
1111110100110010
0001100010000011
1101101110011110
0001001010111101
1111100010110111
0000000011000110
1101100110101110
0001100010110011
1101111000010011
0001000111011011
1110101000100011
0001111101001111
1101100110101011
0010010010001011
1101110101011011
0000000101000110
1110010110001101
0001101110011010
1101110100011000
0001110101011101
1110011011011000
1111010011100000
1100001001000100
1110111010000010
1110011000111101
0000000000111010
1111000100011101
0001010000100101
1111110011011100
0001100110001010
0000011101111011
0011000001111111
1111001010100000
0001001111110001
1110001010001100
0010010010011101
1111001100101001
0010100010010101
0000001010111000
0001100110100000
1110011010111110
0000001110100000
1101011110101100
0001001101011101
1101100001001000
0001110010101000
1110011011001110
0000110100011101
1101111111100000
1111001111001111
1101111100111110
1111110010100001
1101101101110010
1111100111011010
1101011101100010
0000100100110100
1110001010100011
0000011011000000
1101111111001110
0001001100111011
1111100000110100
0000110010000011
0000100001110110
0010110100110010
1111111001000010
0011101110010100
0000001100110111
0011000010111110
1111111001111101
0000001110011001
1101010101011010
0010001010111000
1111101010011011
0010010001000111
1111000011000000
0010000001010010
1101001100100101
0000101000011101
1101101111000011
0000100010001100
1100011001010111
0001000001011000
1110000010110000
1110110101001110
1100110000111111
1111101111010101
1110110000000110
0000101011111011
1111101100001011
0010001011010000
1110111110010010
0010010100101111
1111001100100101
0010110110011111
0000111010110110
0001111100111111
1111111100001110
0000101110100100
1110000101001111
0001001111101101
1111010010010011
0001101101100010
1111000011100101
0000010100011001
1101110000111101
0000011101000010
1110100000010010
1111011000110110
1111100100010000
0010001100011000
1110000010010010
0001101001000100
1110000001111100
1111011000101100
1111010101110000
0000010101111000
1111000010111111
0010100001110100
1110111111100111
0010000110010010
1111100110111101
0001110111111100
0000111000010101
0010000011001100
1111001110001101
0010111001011011
1111101101000000
0010011011110101
1111100100011111
0010001010011010
1110111011010011
0000100100100011
1110011010111100
0000111001010011
1110010010000101
0010111100010011
1110010000100111
0001100010011001
0001011010100001
0000111000100011
1110011011010001
0001011001111011
0000001010011001
0000100011100110
1110110001111011
0000011110100100
1110111111110111
0010000101100000
0000100111100111
0010010100100110
0000101011110101
0010110000100010
1111000011010010
0010100101010111
1110011010110101
0000100100001011
1101110000110111
0001110100010000
1111101010001010
0010100001101100
1111001111011111
0001100101101001
0000100001100001
0011111010010000
0000000000001111
0010111001001110
0000000000111011
0100000110011010
0001011000110110
0011101000010010
1110100110000011
1111100001011100
1100101100110001
0001111100000011
1110111000011010
0000000100101000
1111101111000011
0001011101011100
1111110111110011
0001101000111000
1110010110101100
0000011011001001
1110000000100000
0000111110101110
1101100011011110
0000110011010010
1110011000010101
0001111111101011
1110111101111000
0011010110100110
0000111000110010
0100001011100001
0010111111100001
0100011011110111
0001000001011100
0100000100001100
0001100000111100
0001111100000111
1110100001011101
0000101100000001
1110111010111011
0000101110001101
1110011100100100
0000000011101111
1110101000100001
0011010100010101
0000110000110110
0010111110101011
1111110011001100
0010000100001011
1111101000111011
0010100101110100
1110000110111101
0010011010111101
1111001011010000
0001110101101111
0001011101001100
0100010011111010
0010010000001110
0011000011001101
0010000000100011
0100001110000111
0000111011110100
0011001101100010
0000001100011110
0011010010011111
1111000101111101
0001101000000001
1110100100001010
1111111110110011
1111001101010001
0001011011011111
1110100001100000
0010111011001111
1111101101001101
0010010011110111
1110100111110001
0001001110100110
1110100111010011
0001111100011001
1111111100110100
0001110101000011
1110010101010111
0010010111100001
0000010011010000
0100010010101000
0001010011111100
0011000011101101
1111011110000100
0010011100001010
1111001110111001
0001100010110110
0001001000011010
0001011111111000
1110000110011100
1111100000101110
1110101100110011
1111010101101111
1110111111101100
0001100010010011
0000001101000001
0010000000010001
1110100000101011
0000110100010011
1111110111010101
0000011101011111
1101111011001011
0001011111001111
1110100010000011
0000101101011110
1111011011111011
0001110010111010
1110101000101001
0011001000010111
0000001000100100
0001000100111100
1110101001010100
0000111011100011
1111100010000110
0010000010110001
1111000111111000
0010000001010010
1101111101110001
0000010000000100
1111001001000101
1111111110110001
1110001101001011
0001110001110111
1111010000011010
0010001111011110
1110000000100110
0001111001111100
1100111111110000
0001110100101101
1110001100100111
0010110000101011
1101110001000111
0001000110111010
1110100000100101
0000110111000000
1110110011010000
0001111101110001
1101111110010000
0001100110101110
1101111010111011
1111101111011100
1101100001110111
0001101011011010
1111000101010000
1111100011111101
1110100110101101
0000111101101010
1101111001101110
0000011111000000
1101000101010010
0000010111010000
1101001001010101
1111110111100100
1110011010111010
0000010011111000
1101011000111000
0001010011110000
1110100010101110
0010001101101111
1111101001001001
0000011110010110
1101101001010001
0010011011110010
1110101000101000
0000011001010000
1111010010000010
0000011010101100
1111100000011110
1111101110010110
1110100011110101
0000110011000010
1110100110011101
0000010111010010
1110011000001001
0001110101000011
1110000110000111
0001001001001000
1110100010100111
0000111001101111
1110010111011001
1111000100000001
1101011011110110
0010101101110101
1110100001000011
0001000001100010
1101100101111101
0000011001011010
1101100110101101
0001000101101110
1100111111010010
0010010010010010
1101111011110010
0001011010110000
1101010100010110
0000010110110111
1111101011100011
0000110010101111
1111011000111101
1111010111101111
1111110101100001
1111101101000101
1110110000100111
0001001100001001
1101100111010111
0001011001100001
1110001000111111
1111111011001010
1101100110101101
0000110111001101
1111100110101110
0001001101110010
1101100001100101
0010010101101000
1111000011110111
0010110000101011
1111010011110001
0000100010011001
1111000001001000
1111100111011001
1101111110000110
1111011111100111
1111010101001000
0000001101100000
1110010001001010
0010101110001100
1111011010111110
0001010100010111
1111011111010110
0001011000100000
1110010010010110
1111100100101001
1101011001100010
0000001011001111
1100000010110110
1111110101111001
1110110011010101
1111101111100010
1101101101100111
0000100110011010
1101010111110101
0010010010100000
1101101110110001
0001000110100110
1110000110011100
0000100010001001
1110010111100111
0001111010011110
1110101100100100
0000100010110101
1111011110100011
0010100011000101
1110111010011000
0000000001110001
1111000010011010
1111100100111111
1110101010001101
0000010000000101
1111010100011101
1110101100011110
1100110101100110
0000010110010111
1100101011010100
0000000101100111
1110001001001111
0001001011011101
1101011111010001
0000100101001100
1101100111110111
0001011101001001
1101111011111110
0001010000000101
1110111110000111
0001100110111100
1101000011001101
1111100011111100
1110001010011001
0000000011011110
1111110100011111
0000001100110011
1111000110110101
1111110101011011
1101010001010110
0000000001111100
1111011111111100
1111011111010101
1100101110100010
1110101011001000
1101111110110100
1111100011111001
1100110111011001
1111001010000110
1101011111000010
0000010000010111
1101100111100011
1111100100100010
1101100110100100
0001011000111101
1110111001100100
0001010110001110
1111101111101001
0000010111110101
1100110001111011
0000010010010011
1110001011010110
0001000001111101
1110100110101110
0001000011001100
1101110000110100
0001100111100001
1110110010100110
0001001101110011
1110101100100111
1111111111000100
1111000000110011
0000011101001011
1101001010010010
1111001011000101
1110001001010110
0000001110000111
1101100000100101
0001001011001001
1111100001110010
1111110011011001
1101110000111100
0010000111010101
1111111001011101
0001100000101101
1111000100111111
0001001100010100
1111010100010001
0000010001100001
1101111101111011
0001011010100001
1100110010110100
0000011011011100
1110001011111011
0001111010010000
1110111000011101
0010000011010011
1110010100001001
0000100001110011
1111110101000110
0001000010011100
1110010000110110
0000110011000001
1110001001001110
0001011010110110
1110100000001110
0000011010011000
1101101111000011
0001001111111010
1101100110111011
0010010000100011
1110100100111010
0001110001110110
1110010101000010
0001011100010000
1111000000111001
0001010100111111
1100001100111010
1111001010100111
1110101000000100
0000100111010101
1111101011001000
0001010000100111
1111111001100101
0100100111101011
0010011000100001
0100101001011001
0010001100110011
0011101000100011
1111111000011110
0011010011101110
1111011011000100
1111011011011011
1110110001111001
0000100000100101
1101000101000101
0001011110110000
1110010010110000
0010000001111100
1101001110000010
0001010100111010
1110100001100100
0001011001011100
1111100110100000
1111101111110101
1110111010010100
1111011110111001
1110010011101110
1110101110111100
1101011000110101
0000000111001111
1101000100001011
0000011010101001
1101101011110010
0001001000101111
1111010000111101
0001001001111100
1110110000111011
0000111000000101
1110101011010101
0001011110000001
1111111011010101
0010010000111010
1110111010110100
0001010011100100
1111101000100110
0000111101010000
1101001100111100
0010000111100000
1111110110101111
0010110010000001
1111011001011011
0001011111101110
1110011110101010
0000101011011001
1101010110010001
0000101011110100
1101011101101010
0001000011010101
1101000000111101
1110110000101101
1110010100110000
1111101100000100
1101100101011111
0001101100001001
1110011001110100
0000010011000100
1101001101111001
0000101110111101
1111010000000010
0010000110101101
1110011100000000
0000111001101011
1110011101110110
0010101001101010
1101110001110001
0001111011101111
1111001110100001
0010001110000111
1110101111101101
0000110110010110
1101101100100101
0001101111000011
1101001111001101
0000100100000000
1111101111100010
0001011110011010
1101011011011100
0001100000110001
1110110010100100
0001000010101101
1101110100000011
0001001101001101
1110010111110100
0001000011110010
1111001011010000
0010101100000111
1110000101111010
0000101000011011
1111010110100111
0010101000111111
1101010111010111
0010010100000000
1111010001101110
0001010111100010
1101110101100010
0000001001010100
1111011111111100
0000001000110000
1101101000011011
0001101111111011
1110111100010010
0001110000110010
1111001001111100
0000110011100110
1101011101110100
0000111001110010
1101100000101111
0010000010110101
1101010100111000
0000101100101101
1111101001011000
0001111010000110
1101110110100001
0001101100110011
1111100010001010
0000000010011011
1110010111110110
0010010111001110
1111010111010111
0010010010000110
1101110010101100
