0010101010011101
1101010100011000
0000110000010100
1111010101010010
0001000001110100
1101111111001110
0010101101010010
1101011000111101
0010000101100011
1110001011010101
0001100001010101
1101111100111011
0001110011110010
1110000010011001
0000001100000111
1111111001001100
0001010100110110
1111100101100001
0001000001010011
1111000111101111
0001101101100110
1110100111111000
0010001011101110
1110000101000001
0001100100001000
1101111011011000
0001111010011010
1101010000111100
0000010101010111
1111101000001001
0000111010100111
1111110011011000
0000010000010010
1110010101000110
0000110111010101
1110101101110111
0000111000011101
1111001110100001
0001000101110110
1111110101000110
0010100101111011
1101011000100100
0010001101110000
1110011000010001
0001110000100110
1101100100001100
0001101101001000
1111101100101000
0000000001011011
1101010001010111
0001001011110000
1110010001000110
0001010011101100
1111011011111001
0000110110101100
1111111011011000
0010101000101111
1101001110111010
0000000000011111
1111110101000110
0000010101101100
1111000100110111
0000010111011010
1111011001101010
0010100010010100
1110101101001101
0001110011001111
1111010001110010
0001111011001010
1111101111110100
0000110001110001
1110000101100100
0010100111000101
1111100010011011
0000011111101110
1110000101001110
0010100010000011
1101100110011101
0010000010110101
1101010011100010
0010001111011001
1111100011010110
0001100111111001
1111001111110111
0001000000011111
1101100001011011
0000111001101110
1111001110111100
0010011100011110
1111001010010111
0000111111110101
1101001010111000
0001100110011001
1110011011000001
0000010001111100
1110000100000111
0010010001111000
1101001000001101
0001111111000111
1101110101000001
0010000101000011
1110110100010110
0000000100111100
1100101011011000
0000001011110001
1110011001011101
0001011010000010
1111011001111011
0000110010110011
1111000101100111
0000010011000001
1111100111101111
0001010001101000
1110000101001101
0001001101011000
1101110010110011
0001100111000100
1110000001100000
0000001010110110
1110100101100001
0010010100111010
1110000001010111
0000011110010011
1101100001000000
0010010000101000
1110001011110100
0000111001101011
1101110000101011
0001100101001010
1101000000101001
0001000111000001
1110100101010000
0000001110001100
1101100100001000
0001001001000110
1111001010011110
0000110010100111
1101000100101000
0001000101110011
1110000100010100
0000101100101100
1110100100110111
0010011000111001
1110000110101101
0000100010001111
1111010010110101
0001001100101000
1101010111111101
0001110011011010
1101001001010001
1111001101111000
1100010000110111
1111001010110111
1110001111100111
0010000100101000
0000000000011100
0000000110010000
1101010001011100
0001011110000100
1100111101010001
0001010110010001
1110001011101010
0000110110100011
1110000011001110
0001000110001010
1101111100100100
0000000001101011
1101111000110110
0001101110000101
1110110100101010
0001001111001100
1101100100111110
0010100101111111
1111000000011101
0001010000011000
1111000011100001
0000010011010111
1110010111110011
0000011111010110
1100100110101110
1111110110100101
1110101000001101
1111111010000111
1100010110000110
0000010111010000
1100100110111111
0001001010000101
1111000111000101
0000110110100100
1101001000111010
0010001101111011
1111001110111111
0001010011000011
1111011100100000
0000001011010111
1101100011001111
0010001001101011
1111110001010001
0001101111010110
1110111010011101
0001010100011110
1111100000110110
0000010101100011
1110000100101110
1111111111110000
1100100001000111
1111111011110100
1011110101001110
0000000101111011
1100110111011010
1111000010011010
1101010001100010
1111110100001111
1101010101000101
0000001111100111
1110110101101111
0000111011011001
1111000110010001
0001000111001110
0000010100100101
0001000111101001
1111101000111001
0001001001100011
1101101111001001
0000101011101101
1110101101011100
0001111001000001
1111111100000100
0001010110111111
1110111101100001
0000101110100100
1111010000110110
0000010101001011
1101010000100001
0000001000000001
1100011111111100
1111000000101010
1011111110100111
0000110010010101
1110110000110100
0001101010010100
1110011011010111
0000011010001101
1101101110011011
0001010011000001
1111100101111110
0001001100110010
1110000101101000
0010110010011001
1110100110011111
0010101110101101
1111010110001101
0001110110111111
1111000001001001
0000000100111001
1101011001100000
0010000101110001
1101110101001001
0010010100011001
1110101110011110
1111100110001100
1110010011011001
1111111000011001
1101010100100010
1110001100001000
1101111000111111
0001010011010000
0000010101011010
0100000000101000
1111011011001011
0010111011001001
0000000010010111
0001000110111010
1110010011011011
0000111110110011
1101101110101000
0001001101100101
1111001000111111
0010000100001101
1111001110000101
0010101011110001
1110001100000011
0001011001111100
1110001101001111
0010101111101010
1110011011010011
0001010010100101
1101100000101010
0000011010101001
1110001101110101
1111100011000011
1110010101110000
0001110010000111
1110111000111000
0011011101110101
1111111000111000
0010101100100000
1110101011000000
0000111000010010
0000000001110011
0000111101011101
1111101000110100
0000101111111110
1101101000100000
0000011010011001
1110111100011110
0010010100101000
1110110010001100
0010100101010110
1110101100000000
0010000000100010
1101100010010010
0000010010010111
1111010110011101
0001010001011000
1111011000011111
0001111000100111
1111101100000011
0010011000101100
1111011001100101
0001010010101010
0000101100101101
0010111001001011
0001000101101011
0010100100011101
1111011011111011
0000000101101000
1101110111011011
0001010111110000
1101111100100011
0010001001111010
1110111110100010
0001111000110000
1111110011100000
0001000010000000
1101111110111111
0001110010110010
1111101100110101
0000011010111010
1110011011011000
0001100100110010
1101100000011000
0001000110001101
1101110101111010
0000010010000111
1101100100001001
0010001001111100
1101011000101111
0000111010000001
1111011101011100
0011110101100111
1111110101111110
0010011101000101
1110100000011111
0001111001101010
1110011100001011
0000000110010101
1111010000011110
1111111001100010
1111000011011010
0001011101111010
1101011101001011
0001110000111100
1111010110100001
0000000100111011
1101001110001000
0010101010001011
1110001010001101
0000001110111011
1111101010100011
0000011110011011
1110001010000110
0010111101110000
1110011100111010
0000110010100010
1111101011001110
0010111000101010
0000110000001000
0011010111000011
1111100010100001
0010010111101000
1101010010100110
1111100100000101
1100111101010011
1111011110000011
1111010000101101
0010000110001011
1110011101110000
0000001101101000
1101010110011110
0010000011100010
1110000010101101
0010001101011010
1110110101011011
0010100110011010
1101101110010100
0001001000001001
1101011110101001
0001001100010110
1110100101010011
0010110010000011
1101101000110001
0000000100111100
1101101101101011
0001110110001100
0000001000001100
0000111110001111
0000010000111101
0001100110110001
1101011000010101
0000111101110001
1101101010010001
0001101000010110
1101011110101010
0000010110000011
1101010011101111
0010011011011010
1111111010011000
0001001011011101
1111111110110110
0010100110101011
1111011101100000
0001111101110101
1101111110100100
0001101010010000
1110000110100001
0001001111010011
1111110010001110
0000111001000100
1111011110000111
0001000000100110
1110101000011111
0010011010111001
1111000111001100
0001100111101001
1111111000111101
1111111101100100
1110101110001110
1111000000000111
1100101011010010
0000101101001111
1101100101101101
0001000010101100
1111011001010110
0001101011011011
1110010111000001
0000010100111101
1110101000011011
0001101010000011
1110011011001011
0001010110111011
1110100001001101
0010000011001010
1111010111000011
0000001110111111
1110000100110010
0001100001111100
1100111011000100
0000010101101011
1110011000011011
0010000010001000
1110110100100000
0010101110000100
1101111011001000
0001000111000111
1110100001110101
0000110101100000
1101001110011001
0001011101111001
1101100000011110
0001101111001101
1111100011100100
0001100011011100
1111100010111101
0000110011000110
1111011001010001
0001111001011111
1110110101010001
0001111101000000
1111001100110111
0010101001011111
1111010101100100
0001011111010010
1101010100101001
0000010101100001
1111101011000101
1111110011000001
1111000110110001
0010001001100111
1111111110000110
0010000010111000
1101100110011101
0000001101000001
1101101000111001
1111100011000011
1100110111001110
0001001111010110
1101011001001011
0001111011101101
1110110101000101
0001100000011010
1110100001001110
0001001110011111
1111011011000010
0001101000111111
1101111101101100
0001001001111010
1111001011011111
0000010011001010
1111000101101110
0000100111000111
1111000011011111
0000011000101111
1111000011101010
0001011110100110
1101110101100100
0001110111001010
1111010001111011
0010111001000010
1110010100011011
1111011111111011
1101001111100010
0001001010101000
1101001100100000
0001111010000000
1101000010101001
0001111101101000
1110011000001000
0001110001001100
1110001100101000
0010010010101011
1111000111100000
0000001110001001
1111010000011001
0001011101010100
1110000011101011
0010011011000011
1100110000101000
0001110000010010
1111011010010100
0000010100000010
1110110010011110
0000111001100110
1111101100111000
0011010000000110
0001001001000100
0000010000011101
1110000010100110
1110100011000100
1110110000111011
1111111000000001
1101110111000110
0001000011110110
1111001101010110
0000011101000101
1110101000010111
1111111000110110
1111011101010010
0010011010010001
1101111101001111
0010001000101001
1110000011001000
0000001000100001
1101100100100110
0010011011101001
1110000100010000
0001000110010101
1101011110110010
0001101001010010
1110111011100010
0000010111110011
1110101100111010
0011001100000101
1111100110010000
1111000011100110
1100001111000101
1111101011111001
1110011110001011
0001011011000001
1101101101000110
1111110110100000
1110111101000101
1111101111010110
1101101101100110
0000101101011001
1110101110111110
0000001111010011
1111000110001100
0001101100010101
1101010101011010
0000001000011011
1110111000111110
0001100011010001
1111101110100011
0000110001110011
1110101111010101
0001110100000011
1110100111010101
0001100011001001
1111001010001010
1111111100110000
1101011111101111
0001001111100010
1110001111001110
1111000111000100
1101000000111010
0001010011110100
1101111010101101
0001111110000010
1101100010101011
1111110010010110
1111010111110101
0010010101011010
1111100111111110
0010011010111011
1111100011010111
0001101000000101
1101011010001011
0001010101110001
1111011011011100
0010011010101010
1110111010001011
0010001010100110
1111010101011111
0010011001101111
1110110000011010
1111110111101000
1110011000101001
0000010001100110
1101000111000000
0000000110000110
1101110100110111
0000100000110010
1110111000000111
0001100101000000
1110011100011000
0000001100011101
1110010011110000
0010001010100111
1111011000011011
0000011101011010
1101011110100111
0001000000000000
1111111110001110
0000001010110101
1111100001101000
0000011110011010
1110001011001001
0000011111101101
1110110001010000
0010111000010000
1110001100011011
0001001010001110
1111010011001010
0001010000110010
1101110100101001
0000010100000010
1101111100110000
0000001100101101
1110011011110010
0001000111100011
1110010011101011
0000011110011111
1101110110110000
0000000011001110
1101001010101010
0000000110001010
1111000110011010
0001011000011110
1101011010100100
0001011110110000
1110010010111111
0010011011101010
1101101101001000
0001101110110011
1101010111100010
0010110101010011
1110000111110000
0001111110001000
0000001001001100
0001000001101100
1101111111100100
1111010110011000
1101010001010010
0000111011100001
1110000011011001
0000101100000111
1101100101110110
0000010011110101
1101111111101001
0001010110111111
1110100001111001
0000111100110001
1101110110100101
0000101101010011
1110110011101011
0010000111110001
1111000110111001
0010000110011101
1111011111111011
0000101111110010
1111010100011010
0010001101000110
1111100111011110
0000001101101011
1110111010000110
0000000101010010
1111110001000110
0000001111000111
1101110101011111
1111111000010011
1101110001010110
1111010010100100
1110011111011111
1111110001100110
1101000100010000
0001100111001000
1101101011001011
0001110011111100
1101010100000000
0000111111001100
1111010110111100
0001010111111111
1110000001111111
0010110001110001
1101111110111010
0000011011110111
1101111111110000
0000000111000001
1101011101101101
0010100000010101
1111001001001101
0000011010000010
1110000110110111
0001001010000000
1111010011001001
0000001011010011
1110011011111011
0000101001100011
1111000100011110
0000000010110111
1110100100000011
0010001101110101
1111001101000101
0001011010110100
1111010111001110
0010100110101110
1111000001100101
0010100001111011
1110000110010000
0000110100001000
1111001110100000
0010100001100100
1101110101010011
0010110001010000
1101011111111110
0001011000100110
1111100110000110
0001101101000110
1110100000011001
0000001001000000
1110100101110010
0010010110010111
1111011100010000
0000100001001011
1111001101101111
0001001001111000
1111001111001111
0010001100100111
1110000110000100
0001100001111101
1101011001001000
0000001100010111
1110101100000100
0000010001101010
1110001000111010
0001110100011010
1111110100011010
0000000010100001
1110011011010111
0010000100010100
1111001000101000
0010010101111111
1110001101010100
