0010010110100100
1110111001010101
0010001100010101
1101110000111011
0010100011010111
1111011100100110
0000111100000101
1101110110010101
0000110001110010
1110011100101111
0001010101100011
1110001111010100
0001000010100100
1110100101001101
0010101010110011
1101011011111111
0001110001111011
1101111111011101
0000011001011000
1110010011001111
0000000010111011
1111010100011110
0000011000100110
1101101111111001
0000011100000101
1110111000001010
0000010111010001
1111101100100000
0010110011000000
1111011000111001
0001011011111011
1101101001101000
0001101101110010
1111001010111101
0001110010010001
1110100010011000
0001011001011010
1101010010101110
0000110101101001
1101110110100101
0001100010010101
1101111000000110
0001000110111010
1101100001010110
0000110011001000
1111000001110111
0010010001001001
1101011101001000
0000001110011100
1101010111101011
0001011110011010
1111110000100110
0000100010011100
1110001001001010
0010011111100010
1111000001011111
0000001011100000
1111111100011010
0001010010000001
1111110100101100
0000101011000011
1101010010111001
0010100100101110
1101101110101000
0000111010110110
1110101011110000
0001011001011111
1110001100001000
0001101010000000
1110011101110000
0001110001000011
0000001100011001
0001011000010101
1101100100011110
0010111101101000
1110011111000011
0001001101101111
1110010110010111
0010000000110011
1111000111111011
0001111111011100
1111100010011111
0001001110110111
1101100010010011
0010010100100110
1111000100110011
0000101000101110
1101100000001010
0000111111000101
1110001000110001
0010101111000101
1110011111001101
0010000101011001
1110001011011011
0001111110010110
1110011111001010
0010001011111001
1111000110101101
0011101111011001
1111100101111110
0011011000000111
0001011011101010
0100010011111011
1111011010110110
0001111001110101
1110100000011110
0010010111010100
1111000011001111
0001110100100010
1111001101111001
0010001100110110
1111001000111010
0001010000000111
1111010111011111
0000100001010101
1111001110100011
0001011111111011
1110110101010100
0000011001101100
1101011101101011
0000010100001011
1111110100110110
0001011010110010
1101110111100100
0010001111001100
1101001010011101
0001110110010101
1110100111110100
0001111101111110
1110111001100101
0000111011110010
1111110001111110
0010000000111000
1111100100011101
0000001011100000
1101111000001101
0000010100001011
1101101101001110
0000011101011000
1101111010011111
0000001101010111
1101010101101111
0000001001100001
1110011101101001
0000010100101111
1111001100001101
0001110101010011
1101110111100001
0001001000101000
1101001110011001
0000111110101101
1101001100000001
1110111100101000
1101110100111011
1111100001110110
1101000100010111
1101101000111101
1100111010101110
1110111001110011
1100100110010011
0001000110001000
1101100011100100
1111000011010100
1110100110000110
0010001011010101
1111001000010100
0010011011000011
1111101001100001
0010110010110100
1111110100100010
0010011100011111
1111110111110110
1111111001000001
1101010100000111
0001001000011010
1111010011011011
1111111010111001
1110100011100101
0001110101010010
1110000001011011
0000101010101110
1110010001011011
0001000100011000
1110101111101101
0001001001000111
1101111010110110
1111110111101011
1101101000000101
1111110100101100
1100010101000110
1111111001001110
1011111100111011
0000010111101101
1101010110101010
1111111000101010
1101111001101101
0010010101010100
1101011000011000
0010100100100100
1101100111011000
0010011111011001
1101101000100011
0001110000001011
1100110100011011
0001011000000111
1110001100101001
0000100111110111
1110010010100110
0001111110010100
0000101011111010
0011010111111000
0001001101000001
0010010101010001
1101111111101110
0000000111000011
1101011110011101
1111001011011101
1110110100011111
1111000100010000
1101000000110101
1110101010000110
1100110001101110
0000111001101000
1101001100110011
0000110010001100
1110011101011101
0010000100100101
1111101101011100
0001001100010101
1101110011011010
0001111000100011
1110100010100001
0000101110100110
1110011010100110
0001001001001111
1111110101010011
0001100110111000
1111111001010101
0100010100011101
0000100101000111
0001110000101110
1101111010111001
1111101001101011
1101100101111011
0001000001100011
1110111101000001
0000000000011001
1101101010011000
1110111100100000
1100001111000001
0001010000010101
1110001000101110
0000111110010110
1111011110111010
0001101111111011
1110010010111011
0001111100110100
1110001011010011
0001000101000011
1111011101001010
0010111010101010
1110110011000010
0001111010011110
1111011100111011
0010011011000011
0000110111011100
0011110101111010
0000010111100101
0010000101111001
1110100110100111
1110110001000010
1110000001001010
0001000001100001
1110100011011000
0000111101010010
1101011101000001
1111111101110011
1101011000101010
0000010110100100
1111011101001000
0010110001000101
0000000000110111
0010001110000100
1111000101000001
0000001101001010
1110100111100101
0010001000101010
1110010110111111
0010100110010001
0000100111000001
0001100011111110
1111001111010111
0001110100101011
1111000010001001
0011111100100011
1111110110010011
0010001111101011
1110011001001111
0001001101111000
1110101001111101
0000111101001111
1110110111000101
0010101001100001
1100101100111111
1111101011110101
1101001001111100
0000000011111011
1111001110101010
0010011011100111
1110101010111101
0001001100101110
1101101110000000
0001001000111110
1111011011110101
0001000100111010
1111111010010000
0011010011111100
0001000011110101
0001111000100111
1111101100010101
0010000011111111
1101101001000111
0000100010111110
0000011000101110
0001101100111001
0000010010100100
0001110011011110
0000001110100100
0001111010001010
0000001001010111
0011100000001010
1110100001001001
0001101001101111
1101000001110011
0001000010000111
1111000010001101
0001000110101010
1110001010110100
0001100111011111
1111010101111010
0000101110110010
0000001001001010
0001011011100100
0000010001100010
0010000000011010
1111101100000011
0001000101010101
1111010010010011
1110111001111110
1011110001111111
0000111110100100
1110111101011100
0010001010111100
1111011101011001
0011000101101011
0001001111001110
0011011001001111
0000000011011001
0010010011100110
0000000000000011
0001000110110011
1110010110011011
0010000110011111
1110110111110110
0000101011110010
1111000101000010
0001111110000110
1110010000101101
0010111010110100
1111010111110001
0011110101110011
0000011110011011
0001000111001010
0000100000101111
0001000100100100
1100111100110100
1110001111011001
1100010101000101
0001101111100111
1111000100101100
0001001010100100
1111110001011101
0011111001000110
0000000010101011
0001111010111110
1111101100001111
0011100011001110
0000100011011001
0000011101111110
1110110110001101
0000101001001101
1110001000110011
0010010000111111
1111100111001100
0000000101100100
0000000101001101
0001010011110000
1110000110110110
0010010010101001
1111000011100001
1111101110111100
1110100110100101
0000010100011110
1100011110010010
1110110011111010
1101011011111100
0001001110000000
1111001101100101
0010010000011001
0001111101010001
0010100101101100
0000110111100100
0010111000011101
1111110111110110
0001101110100101
1110111010001010
0000011110010010
1111110100101110
0010011101000110
1111100001101110
0001010111100100
1111010111101001
0010001110111110
1111000110110100
0001000101110011
1101111101001011
0001101110100011
1110100100001111
0001101111111100
0000110100000110
0001100011010111
1101110110101011
0000110111100001
1101110111001000
0000110100111101
0000101011101011
0010100000101111
0000100000010010
0010110010011010
1111101010100010
0010101000000010
1111101101010100
0001100011001001
1111101100010011
0001001100111100
1110101111111110
0000011101101110
1110110110110111
0001100000101111
1111100011111011
0001100010000001
1111110010111011
0000110111011101
1111001100000111
0000110100111011
1101111000011100
0000100010001100
1111000010100111
0001111111101111
1110000111001000
0001101011010000
1101111100000001
0001110001110110
0000111011111010
0010111111011101
0000111001100110
0010010110100111
1110101010001011
0001111010001100
1111000111110110
0001010100110110
1111010000111000
0001000100010001
1101110101001010
0001111111101001
1110000001111010
0000011011011001
1111110111101100
0000001001111000
1101101111001110
1111111111010011
1101110111101110
0001100101001011
1110101001001110
0000100110010000
0000100010100100
0001001011011000
1110110011110110
0001101011010010
1110010000111001
0001111000110001
0000100101100000
0001011110101101
1110011011110101
0000110011000000
1111011110001110
0010001001000000
1111111110001101
1111110001111001
1110011101101101
0010011011101000
1110000000010000
0010010101110010
1111011010010101
0001000111010111
1101111111011100
0010010011111111
1101111011011100
0001010000000110
1100011111011111
1110111101010111
1100001100010011
0000010101001101
1110010001000110
0010001100000101
1111101001010101
0010100000000100
1110110110100111
0011011010110100
1111011001101011
0000011001110100
1100111100001101
0001101110010010
1111001001111011
0001011101110111
1110001011000100
0000111000111100
1101010111000100
0001110111001010
1101100111110111
0000101001111000
1110010010000111
0001010100010101
1111100010001000
0010000110101010
1101000001110000
0001001011110110
1100001011001000
1110010001010001
1100001011111001
1111100111110100
1101101001111101
0001110001011101
1111101101010010
0001100011111101
0010001001111111
0010011110000000
1111001101011101
0001001001100111
1101101110110100
1111000000010001
1101100101110000
0000010100101010
1111001000010011
0001000000111101
1110010000001010
0001100010001101
1110101000100010
0000010111110110
1110110101010111
0000101100010001
1110110111010110
1111111000010111
1101100001101011
0000001010101001
1011110001110110
1110110011101111
1100000000100000
1110000111011010
1011011001101011
1111001011011101
1111111000100111
0010100101101100
0000111001000100
0010011011110101
0000111011100010
0001011000111001
1101100000000110
0000010111001100
1101000111101010
1111100011001010
1100001010000100
0001000001010101
1100011100011110
0010001101101110
1101110110100110
0000111011000100
1110011111110100
0000100111010010
1110101010101000
0010011100110000
1110010000100101
0001010010101111
1011110110000000
1110100011110011
1100010001101100
1110111101110110
1100001001001100
0000100110000101
1110011101110110
0010000000110011
1111000000111011
0001010100011110
1111101110011011
0000110110100111
1110011011111111
1111110001011111
1100111100011100
1110101101010000
1101011001010011
0000100100101001
1100110100000001
0000101010000010
1110010101100100
0010011011010111
1111101100010101
0001000010111101
1111011100010110
0001101001001110
1101111101011101
0001000111001011
1101010101000011
1111000011111000
1101111010001011
1111100011100101
1101101011011110
1101110100001111
1101010111011111
1110110101011011
1100110000101110
0000001110001111
1101001011000101
0000010101100011
1100010110111001
1101101001111100
1100000100010011
1101111110011111
1100010011001000
0000110110110010
1101001011001100
0000101010000000
1111001000101110
0010011110110010
1110111110011010
0010100001001011
1101111010000001
0001001011111111
1111000010111011
0010011000011000
1111100010100001
0010010100011100
1110110000111010
0001010011111100
1100010010011111
1110001111000001
1011110110011111
1100101110110100
1011011101000001
1101010000101101
1011111101110001
1101001101010001
1100101101101110
1111010011001101
1101010001011110
1110010001000001
1110101000101101
0001001001001100
1110010000001101
0010110001000001
1111100111100000
0001101111001111
1111110011010111
0001000110100100
1110100111000011
0001001100011110
1111001001111111
0000110001011010
1101111111110101
0010011001000011
0000011100010100
0000101001110010
1111000111000000
0001101110100101
1101100101111001
1111111100100111
1100111011100110
1111001000110101
1110100101011111
1111101100011101
1110100000100010
0001000000111001
1110001010000000
0001111101010100
1110001111101010
0001010110010001
0000000000101111
0010001111100100
1101101011110011
0001111100001100
1110000101110011
0010100010000010
1111000111111011
0010000100010100
1111001001011101
0010010000011010
1111111101111011
0010000001010001
0000101001000001
0001111111110010
0000111110101010
0001111001011100
0000100001000100
0010001010011111
0000010111001101
0010001011111101
1110111110101001
0001110101010001
0000010111111110
0010110111000110
0000000101110101
0010000000000001
0000000010110101
0010000101100001
1110101111010111
0010010001100110
1101011001101001
0001011101010101
1110010111101010
0010000010101101
1111010111101001
0000101111010110
1110001110110110
0001011001001101
1111111111011010
0010111000101011
1111011010111111
0001001111111010
1111001101111011
0001110011011001
0000010010011001
0011011010011010
0000010011100110
0011000001110111
0001011011010100
0011100011101101
0000111010001010
0010000000001101
1110101110001110
0001000100110010
1110011000110110
0000001011011110
1101101111101111
0010011001000001
1110010100010110
0000111001100111
1110001000010011
0001011110011010
1101101000000010
0000101100110110
1111010010000101
0000001101001000
1110100011110011
0010011111011010
1110010010100101
0001011111011111
1101101101001110
0010101010110001
1101111101110111
0001000010100010
1111001001111001
0000010111011101
0000001001001111
0000001001010110
1110110100001000
0000111110011101
1110000111001011
0010010100100001
1110101101001010
0001011010001100
1111110111100100
0000100010001110
1110101001010101
0010100101011110
1111111000001110
