0000100111011101
1101101010111101
0010110001100100
1110111101111001
0001001111110001
1110001001111001
0000000111111011
1111110111010001
0010000111010000
1111100000110110
0000010000110100
1110010001011001
0001100000000110
1110100101011110
0000100100100110
1101100110110110
0001110000001111
1110001111101101
0010101100001011
1101111011011110
0000110110101110
1110001000010010
0001101001100000
1111001001101100
0001010011000000
1110110000010111
0010101000000001
1110011011110100
0000011001111000
1111111111010010
0001010001110011
1110111110101011
0010010101110001
1110101111110111
0010000011101001
1111001101111010
0000010100110011
1101110110011101
0000111100111001
1101100111000001
0010101100110000
1110110111110110
0001011001101101
1110101011100101
0010101010000100
1110000111001110
0000111110101111
1110011101011010
0000111000010111
1111001010101011
0000110101000010
1110010001111000
0010101101111111
1101100001101100
0010100100011101
1110110010001110
0000111010110001
1101100110101111
0010110001111110
1110101011011101
0010011001111110
1110101111101101
0010011000001101
1110001100010001
0010110001010001
1110110101110101
0011010101111101
0000101101011001
0001101010010101
1111111001100000
0011001001000011
1111111111101101
0010110000010111
1111101010111000
0010101011110000
1110101010000100
0000011011110000
0000000000010100
0000110110000101
1111001010010010
0001001111001110
1110100101000011
0010101010000100
1110110111110111
0001000110000100
1101100100101100
0010010101111010
1101111111110010
0010000001101011
1101101100101010
0000100001110101
1110100110111001
0000110011111110
0000010000001011
0001001101001011
1111101011111111
0001101010010111
1111101110011000
0001010111010100
1110001001111111
0001111101110001
0000100000100001
0001100010001000
0000100011111000
0010001010111000
0000111000100011
0011010000101000
1111010000000011
0000101011111111
1111110001110011
0010000101010000
1110010101101010
0001110110111010
1110000011011110
0010110010101001
1111110101111000
0001100111011110
1101100001111111
0001111001110000
1111000010111000
0001011001000100
1101110100011011
0010100100010110
1101011010100110
0010000001101000
1111001011001111
0000110100001110
1111100011111000
0010011100111011
1111110111100110
0010110110111011
0000001000100011
0011101100000001
1111111001010101
0001110101110101
1110011101001110
0010010000011010
1111100000111100
0000010101001010
1101010000101010
0000111100000001
1101100001100001
0001100111001011
1101001100000100
0001011101011011
1110010101100101
0000000010001001
1111100100001111
0000101110010000
1110100010011111
0001110001010101
1111101000010000
0001101100000101
1111000100011111
0000011100010000
1110010010001100
0001001001110011
1111000001111010
0000010100000100
1111000000101001
0010100100000010
1110011010011000
0010011110001010
1101101110101011
0001001100110001
1111100100110010
0001010000100011
1110100100000000
0000100001011011
1110001111111000
0001011001000100
1110011001101100
0000111111111100
1111101001101100
0001001111010011
1111101000010011
0010001001100010
1110101000011101
0000001100001000
1110111010010000
1111101000010110
1101110000111111
1111011100000010
1110010111001000
0000101000101110
1110001100110011
0001010001100100
1111011001110010
0000100000000101
1110011111110000
1111101010010010
1100100111001001
1110111101101000
1100010000000010
0000110110000001
1101010011000101
0010101110111000
1101100001011110
0001010001010110
1111010011000110
0000111000110001
1101001000100110
0001111110111001
0000000011001100
0001000011010110
1111011100111101
0000000000000011
1110100101100000
0001111011101110
1111010101111100
0001110000011101
1110101010100110
0000111000000001
1100001111111011
1111001110101101
1101110010011110
0000110100010011
1110001010111111
1111001111010111
1101011100010100
1111010101011100
1101010011011000
0001101010001101
1101010001111110
0001010110000001
1111101001111001
0010011111000111
1110010010100100
1111100001100000
1110011000010000
0001110010000111
1111011011100010
0001111100110011
1111110100111111
0001101110100100
1111010001111110
0001100100011100
1111011101101001
0000011110100010
1110101110101100
1110100101001101
1101000100111000
1111011011000100
1110011000100010
0000001111111000
1100001111010100
0000011101100111
1100011111110111
1101110100110110
1101110011111010
0000111100110000
1101100011100100
0010001011010010
1111010111101001
0010001101101111
1111001001100011
0000010111110110
1101011011100100
0001100011011011
1111100000001101
0000100100000001
1111000001110011
0010000101010110
1110101101011101
0001111000100101
0000011111100010
0010011110101110
1111111011110000
1111101011001100
1100101000000001
1110000010011100
1101010111101110
1111101011101011
1011111101110001
1110100100100010
1101100010001001
1111110011111000
1110010001011010
0000111101010110
1101100100001100
0001001010010010
1101010010100101
0001111001000111
1111001110100000
1111110011110110
1101100101000110
1111110111011110
1110011100001010
0000000110010110
1110001000000101
0000100001111010
1101101110010010
0000101001111100
1101010111100010
0001100001111100
1111000000010111
1111111101010100
1101001110010010
1110001011110011
1101010110110111
1111110010101010
1101001100000111
0001000001110110
1110000101110011
1111111001100100
1100100011110111
0000010001010110
1111010110110101
0000010010010101
1110001000011000
0000001001001010
1110001011100110
0000110111111001
1100001010111100
0000010111010001
1011111000001001
1111000110111010
1101100101111011
1110000111100001
1100001000001100
1101011010011110
1011111001011011
1111110010110011
1100010010000101
1110101000101110
1100001111101101
0001000100010011
1110100100101011
1111100010011110
1111100010110010
0000101001111100
1101010000010101
0001100010010101
1111010110000000
0010100100001100
1110111110100111
0010110011001001
1111100010011011
0001100111100001
1111010111010011
0001011010011001
1100000010101111
1111001101000110
1100000000000011
1101101100110110
1100010100101101
1101010000000010
1010110110101100
1100001101011111
1011011000000101
1110110001000110
1100011110010100
1111010000010101
1101111101001011
0000110001101100
1111100100000101
0000001100011001
1110110011101000
0000111001001101
1110110101110101
0001101000011011
1110100011001010
0000111010111110
1110100100101111
0001011001011110
1111000001101000
0010011010000101
1110010000100110
0000011000110011
1100110101010110
1111000000010001
1100111111001011
1101011000111001
1101011001010110
1111001111110100
1011111011011000
1100100101010000
1101010101000100
1111000000100101
1111110110110011
0001001101101010
1101011000001011
0001001000101011
0000001010110000
0000110001010110
1111011110111001
0001110110001110
1111111010000100
0010110111011110
1110000010111011
0010010010011011
1110010011101110
0000011001001100
1111100000011010
0000010101100110
1101111110011011
0000100111010110
1011110110111101
1110110100101101
1110100111110011
0000100001100000
1101101010011001
0000101111011001
1101100011000101
0000010000111001
0000000100101000
0010001001111110
1111110111000001
0000111000001100
1110001001011010
0000001110100111
1111011000000000
0000010100001011
1111110010110000
0001001001111110
1110100111011111
0010110001111110
1101111000010100
0000011001011010
1110000000010110
0001100010110111
1101100000000110
0000110110100110
1101101011011000
1111011100010000
1101100011001011
0000011101111000
1110010001111111
0000111111001000
1111101001100110
0010000110011111
1101101011011001
0000001011000000
1111110111001101
0011101011100011
0001010010100011
0001010100101101
1101010101110011
0000110001001101
1101110100001011
1111100001001100
1111010010011000
0010010010010001
1110010111000100
0010010100010010
1111111001111111
0010000111001010
1110111110010111
0000001011010111
1101110000011101
0000001010011101
1101100101101010
0000111001000101
1110010111000101
0000101011110101
1110011110001001
0010111011010110
1111001010011000
0001110110000110
1111011111111011
0001000100000000
0001110100001100
0100100000011001
0001100100110101
0011101111100001
1101101011101101
1111110101100111
1110111111111100
0000010101010110
1111000010011100
0001011010101000
1110001011111010
0001110111010111
1111001111101110
0010100111000001
1101010101101001
0001111111000011
1110010110001110
0000101001001010
1101001011000110
0000101101101100
1111000010000001
0000111101001111
1111111011001110
0010010000101000
1111000000001011
0010100101010011
1111110100010001
0011001010111110
0100000000001100
0100001110010101
0001000000101000
0010101100001000
1110011001111010
0001001011110100
1101011001100100
1111100101000101
1110110011101010
0010000100110001
1110110001010110
0010011101011001
1110111001010101
0010011011000110
1101110001101111
0000011001010100
1110000010010111
0001101111110010
1100111101011111
0000011100011010
1111011001000000
0001000100010110
1110000111000001
0001000000010000
0001011011000000
0010110000010000
0001011110111010
0011110001101100
0001011100011101
0011101100011111
1111111101110100
0000001111001111
1110000000011101
0000010110000111
1110000011000010
0001101001010010
1111011010101101
0001011110010001
0000111010001010
0011000110111010
1111100101011110
0000010011101011
1101011011001100
0000000111111111
1101010011100111
0001101010010010
1110110100001101
0000101101100101
1101111111010101
0000000010101011
1110000000101111
0001010101010010
1111101011111111
0010111001001010
1111110010001101
0011101000010010
0010101110000100
0010100010011011
1111010100111011
0000100010001001
1110000100111101
0000011000101100
1110010111101010
0001110100100101
1101111110110111
0011010001110010
1111101010000101
0010000100101010
1111101001010100
0010101010111000
1110001110010100
0010000101110110
1111110100110110
0001011011101010
1101010101111101
0001011111000100
1110000010101010
0010010010010111
1110101011000110
0001010001011001
0000010110111000
0010110100100011
0001100100000100
0011111000011110
0001011011011011
0001101011100001
0000001110101000
0000101010000101
1110101111111000
0010101001111000
0000110011001011
0000001001000001
0000011110101010
0011000110110101
1111111000001101
0001001110011001
1111101001101101
0001100011110000
1111100100001110
0001111011001100
1110101101110011
0010000110111110
1110101001101000
0000101110000110
1110010101000111
0000001111101111
1111010010010101
0001010010100110
1111100011100101
0000101101000010
0000010000101001
0001010011010110
1111110011001100
0010100110110101
1111010101011001
0001010001001001
1110011110100101
0001111011111010
1101110010100010
0000101100100010
1110011000111101
0010001101110101
0000100010010110
0001000100000111
1110110011100101
0000110001100001
1111110001111001
0010100111110001
1101110011010010
0000101100100100
1110010000000110
0000010011001001
1111100111000100
1111111101000100
1110110000111110
0001000001010000
1111000000100001
1111001110110101
1111100111110011
0000001110111001
1110110000011011
1111101111000001
1101000001110001
0000011110010100
1101111011111001
0001001110110111
1111001001010101
0001110000011100
1111000110100001
0010001110101100
0000100011010101
0010100010100011
1111001111100000
0001100010011011
1101101100111111
0010101001011011
1101110000110110
0010011111110010
1101010111110010
0001101001100101
0000000010011001
0001111100101111
1110110100111100
0001011111110101
1111001000110110
0000111111111111
1110000101100001
0000001001101100
1011110100011011
1111001001111101
1101101000110110
0000111001001111
1101010110111100
0000000001000101
1110101011111111
0010000110111101
1110101000000000
0010011011010101
1110101001011010
0001001100101110
1101101110001010
0010000011110010
1111011011110111
0000100101110100
1111001110110111
0000000010111000
1111010011100001
0000001110001011
1101101100011101
0000101111001001
1110101111101010
1111111101011011
1110001111000101
0000100001111100
1110101011101011
1111010001110111
1100110100011010
0001011101110001
1100111100101101
0001000011001011
1110011011101001
1111111001110100
1110011010111101
1111111000010001
1110011011110000
0001011000010100
1111110100011111
0010100111001000
1111011111101101
0001101101001101
1110111001101100
0000001000100011
1111000011010011
0001101010011101
1111010001001111
0001111100110110
1110101010101011
0001110000011001
1110110010001011
0010000010100000
1111001111110010
0001011100110010
1110111110011001
0011010100000111
1110001011010001
0010001001101100
1111010101011010
0001101000100001
1101110101101101
1111100011111110
1110100111100011
0001110011011000
1110100010100011
0001001111101110
1111101001100110
0001110010011000
1111100010000100
0000001100101010
1110010010010100
0001000010101011
1110000110110010
0000000000110011
1110110100110101
0000001000001101
1110100000010011
0010001011110010
1110101000011101
0000111111101100
0000001000111001
0001010001100101
1110010011000111
0001110111011011
1110100011001110
0001001110110010
1110101000110101
0001001011001110
1111100011001010
0001101010010000
1111001011011001
0001110001010010
1101111001001000
0001011111110001
1110011010010000
0000000111101011
1111101001011010
0001101101111000
1110000001010000
0000110101011110
1110000110010011
0000111001001111
1110000111111000
0000111111110110
1111000110000110
0000010000011000
1110111110000000
0010100101110110
1101110111010000
0010110100010110
1111101001000111
0010011100010100
1111001001100011
0010100001010000
1110111000000001
0010110000011101
1111011000010110
0010101011101010
1110110001110011
0001000011110000
1110010100001011
0001111000001110
1111101111111011
0000110101110110
1111010111100011
0001110101101011
1111000010010111
