0000011110111010
1110101110101100
0000111100011001
1111001000110110
0001011110111101
1110111010000101
0001110101101010
1111000101000101
0000010100111000
1111101010101101
0000010111110010
1111111000111111
0001110001101000
1110000010100111
0000001100111011
1111101001010011
0000110000001011
1110111010100110
0001001010100010
1110010111010110
0000101100001001
1101010000001100
0010000111010101
1101110110001011
0000011011100011
1110001110101000
0010010001011000
1111101100001111
0000001001100111
1111110101110111
0000001100111110
1111010111011111
0001011011100110
1110110110110010
0001011111011111
1111111000100010
0010001110100111
1111011100010011
0001000010010110
1101011100101011
0000110110001111
1110100100101111
0010100101110001
1101001110111111
0000011101101011
1111110111110101
0000001100110101
1110101100110111
0001001011000111
1110101001011000
0000001000100100
1110001000011111
0001010011101100
1101101111011011
0001001101100001
1110010000110001
0001001110110000
1111010100010100
0010000011000000
1110100111101011
0000110110100111
1101110000101001
0010000000110110
1101101101110110
0000100111010011
1111010101001011
0010011011110010
0000000001011010
0001010011001101
1111011110101111
0010101101100011
1110000110000110
0010001110000100
1101100100110111
0010000010010010
1101011101110000
0010101001100010
1101110111111100
0001000100110010
1111000101001001
0000101101110001
1110110001001110
0010110010000101
1101111110101110
0000101100001010
1110110011100111
0000111101010100
1110000110001111
0001111001011111
1111110011111000
0000100010100001
1101010010100011
0010011011011100
1101011111100110
0010001000110000
1111111101010111
0000100001101011
1110100010001010
0000101000000101
1110101011101000
0010101010111100
1111111010110001
0001000011111000
1110100111100111
0010111101000010
0000001100001100
0001101110110011
1101111000100000
0010011001100100
1101100101010010
0000011100000110
1111110011110110
0000111001101101
1111100101000011
0010001101100110
1110011011001101
0001100001111101
1111011011101110
0000100101110111
1111001100011100
0000100000001000
1110100100101110
0000100000110101
1111010100111110
0000101011101101
1101000011011101
0000001100011100
1110010110110111
0001100010110000
1111011101101100
0000000011111100
1110110000100111
0001001110011111
1111101011110100
0000100110010010
1111100010001100
0001001111111010
1110011000010100
0000000011100011
1111001101101001
0001001101110010
1111011100011101
0000111110101011
1101111010000111
0000111010001101
1111100000100001
0000111000101011
1101100000100011
0000011100011111
1110110001011011
0000001011101001
1101110001011111
1110110101110000
1110000001101111
0000011111100110
1110011000000110
0001101110101101
1110100010110000
0010011001101111
1111110101110101
0010100101010100
1110010111011010
0010000001101110
1111101011001010
0000101010011100
1110001011011101
0001010100100110
1101110010011000
0000010011111111
1110011100001111
0000010011111100
1110101100010010
0010000000011111
1110101001001101
0001000110000100
0000010001110001
0001010110000111
1110110101010010
1111101111111111
1101100000100010
0000001011001011
1101111001010011
1111001000110110
1101000001000111
1111110101111111
1101000000001011
0001000100011011
1101010101100100
0001100010110111
1111011110001100
0011010110010100
1110110001010101
0000100111010001
1101110111010011
0010000101111111
1110010001110111
0000001010111000
1110111010001001
0001010111100011
1111110110001000
0010100110100001
1110101110101110
0010100101011000
1110110111010111
0011001001100011
0000111100101111
0010000101001110
1111001101000100
0000111010100011
1101000110100110
1111010100100001
1011001000101001
1100100011110010
1110000101100010
0000110101100000
1110110011010010
0001101010111100
1111000001101110
0001100111100110
1111111010000001
1111000111011010
1100111111111010
0000111100011101
1111001001000110
0000010011101100
1110110000110010
0010110100011110
1111111101010000
0010010111000111
1111010111000001
0001101110011100
1111101001101100
0010000101010001
0000001011001011
0001100110111010
1110100001110000
0001000111001000
1110110001010010
1110000101000101
1100000100001100
1110101010001001
1110110111010111
0001010111101110
0000001001010000
0001111101010100
1110001111111001
0001101001111001
1110100010100111
1111100101110001
1100101100001011
0000010010111001
1111001011010110
0000001110110010
1101100000011111
0001111111011110
1111111011110010
0001001001100101
1111001000001111
0001001101001110
0000011001111110
0001110000010011
1111001000100111
0000110001001100
1111101101000100
0010101001001010
1111001110000101
0000001011000101
1101101010110100
0010111001000001
0001001100111011
0010000001110101
0000110000001100
0001100111010001
1111101011010000
0000001101110100
1101111111100111
0000111101010010
1101011110101100
0001110101011101
1111110001001101
0001111110000010
1111010100100010
0001000111100111
1110001100011101
0000111010100111
1101110101111100
0010011010110000
1110101101110010
0000110110010011
1111011110101001
0000011011001001
0001010001001011
0011010001001111
0000001000000101
0000000110100001
1101001100000001
0010011001100000
0000010010111111
0010100111010010
1111011010101000
0000011110001010
0000011010000101
0010110110110011
1101110110110110
1111101000101010
1101110110101010
0000100010001100
1111111010001101
0001100101101111
1111011010001111
0000011001100010
1111101010110011
0001101001010011
0000000100011101
0011000100101101
1110101100100110
0000010100001010
1110110111101001
0011000110000111
1111110001100100
0001100110111111
1101110110011011
1111010101000011
1111001110001110
0010010111000010
0001000101101101
0010001011100100
1110110010100111
0001001000010111
0000010000011001
0001110110100110
0000100000011011
0001100000011000
1110100000010000
0000100000100000
1101111000011101
0001110000010001
1110011011100111
0010010001010111
1111110000010001
0010110010110100
1111000010011011
0001111010100011
1111101000101111
0000011111110001
0000110100010100
0010001000010100
1111100100011110
0000010111001100
1011001111100000
1011110101110111
1110011010010001
0001111000010111
0001010001000011
0001000101101100
1110001100000110
0000111101000010
1111100101111111
0100000000100010
1111110001001100
0011010001100100
1111000110001100
0000111010100001
1110110000111000
0001100001010101
1110010010000111
0000101010011101
1111100001111000
0000101101110110
1110110110101000
0010101100001010
0001100000010100
0010101011111111
1111011101000100
0001101111101101
1111010101001110
1110101111100010
1010001100010100
1100110100011110
1111001000001000
0010111010001111
1110100010011110
0000010100011010
1101010010000101
0000111010111010
1111101010111011
0100000001011101
0010011000110101
0001001010111001
1110001110000100
0000100000011100
1101011001001100
0010010111100000
1110010000001011
0001000011111110
1111001101011011
0001001110010011
0000011000100011
0011110000010111
0001001010101011
0010100101001100
1101101010001111
0000110100101011
1101100001000001
1101110000011010
1010101111111100
1110100000100000
1111000001100111
0001011110000011
1110101010110101
1111110010011100
1111010110111000
0010001100001011
0000101110100110
0100000111100100
0010011101101110
0011001110010100
1111000110001011
0001111110011000
1110001100111101
0010011111000001
1111111101001010
0001100101111110
1101111001000111
0010010001101111
1111011111111100
0010011101001011
0000011001001001
0010111100111000
1110010010010000
0000010101001111
1011110001101110
1101010011011000
1100001110000011
0000000101011010
1111111110010011
0001110111000001
1111100101110001
0000010000111111
1111101010011110
0010011111000001
0001100011011100
0010101011111000
0000100000110110
0001101110100001
1110000011010111
0000100100110110
1101011100110111
0010100010001001
1111111000011001
0001100011001001
1101101001110110
0000001110010000
0001010010001011
0011110111001001
0001100100001011
0100101010010111
1111011000101100
0000010011000111
1011111111000110
1101010001010011
1101101111011101
0000110001101111
1110010100100001
0001101100111100
1111010011000110
0000111111101001
0001100100011111
0010110001011010
0001001000100000
0001111100111101
1110101111000101
0001011010010100
1111000100011110
0010000100000011
1110001100011001
0010010101111011
1111110010100101
0001100101110100
1101100111010101
1111101000101010
1111111000110101
0010011000100000
0001011011100101
0011000011101101
0000000000001010
1111111100001010
1101000110010010
0000000110000100
1110101010010000
0001000111011111
0000011111000110
0010100101100000
1101110111010010
0010011010011110
1111011001101000
0010011010100101
1111111101101110
0010010000100011
1110011111110111
0001000011101001
1101001101110111
0001011101011000
1110011011010010
0000010010011010
1110111110000100
0000100101010100
1100110101101010
0000000000100100
1101010011011110
0000111001100100
1110101110011111
0011001011011100
1111000010011001
0000100100110100
1110100111001010
1111110011001101
1110101010110111
0001000111111111
1110010010000111
1111110111000011
1110100111011010
0000010001000011
0000110000000101
0000100100111001
1100100110101000
0001101100101100
1111100011101011
1111111001011000
1110101000011000
0010000111111010
1111011000010010
0000110101111110
1111000010000011
0010000101110001
1110011001000100
0000100110101001
1100011001110111
1111010001110111
1110000001100010
0001000010000000
1110100110110101
1111111001100100
1101100011111001
0000100010100101
1111010111010011
0010100001000100
1111100001010001
1111110010100101
1110011010110000
0001001000001011
1111111011001101
0000010101110100
1101111000101010
0000101101000101
1101110010100011
0000110001001010
1111011100011010
0001110111100111
1110110000110111
0001100100010001
1110101100100000
0001101111000110
1100111111101000
0001000100101001
1101111001010110
1111001000011110
1100101001101000
1110111000111101
1100011101101110
0000001011111001
1111100111111100
0010001010011001
0001000111010000
0011001001111111
1111001001111111
0001110011000001
0000000111100111
0000111010110100
1101100101010110
1111101001011100
1100101101000000
1111110000101111
1110001101001101
0000100001110101
1101111110000000
0010011101101111
1101110100111111
0010010011000111
1110011001100010
0000011010100001
1110010001011000
1110111101011011
1100111001000111
1111101100110000
1100001101110110
1110111100111001
1101011110001110
1111101011100001
1110100100011110
0001111100100101
0010010001110100
0010011011100011
1110101111100001
0001000111100110
1111100110011010
0001011110010111
1110011111100001
0001101010110110
1100010001111000
1111001111100111
1100101110000001
0001111001101100
1110110000101010
0000110011101000
1111011111010101
0000001001110000
1111100000101110
0010011111000001
1100111100110001
0001000101110010
1111000100001000
1111110100110011
1101010110011110
1110111010010100
1101011011101101
0000101010110001
1111011001011100
0000111000111111
0001100000101000
0001110001100100
0000100000010000
0000100110001101
1101111000100111
0001101000010000
1101100011001001
0000011101110110
1101011111010010
0001000000000111
1110001111010010
0000111000001100
1111110011010010
0001000000000001
1111001110001000
0001000110101100
1110001010110010
0001001100001100
1110011011011000
0001100111010111
1110100000000011
0000101000101011
1110011101000011
0001001100011100
1110010000011011
0000101011101011
1110001010100001
0000010010001110
1110111110101110
0000111101011110
1111111010010100
0010001001110011
1111001110010100
1111100000010100
1111000011101000
1111100010011001
1110111001111011
0000110100110010
1101101111100010
0001000110100001
1110101101001101
0000000111110001
1101010101000100
0001001111011101
1110110100111101
0000100101110011
1101100100000011
0000001001010011
1110000111111010
0000100100001101
1110000110101001
0000000010101110
1110000011101101
0001011001001101
1110110000011010
0000111010011100
1110110100010110
0010000011010111
0000000010011011
0001110100000000
1111000000110011
0000110100100110
1101110110101110
0000101101011001
1101101111110011
0001101010011001
1101110101100110
0001011010111110
1110101111010101
0000100000010100
1111101101010100
0010011010110101
1111010110010010
0000000101110110
1111000100110010
0001110000011100
1111010100111000
0000011010110100
1110011011100001
0010101000100100
1110110011101101
0001101010100110
1111110100100111
0000010100001101
0000011101110110
0010110001010110
1111111010010010
0010101001000111
1111100111000111
0000100100010000
1101100010010000
0000110110101000
1100101100100011
0000111011010010
1111110001000100
0001000110101001
1111000010101111
0001100101110001
1101001111101000
0010001010111101
1101111001111100
0000001111110111
1110001101011111
0010110001100000
1111101101100100
0010110010011101
1110101010000111
0001001111001101
1111100111000101
0000011101010110
1110111010100010
0000110001110010
1101001010010001
0000110101010111
1110000010111101
1111110111000110
1110110100001011
0010000011011100
0000000101010000
0001001111100100
1110110011111010
0001111000101000
1101001000100111
0000011010110111
1111010110011011
0010110010010000
1110011110011010
0001100110111110
1110011011001101
0001011110110001
1111000001010010
0000111001010000
1110010010111110
0010110011110000
1111001110001111
0010000111100110
1101010111101111
0010100001010100
1111011001101101
0000000010001001
1111001010010100
0001100110111100
1110010111000100
0000110001011101
1111110111101111
0000101010100001
1111010100101110
0001011010000111
1101010100101100
0000111110011100
1101011011110110
0000100111110101
1111110000100010
0010100010000010
1110111100110110
