0001011111100101
1111010100011100
0001100011001111
1101110100110000
0000010001110010
1110011111000011
0010001010011010
1101101010010011
0001001110100000
1111011100010111
0000000010000111
1110010011100011
0001101001010101
1110110111011100
0001011001101110
1110011000010001
0001110010011011
1110011001000100
0000010001000000
1111011010100000
0000000110001000
1110101110101101
0010001001110111
1111001101010000
0001010001111001
1110101000111100
0000110110110011
1110010000100110
0001111010101110
1111110110100001
0010000111010011
1111011000111010
0000110101000011
1111001000101011
0010110010010110
1110111001001011
0010011000010011
1101110110011101
0000101001010111
1111001100011011
0010101101001101
1111010100100011
0010100000000011
1110011100101100
0001110100000010
1110111001011100
0000010111110111
1111001100110001
0010101101100000
1111010111001010
0001011000110000
1111111111100101
0001111010001001
1111010000100110
0000110011001011
1111100111001011
0010000110011110
1110010110000010
0010001000010000
1110110010000001
0001110011011101
1110100011101010
0001110101000101
1101010111100001
0010010011101100
1110001011110010
0000111100001010
1110000111010000
0001001010100101
1110011010100010
0010101100010111
1110111101011000
0010010010111110
1101101000111000
0010101001111110
1110101110010101
0000101100100111
1111110011011110
0010000100111111
1111011001001000
0000110101011001
1111010101011110
0000100111010011
1101010000011110
0001011001111100
1110100101100010
0000010101001011
1111010010110011
0000010001001111
1101100010100110
0001111011001011
1101111011011110
0001000110101001
1111000010111010
0001111010000001
1111011001001001
0010110001011111
1111111111011111
0010100010000110
1110111010001111
0001101100000010
1101101010100111
0010010000100000
1110111011000101
0001111111001011
1101111110000010
0010010111110111
1101010100011110
0010001110011011
1110010110011000
0000011111001111
1111101111011001
0010010100001010
1110111001011110
0000001100111100
1111000101000111
0010100001000000
1111011101111011
0001101000111001
1101001111000011
0000001101101010
1111010011110011
0010000111001111
1110110001110110
0001110000000011
1111001010010111
0010001111010110
1110100110010111
0001010001100110
1110011100111001
0000000011010011
0000000000100000
0001001101111100
1101110011000111
0001001001110000
1111101000110111
0001011100101010
1111010010101100
0000010000011110
1111001000010100
0010010110111100
1111010000010011
0001001000010011
1110001000000111
0001110110010000
1110101010110110
0010110011110010
1110011101100001
0001111100010011
1110011111000001
0001101000010101
1110000100101000
0010100100001101
1111101000101010
0001000010011000
1111001101010111
0010001010000100
1101101101011010
0000010011001100
1111110001001010
0001011000001110
1111111110100111
0000100101101000
1101101101010110
0010011000101111
1110011100111101
0000000001110010
1110111110101111
0010010000110111
1111101101110000
0001111000111101
1110001011011010
0001000010001110
1111110010100011
0000111010100011
0000000000110001
0001101110110100
1111010011111000
0001110100100111
1111101000101011
0010101111000101
0000000111110100
0011001101000010
1110011100010111
0001011011001000
1111110001000111
0000101101010110
1111110010111000
0000010001001111
1111100011001001
0000111110000101
1110110111101011
0000111010101110
1110110110000010
0000111111100101
1111100011111011
0010101110001001
1110111110101100
0001011101001111
1101110100001011
0001010011110110
1111011101110011
0001010010100101
1101110110111100
0000111110110011
1110001001001100
0010100100010100
1101111101010000
0000011111110001
1111010011101100
0000101010010010
1101110110000011
0001110111110111
0000010000010010
0010001011110011
0000001001110100
0000101100110100
1101110010101011
0000101100000100
1111101010101001
0000100010101111
1110111001101101
0001110110111011
1110101100101110
0010010100010100
1111111100110100
0001101111001111
1101110000110101
0001000100111010
1111101000000100
0001101110010001
1101110101010111
0001001101001100
0000010000001010
0010000111001111
1110100110110011
0010011110111110
1111000011111101
0001110100011111
1110010000111110
0011000101010010
1110111011011111
0010011100001010
1110101000010101
0001100100111100
1110110110001101
0001111000000001
1110010101011000
0001001100110110
1101111110111100
0010010101000001
1110011011100000
0000011101100000
1110101000111001
0000000110000111
1101010010010110
0001011111000010
1110010100011101
0010010100001111
1101101011010100
0010011101001101
1111010010001101
0010010011111111
1111111111000100
0001011001000000
1111011010110011
0010101001111101
0000001001011100
0011000010110001
1111110110111011
0010111011000100
1101100110011100
0010000010110000
1110000101111011
0001101011010010
1111101011011000
0000110001000001
1111100111100001
0010010001000110
1110001010010111
0010011111010110
1110001110110001
0000101000011101
1111111100000110
0000011110000001
1111011100000111
0000001001011101
1110010110101000
0010100110000011
1110000010101111
0001110010010100
1110011011011010
0000101111100000
1111110011011001
0010110011001101
1111000110100101
0010010000110010
1110110000011010
0010000011101000
1110010111001010
0010001110011001
1110100000100110
0001111001110110
1110111100111010
0001000000000000
1111011110011110
0001100100100000
1110010011100100
0000111100110001
1110111111011101
0000110000011010
1111011100011010
0000000111100011
1110110001000000
0000110011100110
1111110001101100
0010001010111111
1111011110110001
0010011011101110
1110101000101100
0000011011011000
1111100110110100
0001011010010110
0000000010010011
0001111101011100
0000000000110100
0010001010001011
1111010011000111
0001111100010110
1111001101101000
0000000111110010
1111000001000111
0010100111101011
1110001010110000
0010001010011100
1111001100101001
0010010111110010
1111000100101011
0010011111110001
1111011111101010
0010000000000011
1111100111001001
0001001010100010
1110000110010001
0001110111011110
1110011010100000
0010100100011011
1111010101101101
0010110000001010
1110110010111111
0011010011010110
1110000001100101
0011000001001011
1111100100000011
0000011100010111
1110100010101011
0001000110011010
1101111110010000
0010101010111010
0000000011010010
0000010010001010
1101011000110001
0001000011100010
1111111010101001
0001101010110000
1111100101100110
0000111000101001
1110110000101011
0001011001010000
1111011110010111
0001110101010110
1111100110101101
0001000111010011
0000001100110100
0010101100000001
1101100001000011
0010000100100111
1110100011110011
0001100111001000
1111001111101100
0001011001101001
1111100001000011
0001010011100001
1111001101100001
0001101011111100
1110110011001111
0010110000001110
1101011110000110
0000101000110000
1101100010001010
0010100110110111
1111000110110010
0010010011101100
1111001001001011
0000111110100010
1110110100111100
0001010101000010
1110001101101010
0010100000010111
1101100001100010
0010100100111000
1110111010010010
0000100100010001
1111101011110001
0001101011000011
1101111011011100
0001010001000001
0000011000011000
0010011100100100
1110110011100000
0001111110100101
1111111000001000
0010101000111100
1101011000111110
0001011011100010
1110110010001010
0001001110000110
1110110001110001
0001000101011111
1110001010111010
0000111010101100
1111000111001101
0010101110010100
1111100100111110
0001110011011010
1111001011000110
0001101101111010
1111111101000001
0010111001100011
1111000101000001
0000010011100110
1101111100101000
0010111000101110
0000010011100000
0001000000000010
1111100101101101
0000101110101110
1111011111101110
0001101110000010
1101111010111110
0010101010011000
1111110111110100
0010110011001100
1101111000010111
0000001011011011
1110101110111010
0000101011011100
1110101000010001
0010100000100010
1110001111010110
0000011001101000
1111010111111110
0010101101011010
1111110000000110
0001001011110010
1110100110010001
0001011111010010
1101101010010100
0010000100100011
1111001000010101
0001011000101010
1110110100001110
0001011111101100
1111111110001011
0010101000000100
1111011001111100
0010010011000111
1101111000011001
0010000111100011
1111100101110111
0010000111101100
1110011001100010
0000110001011111
1110000001101101
0001000011011110
1111000011111111
0000011100110100
1110010001010101
0010010011101111
1111110101110111
0000101100011010
1101010111100101
0000111110101000
1111101100000110
0000011111000010
1110011110101000
0010011001011000
1110110101111101
0001111110111000
1111100011001100
0011010111110001
1101111111110000
0000100011100100
1111110001010010
0001001001101111
1110000001010001
0001111011010111
1101011001111011
0010000101000101
1111001010011010
0000011101010001
1110101111101101
0010100001001010
1110110010100100
0000011100000000
1111001110101101
0010001001011101
1111000111001011
0010100000100001
1110011010001101
0001001101101100
1111110011001001
0001110000001100
1110011001001111
0001001011100000
1110011100101100
0001001110001011
0000011010100100
0001001100010101
1110001100111100
0001110011110101
0000001000010111
0010111000000000
1110110001000101
0001001000111011
1111101000100111
0001001001111000
1101010111011101
0000011001001101
1111101110011001
0000101101001000
1111001011110111
0001100010001010
1111100100111110
0010000001100111
1110000001110110
0001001100101010
1110101100000011
0000001011110110
1111001111101010
0000010110100011
1111000110001101
0001100011011000
1110100010011110
0000100101010011
1110011101100000
0001011001001100
1111100111000011
0010110100001000
1111000111111100
0001000010000110
1111001110110101
0001100111110010
1111101000110110
0010101000100011
1101100001001100
0000111011001110
1111000111010111
0010010110001101
1110101101100111
0001001010001100
1111101111111100
0010000110100011
1101010011101101
0000101011011001
1110101110111111
0001111011110111
1110010001001111
0010110101111001
1110001111111001
0011000010100001
0000001100101101
0000101000011101
1111010111110111
0010100000110010
0000001010001100
0001000001000111
1101101001111100
0001101001010001
1111111010011111
0001001110111101
1101111100101110
0001010111100111
1101010010011010
0010100010111111
1110110101010001
0010011010100100
1111010110000110
0010000011011011
1110000010100000
0001111100010011
1111100101101010
0010001101101000
1110110100010100
0000011000001001
1111111111101011
0010101111011001
1110000000101100
0010001010010010
1101110110000111
0001100101011110
1110100110100110
0011000110001100
1110111110001111
0000110001100001
1110101010001110
0010000100100010
1111001100000100
0001101100111000
1111100111010010
0001010011111000
0000000000000110
0010100010111100
1101010101101000
0010101101111000
1101101101011101
0001000010000011
1101101010110010
0000001001010000
1111101101110001
0001011111100101
1101111100011111
0000110100010101
1111001110000010
0000101010110010
1111001001111101
0001001101011100
1111111010110101
0000100110101000
0000010010001111
0011001110000001
1110110011001011
0010010111001110
1101101100101100
0000100010111001
1101110001111100
0001100011110101
1101110010011010
0000100110100100
1111101011001000
0010101101010101
1110000110110110
0000010101011011
1101100011001010
0001110000011010
1111101111111001
0001111100001100
1101001101100011
0010101010000011
1110000000011010
0000010111101001
1110110100111110
0001011110111011
1111001001111111
0010010111101000
1110010011000010
0010001010100100
1111111110001000
0010100000000101
1110000000101011
0000101111110001
1110000011101101
0001010111010111
1101100111100001
0010000001011001
1110011101011000
0010001010100100
1111010110111100
0001000100010010
1101001111110100
0000111110101111
1111000010000011
0001110110001110
1110101011110110
0000100111100111
1111001100100101
0001101001010011
1101100001011110
0000111000000011
1110101111001100
0001111100000000
1111000010111110
0010101111001101
1111101100011101
0010000010101100
1110000001011111
0010010111100001
1110111001110000
0010011101111100
1110011011100001
0000110111010100
0000000000100101
0001000110101111
1110000001011101
0010101001011101
1111110000001110
0000110001001111
1101111111010000
0000111001010111
1110001010111100
0001111101110100
1110000111111101
0010110011000010
1110111111001011
0000011001011010
1111011000111110
0001110100010010
1110000010111000
0000011000100011
1101011010001101
0000100001101000
1101110011001101
0000111000011010
1111101011011110
0010101001110110
1111111100000001
0010011000011111
1101111100001000
0001011000101101
1110001010000011
0001000100001111
1101111010011100
0001111111110110
1101110100111110
0001001111111001
1110001001010101
0010011010111110
1101111111000010
0001000100010000
1111011110111010
0001000010110110
1111110001001001
0010011001001001
1110111101010110
0001001111101111
1101001110010100
0001101010100001
1111101111101100
0001111100100110
1101111101111101
0000000100111001
1101100011111100
0001011101100010
1111000100100101
0010110010101010
1110110000101010
0001000101111101
1101101110001010
0000101000110010
1101101000000011
0001011011110011
1110010010010011
0001101001100110
1111010111001111
0001000101100010
1111111001101110
0010011111011100
1111010010101100
0010000111010000
1111001111100001
0001001110011010
1111101001000111
0000111111010111
1111001011101011
0001011001100100
1101110000111110
0000110011010010
1111101111100011
0010011111110010
1101010000100100
0010010010100111
1101011011110110
0010011000111101
1111000110101001
0000110000010100
1101101011010100
0010001110110011
1110001111010100
0001111000110110
1111111011011100
0001010101010011
1111011110101010
0001110010010000
1111110100010011
