0000000100100110
1111101110000001
0000110110010110
1111001110000111
0010011001001111
1110011001001011
0010000000010011
1101001111110111
0010100110001100
1111111110100100
0001010110100000
1101111101111111
0000110100101011
1110011001000001
0001101110100110
1111001111000011
0001000110010111
1110100000011000
0000010110101001
1101111101010001
0010001101000000
1101010001110001
0001011110010100
1110110101100000
0001110011110101
1110011101001000
0010011111110011
1101101010110101
0000100001111100
1101010100100000
0000101100000101
1111011001011111
0000001010010010
1110011101100100
0001010110101110
1101011010101111
0000010011011110
1111010111001011
0010011100111010
1111110011001111
0000100011001100
1110110111100000
0010000101001010
1110100001010010
0010101001011010
1110111001101100
0010001100001010
1111000001001001
0010100101001010
1101011011110111
0000001101000110
1101111111111101
0010011110010001
1110010100010010
0000010111001011
1110100001000111
0000011011011010
1111111100001110
0001000000111000
1111000010000001
0010101101010110
1110010011001000
0001100000110101
1111110000100110
0000001101011011
1111100000110101
0010010001110110
1110110111100001
0000010011110100
1101001010001110
0000011111100100
1110001010111110
0000010010100001
1111011100011101
0010100111000000
1111010101000011
0001001011001110
1101100011001111
0001010000000000
1110101111100001
0001110111110011
1110010101011111
0000011001001010
1110011010010111
0000100011000001
1111001111101011
0000010001010101
1111000000110001
0000110100010110
1110101111001101
0001111011110101
1111000010101101
1111110011010100
1110111001010100
0000010100101110
1111000001010101
0000100100011011
1111011001000000
0001010010111000
1110111101001001
0001000011111110
1110011011011010
0000010000011000
1110010110011111
0001101101110001
1110111010111101
0000110001001011
1110100111010010
0010001010100101
1111111010100100
0010011110011000
1110101001110000
0001101100011011
1111111110011111
0000001000101010
1101110000110111
0001000000100111
1111101010010101
0000100011100000
1110101101100100
0001110110010000
1101110100101100
0011001011010101
1110100011000100
1111101010110111
1110011101000010
0001100111000011
1110111010010111
0001110100101101
1111101111111010
0011010000001110
0000011010100110
0001011100110110
1101011110011110
0010010100001101
0000010011101110
0000100011010110
1111011011000100
0001110111010010
1101110000100010
0000110111011101
1110101001001101
0000110010101101
1101011110000110
0001100111111101
1111101010101000
0010111110110111
1110101110011110
0010011111110001
1110010001111100
0001010100001111
1111011001011100
0000100000110011
1111001100101001
0001001101011001
1101001001101100
0000110101000010
1110111000011000
0000101101110100
1111010110011111
0001000101110011
0000011010000100
0001101000011010
0000011011111001
0001100011101101
0000100111010111
0001100100111101
1111101101010010
0000110111101110
1111110011111011
0010100100011001
1110010100101001
0001111111001001
0000000111011111
0010110010001011
0000111101101011
0010111101110001
0001000111100010
0011110101010011
1111000100001011
0001101110100111
1110110100001001
1110110010101011
1100011101000010
1111011001111100
1110110010111010
0010000000010100
1110111100001100
0010000010100001
1111010010110111
0010000001010001
0000101111101111
0011111000111100
1111010100111011
0010110001010110
0000000001111101
0001101000110111
1111010101111011
0000011001000111
1101110101011000
0001011011000100
0001000001110111
0010101110101110
1111010101001110
0010000100000011
0001100000001011
0011000100010101
1111110010000100
0001010100101001
1110000011011000
0001000100101111
1101101010101001
0001011000111111
1111010001100011
0010001001000111
0000111001111100
0011110100110000
1111101110001111
0011011110100100
0001011111100010
0011010010111010
0000100011000100
0010001001100100
1110101010010111
0010001111001011
1111000001100110
0001100110010010
1111010101011100
0010111001100001
1111001011101011
0010010000010011
1110110011100111
0001101111100011
1110101100001011
0001111001011010
1110111111011011
0010100101010010
1110010000100010
0001010010010000
0000000101110011
0000111101000001
1111111000011001
0001000111011010
1111011000010111
0000101111010000
1111011100111101
0010000100011000
0000010110111111
0011110101010110
0000111001001110
0010001000111011
1111011001100011
0001011011111010
1111011101000110
0010011011011101
1111110010111100
0010001010101111
1111011001011010
0010101010100100
1111100001100110
0001110110111111
1101000011010010
1111101011000011
1101110110001011
0000010000101111
1101001100000110
0010010100100001
1111101011101000
0000101000110010
1110110001111110
0001111100001010
1110000100100111
0000101110000010
1111111100110100
0000101100000100
0001001000001011
0010011100011001
0001000100010000
0010110010100101
1101110111101100
0010000100110010
1110111011001010
0000010011110111
1111111100010111
0010011101000001
1110001111011111
0001010100010000
1111011001111011
1110101101110000
1101011111010100
1110010010001100
1110100010001001
0000100000111011
0000010101011101
0011011110110101
0001000111110110
0001100000101110
1110011010111001
0000110011100101
1101100111000011
0000111001101010
1101111101000011
1111110100101110
1111100001000010
0010111010100011
0000100110110110
0001001000001001
1101100101000101
0010001001111001
1101010101011001
0010000000110011
1111001011110100
0001101001011011
1110110101111100
0001010010100010
1101010100110100
1111010010111000
1110000011101011
0000001001111011
1111000000011101
0010011110001001
1111001101000100
0001101110110110
0000000101111111
0010101001111010
0000010011111001
0000000010010001
1011101010111110
1110001100000001
1011111001001111
1101100001101001
1101010001001101
0001100110101001
1101111001100001
0000100100110011
1110011100001111
0000011100101010
1111001011010100
0001011000000110
1101110111001010
0001001011011110
0000100001001001
0000110110101101
1110010111011011
0001000001011000
1111001001010101
0010011100001101
0000110011010111
0001001100011011
1101011111100110
0001010000010101
1110101010101011
0001000011101100
1110100101101100
1111110010111000
1100111001110001
1101011100000010
1011101001001010
1101011001010110
1011111111101011
0001000101110011
1110000111101110
0001101000011010
1110001001011100
0001011010111111
1110010011010000
0000101011111110
1110001011100101
0010011111001101
1110111011011101
0001111111110111
0000000000011011
0001101110010001
1111000001000101
0011101001000100
1111100101001100
0000000001010101
1101111100110100
1111111100010110
1110110000100000
0001000110110011
1110111110010010
0000000011001110
1101010111100010
0000010110001000
1110100111100010
0000110110101001
1100001010010110
0000100011110101
1101010000101100
0001010001100000
1111001001111001
0001110010000111
0000000001010001
0010110101000000
1111110010101001
0001110010101011
0000011000110100
0010100101011010
0000000011100100
0010100111110001
0000011010101010
0011010000111010
1111000011011100
0000011111101101
1011110011011100
1111100111101010
1100011100110000
1110101001000000
1101100011100000
0010011101000011
0000110111001010
0011000000010100
0001001001100011
0001001110110010
1111001111101110
0000101100011000
1101001001010101
0000111011001111
1110000001011101
0010101100111010
1101101110111110
0000001001011101
1110100010011111
0010011111000000
1110011110000000
0010111011110001
0000010100100010
0000011011101111
1110111111110001
0000101101111111
1101100111010010
0000110010010100
1100100011111010
0000001010110101
1101111100011011
0000101110110110
1111011110000011
0100001011001001
0001100011110010
0011010110011000
0001100100110000
0010010100101110
1110100110001100
0010011110010100
1110110110001000
0000110001011000
1111101100110101
0000110101001010
1110001000111010
0010011110010010
1111101010011001
0001110111011110
1110111001011010
0011010001101010
1110010101110100
0001001100101010
1100101001000011
0000001101111110
1011110110011101
1110001101111000
1100011010100101
0010000101001000
1111110101011001
0000111000010000
0000011010010111
0010100001010101
0010110000010000
0100100100111111
0010011001100000
0011101011010110
0000100010000100
0001101100010101
1100111100001000
0010011100111111
1110001011001110
0000011001101000
1111010010111111
0010011001011000
1111010111111110
0011011010111111
0000000010000101
0011011000000111
1110000100010111
1111101100000111
1100000100101110
1100110010010001
1011001100111111
1101011010110110
1101011101010111
0000010011010100
1111110101001011
0000001010100110
0000100101001010
0001010010101101
1111010100011111
0010101011110101
1111110010001010
0001101011101010
1110111110001001
1111010010001100
1101000011111110
0001000110010101
1101101000000110
0001110000101001
1110111111111110
0001110011111010
1110110011101111
0011001001100100
0001011001000101
0011001101000000
1110001001001010
1111110111100000
1010110110001001
1011000010001011
1010110010111001
1100100010101100
1011100000101010
0000101000111001
1111110011111101
1111110011011010
1111100101011001
0010000111011000
1111001010110111
0001101001010010
1111010100101001
0010001001110000
1100101010001010
1111101010010100
1101010011010101
0001001010010101
1110111010101101
0001101010101001
1101101011110001
0001000110011001
0000011000001101
0010001011011101
1111101010010101
0100010101001110
1110010100010001
1101110111010111
1100111011000000
1101000100111010
1011100110100101
1101100010010001
1101001100011100
1111111011100110
1111010100010001
1111110101101001
1110111101000111
1111010110111101
1110100011011101
0010001101100001
1111001110001100
0000011011101011
1101110010110001
0000100101010110
1111010111111101
0001001100011100
1111111100100000
0010100110110100
1101101001011001
0001100000001011
1111101001001010
0011101111011011
1111111100100110
0011000001011011
1110111101010100
0001100011001000
1111000010011111
0001010011000001
1111000011100110
0001100010111111
0000111001110100
0001100000010011
1111100010101000
0001011101010010
1111100000101011
0001101001111110
1101110101001010
0001101010100110
1101010011010000
0000110101101111
1100111101101000
1111011110100111
1100111101101101
0000000111001111
1101101011000111
0000010001110111
1110101010100001
0010101100100110
0000101111010010
0010001111001010
0000000001110100
0001110110111001
1110101111000100
0011001000100111
0010000110000101
0011101111000101
0000010100011000
1111000000100110
1110000000111101
0001111011101011
1111010010110001
0010000101101110
1110001101000100
0001010100110110
1111001010000110
0000101100000000
1101100010001001
1111111110001110
1100001101001101
0001010110101110
1101011011001100
0001100010001001
1101110001100111
0010010111100000
1110010101100111
0001111000010101
1101111001010111
0001010110011111
1110111001111110
0001110101110101
1111000010000101
0010011100000110
0000101010000011
0011010011101010
1111110010101011
0001111000111001
1110101010000011
1111100011000100
1110100110010000
0011110011000000
1111011111011001
0011001100110111
1110010110001101
0001100111001000
1101001100101110
0001010110110000
1100010100001110
0001101000011100
1111001101100110
0010100110001000
1111000001001011
0000001111011010
1110101010000110
0000011010011010
1101110100111000
0001000011001011
1110110111101100
0010011011101001
1111001110010000
0001000000001001
1111100111100100
0010110100110000
1110110100111000
0001010001111011
1101010011100011
0001101101001101
0000101011010010
0001001111011101
1111101010000011
0000001001101111
0000010011001010
0000100011101011
1111000011001011
0000101111001000
1111000010100000
0010100101100010
1110100110110001
0000011001101010
1110001000100110
0010000000011100
1111110011010111
0000000011001001
1110000010011100
0010000110000110
0000110101000111
0011011011000001
1111100010001111
0011000101101000
1110110111000000
0010111111111100
0000100011010001
0001100011001001
1111110100000100
0000010000011010
1110100001110111
0000010011100110
1101111010001110
1111001010011001
1101100110100001
0000100000100111
1110101111011000
0000110101111001
1101001111011001
0000011110101100
1101010001110101
0000010000010111
1111100110111111
0001010001100111
1111010110011000
0010010000011101
1111100010000010
0001000010110010
1110100011000001
0100001001000010
1111011110001101
0100010110111011
1111110110001010
0011000111010001
1110110010010010
0001111010010010
0000010100111101
0001011010110110
1110111010011110
0001010010110000
1110001100001001
0000011011001111
1100110110100001
1111100010100111
1101011010001001
0000010101101101
1110010110011101
0010100010000011
1110011111101011
0001100100000111
1111111000111010
0001011000010100
1110001011100010
0000100000000111
1101010110000100
0010101000110101
1101100000001011
0000111001101110
0000001010101010
0010110010000111
0000001010100110
0000011101011001
1110001011101011
0001111110001000
1110011011110010
0001110101101111
1111101011000101
0010000110001111
1101100100111111
0010000101100110
1110110110011111
1111111010011001
1110001001010110
0000000111011101
1111011101001110
0000100110111000
1111011001011100
0010010010100000
1111110001010111
0010000110110010
1110111100100110
0000010101101111
1111010100000111
0000000111111100
1111001101100110
0000100111011000
1101100010001001
0000110011101010
1111000111110100
0000010000011011
1111110001001100
0001001011011000
1111101101101111
0010100110100101
1111011111000100
0001111000011010
1110100110101001
0001001011000010
1111000011010110
0001001100110101
1111010100010001
0001111111010101
1110101011010001
0010001001010101
1101110110000100
0001111010101001
1101001111101110
