0000110000101100
1101111111101110
0001010000111010
1110110010011000
0000100111110100
1111000101100101
0000011110111101
1111010001001001
0000000100010101
1110111110100001
0000110000101011
1110010111111000
0001010111001101
1111111010110111
0000000110000101
1111000001010100
0010101001011001
1101111100100011
0000110110010101
1110000000001100
0001011010010000
1101011010101011
0000000010011011
1101101100100100
0010000100011010
1110101100011111
0001100010011101
1110010011001111
0000000101101010
1110000010110100
0000010001110111
1111001001101010
0001001001101110
1110011100001110
0010000011011111
1110001100000111
0010011010010011
1101011010001101
0010011101000010
1101011010111111
0000101101101000
1111011110010010
0001010011010111
1101110100001010
0000100001000100
1110100000111011
0000010010011110
1111100011111101
0000101001000100
1110110010101001
0010010111110011
1101111000111111
0000111100011001
1101100100000010
0001100111010010
1111110010011010
0000111100010011
1111101001011110
0001111010010110
1110111101111111
0010010010010010
1101110010100111
0001110111100101
1111010010101011
0000111010000011
1110111000110000
0010001111111111
1111000100001011
0000011110010001
1101001011010111
1111100101101001
1101101110001010
0010000011011101
1101110101110011
0000100101001101
1111001011101011
1111111111010011
1110011100101000
0000100011001100
1110111010110100
0010011100100111
1111100110001010
0000010100100010
1111011001010110
0000000010010011
1110000100001100
0000110100001111
1110111110100000
0010010000000110
1101011010001100
0010010100100000
1110100000111101
0010101001000110
1111011011000101
0010111110100111
1111111011010100
0010001001110110
1101001111110011
0000010101000100
1111010000101011
0001001010100010
1110100001100010
0001100011001110
1110011011010011
1111011110101011
1111010100100110
0001001010000001
1111011001001110
0001011001000010
1101011101100001
0001010110000100
1110111000000011
0000000111101010
1110010101011010
0001101110100111
1111110011101000
0001001101101011
1110011011011000
0001110101100111
0001000101111100
0100000110101111
0001010100111100
0011111011111100
0000001101110101
0011100000110001
1111100000001100
0010110100111011
1111101000001000
0000110000011110
1110100111001000
1111110111001011
1101011111010001
0000100000110001
1111011010001001
0000100100001000
1101111100001001
0000010010110111
1101010000110110
0001100101101011
1110000001001011
0010100000100101
1111110110010100
0000010011101001
1101011011110010
0010100111101000
1111100111101011
0011111111011010
1111010101110101
0011100111001011
0000011000111010
0001011111101100
0000100110100010
0010100000010100
1111010101010001
0001010010110011
0000010111110010
0000110001010000
1101110000001001
1111111101110011
1101111011011011
0001101010000010
1110100010110001
0001000100100110
1110010100100111
0001111101001010
1111101101001011
0010010001101000
1111110100000100
0000001100000110
1110111000111010
0010010011010010
1101111000110101
0010100000100010
1111100101010101
0100011101011101
0001010110000101
0011101010100110
1111111001100101
0001010110010111
1111101011100001
0001100000101101
0000001011111011
0010001011111001
1110100101000111
0001111011110000
1101000101101011
0000110010110100
1101110101110110
0000100001101111
1111010100100101
1111100001110100
1101011010001101
0001011101110111
1101011001001101
0000001100001100
1101100100110010
0010001111100011
1101011000100011
0010101010000011
1110010010001011
0010100011011100
0000100111000011
0100001111100011
1111010010011101
0010010000110110
1110101101010011
0001010100111100
1110001001100110
0001000000000101
1110010010001000
0000101001100001
1101101011111010
0010000110010001
1111000010110011
0000100111100101
1100000110110100
1111000100100001
1101101111001111
1111101010110101
1100000100010100
1111111011011110
1110000000110011
0001111001111101
1101111001011110
0010011010011000
1101101100100101
0001101101010010
1110111101011011
0011111010000110
0001001000101001
0011011010010000
0000001000100101
0000011111000100
1101100011011111
0000000010000001
1101011100010101
0000110001010011
1110111000101101
0011001010011001
1110110110100110
0010011011010011
1111110011111101
0001101111010100
1110001111110001
0001011110101010
1110011000000110
0000000101111111
1011101111011011
1110111101011111
1100001101011000
0001111110100101
1101110101100010
0001111111100010
1110101001101111
0001011101101110
1111000100001101
0010110101000011
0001101011100111
0001101011111001
1111001110111100
0000001010111001
1101000101111010
1111000110010101
1101100011000111
1111100111011100
1111011110000011
0010101111000001
0010110111000011
0100010000001101
0001100101010110
0100001100110110
0001001000011011
0011100000000111
1110101110110000
1110101110011010
1011111001000101
1100010110101011
1011111100111101
0000101100010000
1111111011101001
0000011001000110
1111100100000000
0010010001011001
1110001100110110
0010110010000100
1111000110100011
0000011000110000
1011111100011010
1110111110110111
1100010000001101
1110010010111110
1100101111111101
1111010011100010
1110101101111001
0010110001101101
0001011000100000
0011111110001000
0010011010111010
0100100111100111
0001100111111001
0100011100011001
1111110100010101
0001010110110000
1101000011101000
1110100011110011
1101001010010100
0000101101110101
1111000001001101
0000000000111111
1101110101000111
0001000100000110
0000000010011101
0011001001011101
1110101111110100
0000110000011110
1101001110011100
1111011000001000
1111000001111010
0000011100111111
1011110111110011
1101100110001101
1101000001100101
0010010001101101
0001001000110001
0100011011010111
0001101000101000
0011111011110011
0001110000101101
0100100101011010
0000110111001111
0011000101010010
1100111110010100
0000001010110001
1110100011110100
0001100111000111
1101011111011101
0001111010110100
1111111111010100
0000110000110011
1110011111111001
0010110110111000
1101101011100101
0000110010100111
1101101110001000
0000111100001100
1101011001101110
1110010010111001
1101010110000100
1101110000010011
1100101111010000
0000110001100001
0010101001010100
0100011011111000
0001010010100001
0100011001111100
0010100000110100
0100010001001010
0000000000100010
0000000010100011
1101100001110011
0001011111110000
1101101101111101
0001001011110011
1111010111001001
0000100011111000
1101010100101011
0000011010011011
1101110001001100
0011010010000011
1110000101001001
0000010111001001
1101100010000001
0001101011111000
1101010101010100
1110100110101111
1011111010000011
1111100010100001
1110100100000011
0100011011100000
0010010111000011
0100110111101100
0011101111101111
0011111001010010
0001011000110001
0010001101110010
1110110010101010
1111011000010001
1100101000110000
0000001011101100
1110111011101000
0000010101100100
1111110100100100
0000111001000001
1110111000000011
0000110101100111
1110110010001110
0001101011110101
1110101101110010
0000011100011000
1110101001010100
0000111010110010
1011111010000011
1110111000111110
1101100101110101
0000111000000100
1111011100100001
0100010101101011
0001110011111100
0100010111101111
0010001010011011
0001101111110010
1110010101001001
0000001011011101
1100100000010001
1110111011110110
1101000001011101
1111110011111011
1110110100101000
0000010010001000
1101111000001011
0001111100010011
1111101001011111
0010010011100000
0000010010010001
0010001110000101
1111111100011000
0001010001101101
1101100110101011
1111111010111110
1011111000111011
1110010100101010
1100110101111110
0001000011111111
1111011100001101
0010111101111101
0010100100001101
0011100001001010
1111001010100111
0010010000010010
1111101101000100
1111100100100000
1100011011001111
1110111101100001
1100100010111100
0000110111011000
1111011010011000
0001001101010001
1111101001110100
0001010100010110
1110110010001111
0010011111000000
0000001000000101
0010011011001101
1110011101110110
0000011010101010
0000000010101100
0001000001100010
1100111110011101
0001101100110010
1111110010111111
0010011000010100
0010010101000011
0100110010100101
0010001010100000
0010001111011001
1111100110011001
0001100000001010
1101101101000111
1111100000010100
1101100011010111
0000011010010000
1100111110111001
0000110101000000
1110110011010111
0010001000101011
1110110100111110
0001100001110011
1111110110110010
0001100001010101
0000101101111000
0010011010000011
1110010101011110
1111110011000101
1111101110110011
0000010000001101
1111011011010101
0001000101000011
1111101111110111
0010011100000110
0010101001000100
0011000010100001
0000000101100010
0000111011000010
1111010111111010
1101011100100011
1100001011111001
1111110110111101
1100110010100011
0001100100101001
1110000011000101
0001001111000001
1111100011101001
0001000101101111
1111000001111000
0010000101000010
1101001110011010
0010010010100101
0000001001101110
0000111011011111
1110011010010010
1111001110101110
1101100011110111
0001101010100110
1110110000011011
0001111011000100
1111000001011101
0011011101001001
0000111000111001
0011001101111101
1110001010110111
0001100100001011
1101110101000000
1110100001101110
1110010101011010
1110110110110010
1110011110110000
0001100101101001
1100100001100100
0001001110101110
1110001001100111
0001011100000111
1111000100110100
0000100011111010
1101111001111000
0010000011010010
1110100100001100
0010101101100000
1110001100001010
1110011001110110
1100111100000111
0000100101011011
1110000001101110
1111100111110110
1101010111110101
1110110000111001
1110001111010010
1111101010111000
1101110101011111
0000110011001001
1110001000110100
0000101110101000
1110011000000101
0000001001110100
1111101000101011
0000100100110001
1110001110100111
0001100111101001
1111001101000100
0001011000000111
1110111000110001
0000110010010110
1101100000101011
0010001110111011
1111101010111001
0010001000011100
1110101101000000
1111010110011101
1100111000100001
1111010110000010
1100111011111011
1110110110100101
1100100100111011
1101011101110111
1100100000110110
1111010000111001
1110111110011100
0000111101010111
1110111111001100
0001011101010111
1101110101110111
0001111101001011
1110000010110011
0000011100010010
1110101110110011
0001101001010010
1101101001010000
0010000110010111
1110100111111011
0000110111001010
1111100000011011
0010101011000001
1111010001111101
0001010111110000
1110011011101011
1110111111000111
1100111010101101
1110010001010100
1110010000110011
1111001000011100
1100000010011110
1111001111100100
1110000011101000
1111101011011010
1110011000100010
0000101001101011
1110101000101100
0000111101001101
1111100001101000
0001001101000101
1110011101001101
1111011110101100
1101110000111011
0000010011101001
1111000110011010
0010011000010001
1101100010010010
0000101111001001
1110011010111101
0001001011010101
1110101110010000
0011000000000101
0000000011101000
0001010011010101
1110011000101000
0000100000011100
1111100001011100
0000101101001000
1100101101110110
0000101000001011
1101110010100111
0010000010000101
1110110111001010
0010100111111001
1111010101010101
0000101000111101
1110101110101000
0000111000011000
1101100011001000
0000101010111111
1111001000000111
0001000001101111
1110011101100100
0010011000000110
1110111001010100
0010101111110110
1110000101100111
0000110011111100
1111100000010100
0001001111001011
1111000011110001
0011010010010100
1110101000110000
0001011110111110
1101101000100101
0010110111101011
1101111110100011
0000111110100101
1111000100110111
0010010111001011
1110010111001010
0010011100101110
1110000001100100
0001000110000001
1110001101011010
0000000110110100
1111010111111100
0000101100010010
1101011001111001
0010010100110011
1101101101111010
0000100110100110
1101001110100010
0001010110010001
1111110100101111
0001000101100100
1110101000100011
0010001010010001
1110011101000110
0010111001111001
1110101000101000
0000011100101110
1110001000000001
0001001010111101
1110101101100001
0000101110100100
1101100011001110
0000000011000111
1110000100000011
0000010100000110
1110011001011110
0010001011010101
1101011101100100
0001000000101101
1110111000100011
0001111011100010
1110000010010111
0001010011101011
1101010101111111
0001111100001001
1111011111111001
0010010011100110
1101011101101111
0000011110011000
1111001001010101
0010110000001111
1110100100000111
0010010110000100
1110011110001001
0001001111111011
1110101111100001
0001101100001001
1110000001011101
0001111110111010
1101011000100110
0001110000100001
1111010000111100
0010010001100101
1110111011000001
0001001001100101
1110111011001001
0001100010001110
1101110000110000
0001011011010011
1101011111101010
0000101101011010
1111011100110011
0001110011101000
1110000100000001
0000011011010000
1111000100000001
0010011100000110
1101010000111010
0000101011011011
1111111011100101
0000111100001000
1111101100100010
0001111111111100
0000010001100011
0010111101011000
1110000011010001
0001110000011000
1110100100101000
0001011110000000
1111011001111000
0001100101101001
0000011010110100
0000100010110010
1110000101001111
0010001111000100
1111011011010111
0000110101110011
1111010000001001
0000000101101110
1101101101100001
0000011100110111
1111001100110111
0000000010100000
1101101111100001
0010101111001000
1111100010010000
0000011001011000
1101101000001110
0000011011001001
1110111101101001
0010100001010010
1110110101001000
0001101010110111
1110101110010001
0001011001111111
1110101110101111
0001000001010011
1101011010010111
0000100000100100
1110011001110011
0001100010110111
1110110001010000
0001111010110100
1110100110010000
0000101101110001
1110101101111101
0010000011110011
1110011101100101
0010000010110010
1101110110011111
