0010100001000100
1101011011010001
0010100000010100
1110101101010101
0001010000010011
1111010100001011
0010001010010110
1111110100010001
0000101001111100
1111110100100110
0010010100101000
1111100001011111
0010110001000001
1111111010100100
0000100011100101
1111001111110001
0001110100101111
1101111001011101
0001011111101010
1101110010111101
0010011011111000
1101100001111100
0000101010011110
1101110010100001
0000101010101001
1111100100100101
0000000010000111
1111000101111001
0000001010010000
1110111010101111
0001110011011101
1101010100101011
0000110110110011
1110011111100000
0001001010111001
1101111001000000
0010001100100000
1111011110000101
0010010010110111
1111111100111000
0000101101101000
1110001100100111
0000100010100011
1111010101101000
0001111001101000
1110111010101101
0001011011011010
1111000100110001
0000011000100101
1111111000001001
0000010101000101
1111111110101111
0010100101111011
1111000000011110
0010001110110000
1111100010101001
0001011010111110
1101101111001010
0001010111011101
1110011010110010
0000100010111010
1111101000010111
0001011101011100
1110100110010100
0001111000010010
1101011000001010
0000101111001110
1110110000110110
0000011000011100
1111110100001110
0001010101111001
1110111101111101
0010000010110010
1110001010111110
0001110000010000
1110110111110100
0000001000001100
1111101000011001
0010000011001110
1111011111000111
0000011111011101
1101100111101101
0000100010001010
1111101101110101
0000100100101001
1101001111000110
0000101111100010
1110000000011010
0010001110100100
1101111001000111
0000110001101111
1101001110101001
0010011110110101
1101110100100110
0001011100111001
1110100001111101
0010001000010001
1110000001010010
0000000111100101
1101101100011111
0010011001011010
1110101111110010
0000101110000110
1110011111111010
0000011010000100
1101100100100000
0010101001000101
1111011110000011
0010110010110010
1110000110110110
0001000010111101
1111100000111111
0001011110010001
1110011010111001
0000110001001100
1101111101000110
0001100010110100
1110011111111000
0001001111111010
1111000100010100
0000110111111101
1110001000010110
0001000101100010
1111101010001101
0001100101010100
1101111110100011
0010010100011110
1111100001100011
0001101101011100
1101111111010001
0000011000000001
1110111011001100
0000101001101110
1110111111101000
0010100110111110
1110111100110000
0000101000110010
1101100010100011
0001100101000110
1111010111110001
0001100011011010
1101010111111101
0001000111010000
1111110001100011
0001011010000001
1110001000001101
0010010010000001
1111111010010011
0000101101110110
1111011101101000
0001010100100010
1110110100110110
0010111000011011
1110001111000011
0010010000001101
1110111100111100
0001101101101010
1110111010011000
0010000110111001
1111101000010001
0000011110010110
1101100110100101
0001100001110010
1110111011101110
0000100111110011
1110101100011010
0010001001111110
1110101111101110
0000111101111001
1111000100001000
0001111000100001
1101011110110000
0000110000111110
1111110100110001
0010110001010101
1101111100011011
0010010000110000
1110000001011000
0010100001100011
1101100101000011
0000010010010001
1111101010111011
0001100110011010
0000010000000000
0010110100010110
1111101011011101
0001011101110001
1110100001100010
0001100110011100
1111010111101010
0001111101000000
1110000010001001
0000010101110111
1111011011110111
0000010101110111
1111000100000101
0001110111110101
1101100000001001
0010001011101110
1111111101001001
0000101000111100
1110110000011101
0010101010110001
1110110011111111
0001110010000010
1101110101000010
0001000000101011
1111100000101010
0010001001110001
0000001001000101
0001000000101110
1110010111111001
0001001010100011
1110010101011000
0010001101100100
1111001110100111
0010010100101100
1111010101100100
0010011000010010
1110111111100110
0001011110000010
1110100111100101
0000010011101110
1110001111010010
0001111100100111
1111010110011011
0010101100000101
1110111110111100
0000010111100001
1101111101111001
0001001100111001
1111010010100001
0000111100111111
1111100010000111
0010101000101010
1110001101111110
0000110001101010
0000000100110010
0011001110011010
1110000010001001
0000111011110001
1111101100011111
0001110101111100
1110100101000000
0010100011010001
1111000100011101
0010011010111010
1110000001100001
0001101111001000
1110001001000111
0000010010011001
1111100110111011
0000011101101101
1111011011001101
0010001010111010
1101101001001111
0001010010110011
1110000100100000
0000110101010001
1110110001111111
0001101101110100
1110101110000111
0010110101101111
1110010101101011
0010110000010101
1110010001010010
0001100010101000
0000001111111011
0010110011111111
1111001110101000
0010110101111101
1111111001000000
0001110010100110
1110100010010101
0001110111110110
1110100111000010
0010100100011010
1110100111011011
0000101001000100
1110011110100001
0000011101100001
1111000101111011
0001111011110111
1111001001010000
0001100110110110
1110110111011111
0000101001110011
1101100101010100
0000110101111010
1111010000101011
0001110011011011
1110010111000111
0010111100111010
1111000100000101
0001010100100101
1110000011111011
0001000010000000
1110010010010001
0010110111010101
1111110100100011
0000100010111000
1101101010000100
0000101111010011
1101111011101011
0001010001101000
1101100010101001
0000110000110100
1110111110101111
0001000110001110
1110100111100001
0010100100000101
1110100000001111
0010011001111100
1110011101000111
0010101000011111
1111010100001110
0000011101111000
0000001101000101
0001010001100011
1111100110000100
0001010101101111
1101110100001101
0010111001011110
1111011100100010
0001011110001101
1111101101100011
0000111111011001
1110011110101111
0010111010010010
1111101001100011
0010001101111000
1111101100110101
0000001101111111
1101001111111101
0010100000100001
1110100100110110
0010011110111000
1111100010000000
0010011100100110
1111001111000010
0001111010001111
1101110111011001
0010011101110011
1110110111100001
0001010011011111
1110011001110011
0010100111010100
1110111110011101
0010000101010001
1111101101000100
0010001100001001
0000001101001100
0000110100000101
1110111001011010
0001101001111100
1110110001001110
0010010111001011
1110001010110111
0000100101110100
1101111100010110
0010100001111101
1101011010011001
0010100001011010
1101010100101011
0010100111010100
1101110001010111
0001010011010110
1101101101000001
0010101111010110
1111000110110010
0000011000100101
1110011111001110
0000100110001010
1101110001100100
0000100100001001
1110110001100011
0001101111000111
0000010010100001
0010111000111101
1111101110001111
0001000011011001
1110111001001010
0001010101001101
1111001101101111
0000011110000111
1101110101000010
0010101111000101
1101100111011001
0001100011001110
1111101011100111
0001110100100101
1110110010010100
0000001001010010
1110011101010011
0001000101110110
1101001111100110
0001000001010100
1101101001100100
0010010101010111
1111010110100110
0000110000010110
1101110010100100
0010110011110011
1111010010000001
0010011000110010
0000001000100001
0010100101101111
1111011100101000
0000101001101110
1110011101110001
0010000111010101
1111011010000011
0001000001010000
1101011001001111
0010000110110010
1111000011000001
0010010101111110
1110001100001000
0000101110100101
1110111110111110
0010001000100010
1101011100111011
0010001110101100
1101101110010011
0001010101100101
1111100001000001
0010010100000111
1101111011000101
0000010001111000
1110100101010101
0000011111111111
1111011111111011
0001100001001000
0000001001000100
0001111010001001
1111101100000011
0000110100110111
1111011101011111
0010001100111101
1111101010110000
0000011000110111
1111010001101001
0001100111101001
1111001100010011
0000111000000110
1111010111000010
0001111111011000
1111101000111111
0010011101100100
1101010010001000
0001011000000110
1110001101001001
0010100000010101
1111001110011000
0001010110010110
1111010000001011
0001100011011100
1111100001011011
0000100010111001
1110101010001100
0010011110100101
1111100010000101
0010011100111000
1111100100000000
0001011001111100
1111101000101001
0010001011111110
1110111110111110
0001111110101000
1111001100001100
0001111111100010
1110001001110101
0001110101101100
1111100000001001
0000000110000011
1101010011011110
0001001001111111
1101111010101011
0000010000011010
1111001011101101
0001111111111001
1110011001000101
0010101011111010
1110011101111100
0010101000111111
1111001010000001
0010110101001110
1111001111011011
0001111010011010
0000000011011010
0010110101101101
1111001100101011
0001011100100101
1110101100101010
0010101101110100
1110010111011111
0010101100000100
1110101011011111
0000100000101110
1110100011010110
0010011100001010
1101110011011111
0000101001100111
1110100010011100
0010101100111110
1111010000011011
0001010110111011
1110111100010101
0000000010010000
1110011001010111
0001111001111111
1110000011011110
0000100011001110
1110100001001000
0001000101101100
0000000111100110
0010111011110100
1111101010101110
0001100010010101
1110110100000111
0001010111000001
1111101111010100
0000101110010110
1110011000100110
0010100011001011
1101010111011001
0001000111101010
1110000000010110
0001011110000110
1110101001011010
0000101111001001
1110111010100011
0000101111111111
1110100111010100
0010100011010001
1111010110100010
0010001000111011
1110111010011001
0001101111100101
1101111100011001
0010110011101101
1111010110101111
0001100100110110
1111110111010010
0010101100100011
1110001010100110
0000111011001101
1110000110000101
0000100100100001
1110110111010010
0001101110100000
1111001100111100
0010010110001001
1110010101100111
0000010011101001
1110010111100001
0001110010111000
1110101111111000
0000111010001111
1111100011001111
0010100110110100
1110010110101110
0001100010011100
1111011100101100
0000001111110010
1110110000010010
0001010010110010
1101110000100011
0010011110101110
0000000000000011
0001111000111111
1101111010000000
0001001101010110
0000001010101100
0011001001111011
1111111001100010
0010111101011010
0000000001010111
0000100100011110
1101100011010111
0001111110011011
1110011101011010
0001000111101111
1110111001001001
0000101011110000
1110101010100101
0010110010111000
1101100010100000
0010100101100100
1111000110001010
0000000111010000
1101100111000111
0010100011011000
1110011010110011
0000001110100011
1101010011011110
0000001111100100
1110110010010100
0010100000010111
1101110001000001
0001101111110010
1111001011010011
0010011111000010
1110000001100100
0001111010010011
1110011011001101
0000011110011001
1110111010110110
0010010110011001
1111101010100111
0001010010111110
1110110011100110
0010000101110001
1101101000100000
0010010101100100
1101001111111001
0000111001101100
1101101010110001
0010011010011010
1111010011111111
0000011100000011
1101100000001101
0000010110100101
1111111000100111
0001011100011000
1111101101010111
0000010110101010
1110101101011001
0010000000000101
1101111000111011
0001100111011100
1111111010011111
0001001101110111
1111110010010111
0000010000001001
1101101010100100
0010011011000110
1111110100000100
0001000010110101
1110010001010000
0000101001111000
1101101011100001
0000001001101011
1101010001100001
0001111000110000
1101100000101111
0010101011011010
1101001101100100
0010000001011011
1101101110001000
0000101100000110
1101100100100010
0010000010101001
1111000100111001
0010101111010010
1111100001101011
0001100000110001
0000010000000000
0010010100100100
1111111000011010
0010101010100000
1111101010101110
0001000000011110
1111011111101111
0001000000010010
1111001000000111
0000011000011111
1111100011000101
0001001000111110
1110100101010110
0010001101000111
1110001101111001
0000111011111010
1101101001001101
0001101101011010
1111111110100011
0010000011001100
1110011010111010
0000000001100110
1110110000101010
0001000110101111
1111010110001111
0000111101011010
1111110000000011
0001101011101110
1111010101010100
0000111111110111
1111111000100010
0000110101011000
1111111101001011
0000101111000000
1111100111100101
0000101011001100
1110100001100101
0001001000101000
1110011011110100
0010011000000100
1110011110110111
0010000010001101
1111010010100010
0000001000100101
1110100011111001
0010011111100101
1110111011100001
0000111111111001
1110100110011101
0001000101111101
1111110000101100
0000001100101011
1110111010001111
0001100001010101
1110110000010001
0001110101011111
1101101011010000
0001101011011100
1111011110110110
0000011111010010
1101101100001100
0000111101110101
1110111100010011
0010100100111111
1110100000001000
0001100111110110
1111100100100101
0000001001110001
1101001111000010
0010000000001000
1101011110011010
0001011110111010
1110110000111001
0000011011110111
1110011000100001
0010101011001110
1111110111110010
0010101100000000
1111001000100100
0001100010011111
1111000001110101
0001000111101111
1110010010001010
0010000111111000
1101011110000001
0000010011000011
1111000011010010
0010010110001100
1110011000000010
0001110010001111
1101011011101000
0001011000011001
1101011010001100
0000111111001101
1110110100110011
0001010001001110
1101011001000000
0001100110100010
1110100101000001
0010100100110001
1111001100100011
0001001001011000
1110101111100010
0010000010100100
1110011010110001
0000000100110010
1110000101011100
0001101101011111
1101001111010010
0010110010010110
1111100011110010
0000111100010111
1110111010000001
0010001010101001
1111110001111100
0000111010101011
1101101100111000
0001010110101110
1111101100011111
0001010011110101
1111110010110101
0000001100001110
1101010011101011
0010110010101000
1110110101000100
0001000011111100
1110101111010110
