0010011111101001
1111110110100011
0001000100001101
1110000011000101
0000000101011001
1110011110000011
0010010110001100
1101100010100110
0001111011010111
1111011000101101
0010001001011111
1111101100001000
0010010001000000
1111010011000010
0001101000010010
1111000110010011
0001100001010100
1110011000110010
0001010011010001
1111100010110100
0000010000000111
1101011010011010
0010010110100111
1110010001011001
0000011100110000
1111001001000000
0000111111001101
1110000000110101
0000000110100101
1111101010011111
0000001101101011
1101011001110011
0000011110111110
1110101110001000
0001101111111011
1111011011001101
1111111111111001
1110101100011010
0000001101101101
1110000011011110
0001110110100001
1101100100001001
0010001010100001
1110100101010100
0000010000011111
1110111011000110
0010010000100000
1110001100011011
0010101011101110
1111001110000111
0010010000001011
1111110110111011
0000100100001010
1110001100010011
0001110111101011
1110111111000110
0010101010101101
1111111100010110
0000001100111000
1101001110110000
0000011001000110
1111100101011011
0010100100010000
1111000110101100
0001101100001101
1110011101011110
0001011000100111
1110001001100100
1111110010001111
1110000000100100
0000100100001010
1101111100100000
0001000110010010
1111100001011100
0000011000110110
1110011011011001
0001010111100001
1101010000111110
0000100010101000
1110110000001011
0000110000101100
1101001110000110
0001011001011010
1110101011111000
0001110010011010
1111100010001001
0010010100111110
1110010110001111
0000100001101101
1101100000101111
0001101011111000
1111001010000110
0000010011011100
1110101000001100
0001110100010111
1110000011001101
1111110100111110
1111001100011100
0000100010111110
1111101101011011
0001110111111011
1110000111010100
0001110110010111
1111011101010100
0010001011001100
1101111001111110
0010010101001011
1111101100010011
0010101000110001
1101011010000101
0001101100010101
1111100010110011
0010100101111001
1111101101011011
0001110001011000
1110011011000100
0000110000010110
1110110010100100
0000100001010100
1110110111000000
0001010010011100
1110000001010000
0001111101010010
1110110110110011
0001000010111001
1110101011111010
0000100000101110
0000001011000010
0010100001101011
1111100010111111
0000101101111100
1111001001000100
0010111100001110
0000001001100100
0001101100000000
1110010010111110
0010101110101011
1111001011111100
0010000001110010
1101101001001001
0000100110101111
1111000011101010
0000000000111101
1111100011100110
0001001111000101
1110011101111100
0010101100011111
1111001000111010
0001101111110101
1110110000111010
0001010011111010
1111011000000110
0001101010011010
1110001111011010
0100000111100110
0000001001000110
0100001111000111
1111101010001010
0001111011111001
1110110100011101
0001111000000101
1111110001000001
0001101100000110
1111101100111000
0001011111011000
1101100000011100
0010001010001000
1110111001011111
0000010101011110
1110100010110111
0000101010001010
1111000010011110
0010100111101010
0000011000111000
0010101001100000
0000111001000011
0011001101100110
0000000111100110
0000110101011000
1110000101001011
0000001110111010
1110101001110101
1111011110111101
1100001101010001
1111001011111111
1110101001001001
0000101011011001
1110111000100110
0001101110111111
1111100001111101
0011000100110100
0000010100001010
0011111100110111
1110000000001001
0010010001011110
1110110000000110
0001101100001000
1110010001110001
0010010101100110
1110001011010000
0000110100101000
0000100011110100
0001000011100111
1110001110100001
0001001001010110
1110001011110100
1111110001101001
1110011111100100
1111011111111010
1011111101001000
1011100001110000
1001111111110111
1011100001111101
1011000010100101
1101111101110111
1110001110011000
1111111011110010
1110101000101011
0010000010001100
0001000011010001
0010100010100011
1110101111001100
0010100000110111
1110101111100111
0000111100010101
1101111000110001
0010011110101101
1101100101000011
0001011100100000
1110010000100111
0001110110110110
1111000000000001
0001010011111001
1101001101101110
0000101101110010
1101010010111101
1101010111111110
1010011111100001
1011110000001010
1010110010000010
1011111010110000
1100100111010000
1111100010110010
1110000001101110
0000010000100001
0000001000011000
0001010100000011
0001100000100100
0001100100011111
1111101111100010
0001100110010000
1110100100010110
0010010010100001
1110101000110000
0010100011101101
1111011111010110
0000101011001000
1101100111000011
1111110001111000
1101111000100101
0000010100111010
1101000000001000
1101010110010000
1101000100110101
1110100011100000
1011110011110010
1110000110111101
1100011110111000
1111110011100011
1110011000000010
0000111111110000
1110011100011000
0000101101100010
1111000100010010
0010110101001000
0000000111111111
0011000001000000
1111111011101011
0010100011100010
1101110111100010
0001000011101110
1110100110010110
0000100001101101
1111001001101010
0010001011111010
1110000110000100
1111111110001010
1110011010110111
1110110111110000
1100001011010001
0000001010001111
1101001000000000
1111001011111100
1011111100111000
0000001010100101
1110000110001100
0001101011110001
1111101010101101
0000010001110111
1101011101100011
1111101101010100
1111011010000011
0001001100000001
1111000101101110
0010111011011110
1111010100111000
0001011100110111
1110100000101110
0001011011100001
1110110110000000
0000100100110101
1101001110111111
0001010010010010
1100101100111001
1110010100101010
1100000011001010
0000011000110000
1101110100001001
1110111011010000
1101110001101110
0010100111000101
1110000000001110
1111111111001101
0010001000110110
0011010101000110
0000101110011110
0001001010000011
1110011001110110
1111111000101111
1110101011010000
0001010001001100
0000100000000000
0010001000110010
1110000101101100
0010100000001010
1110011100001100
0000010101001011
1110111111010011
0000000111011110
1101111101111001
0001010001001001
1101000110100001
1110111111000110
1101100011000011
0000110101110001
1110000111101001
0000010010101100
1111100101101111
0011101110001100
0000100100011010
0000011011000001
1111101110100000
0010011000010100
1111011110100010
1110011011011110
1110101110000101
1111010010001101
0001001111101100
0010010100010101
1101111010100010
0001010010111111
1111111001011100
0010101110100111
1111100010010011
0010100110110101
1101110000001011
0010000010111101
1111110100100010
1111101111111100
1100011000111010
0000100100100001
1110100111000000
1111100010110001
1111000000101100
0001001110111000
0010000110000111
0101010101011011
0001101100001010
0001111101110011
1111000110010010
0010100010111001
0000001011100000
0000101010010001
1111100011110111
0010001000111011
1110100110110010
0001101101111111
1101101101111011
0010111101101110
1111010001000100
0010010100111000
1111000010110001
0001101000110110
1101111101001110
0001011010011010
1110101000111100
0001001000100101
1110110110000011
0001010110110100
1111010010101111
0000110000100110
1111110001101001
0010111111001101
0010101010100100
0100100011011000
0011001111000000
0010010110010101
0000111101010010
0010001010011101
1111111100111101
1111001111010101
1110101111101000
0001110110010100
1110011001001010
0010110110001001
0000100001011000
0010100110101000
1110111111100110
0000001111110001
1110000100000010
0010010011101111
1101011111010011
0000001000000101
1110111000101010
0001100000110001
1110101110010110
0010101010000111
0000111111101011
0010111010010001
1111011101011010
0100000001101101
0000011100101011
0100100100111110
0010010000111101
0011101010011011
0010101101111011
0010010010110100
1110001000110111
0000011000110110
0000111010110101
0010101000011011
1111001011000100
0001110011011010
1111001011100111
0001110101001101
1111110010010100
0010010101101010
1111100110001110
0001011110111010
1101011101010110
0010010111001010
1111001000000000
0010001111101111
1110010111001000
0010100001111100
0000001101011001
0010001000001101
1110110000000000
0001110001000110
0000000011111010
0001111101111101
0010010000000010
0011111010100010
0000110011111101
0010111000101111
1111001000000001
0000101011100010
0000101001001010
0001111000001110
1111111100100000
0010101101110001
0000101011110111
0011101101111001
1101100000000010
0010011100000100
1111000001000000
0000001000000111
1110001000011111
0001011010110100
1110011101101111
0001100111100001
1111111010000001
0011010111001111
1111010010110011
0001010110001101
1110111110010001
0011011100000110
0000010000110001
0011010010110001
0010011011110000
0100100100111111
0000111001000101
0010100101010000
0000001011000110
0000111111111100
1111110100100100
0001001101110101
1111100000000000
0010011110100011
1110101110000011
0001000111011100
1110111001011011
0000001010000110
1111111001111000
0001001000011011
1101100010111111
0001000110001010
1110110000110010
0001100010111101
1101010101000101
0001000001101001
0000110000101111
0001110010010001
1110011110100001
0010011101011101
0000111111000111
0011111101011100
0001111001100101
0010000111010111
0000101010111111
0001111000001101
1111001101111100
0000100110110100
1110110100111011
0000001001000101
0000100011000001
0000101011101110
1111010011011101
0010101100010111
1110000110110101
0001010100101011
1110001000000111
0000101001010111
1110101101001011
0001111110111100
1110010110101111
0001000100111011
1111011011000000
0001001111001010
1111010000011010
0010000101010101
0001011010110101
0100011011001101
0001011101110100
0001111110010101
0000101110111001
0000110111110111
1110100001101101
0000011101010000
1110110010111110
0001011110100110
1111000000100100
0000110100011110
1111000111010001
0010101111001000
1110000001011101
0001011011011110
1101011110010111
0001010101010101
1111111101001110
0010000110000101
1101011110110111
0001111011100011
1101010000100001
0001000100011001
1110111001000111
0010000000000101
1110111010100111
0010101111111000
1111001111111010
0011010111110111
1111100000000101
0010111000010111
1110110001100110
1111000111010111
1101100100101011
1110010111011100
1111111010101101
0000101101000101
1101111101000011
0000111101100000
1111000000100101
0000110011000010
1111110000111111
0001110100101001
1111000111011100
0000001000001010
1111111001110011
0000101111110001
1110100011101000
0000001000111110
0000000001011010
0001001001001110
1110000010000010
0010111110111010
1110011110111111
0000110000001011
1110100001000001
0001100111110101
1110110111101010
0000100000001111
1111111110000110
1111110111011101
1111100101100100
0000011000101001
1111101111011100
0010100110110010
1111000101101110
0010000111000010
1101111001101011
0001001110111000
1110011110010011
0010001111111011
1101001100101101
0001011110000111
1110100000100101
0000101010010010
1110010110110001
0001100101101110
1110100111111111
0000010000011011
1110000100100010
0001100101000110
1110011101011011
0000001010011101
1101101101111011
0000110011110010
1110000101100101
1111110100101110
1101101110010000
0000101101110000
1111010100101000
0010100010100100
1111010111001011
0001100110111110
1110100110110001
0001011010100011
1101111000011110
0000010110110111
1110010100110100
0000000100010010
1101100001001011
0010010010001001
1101001110001111
0010010110111110
1111000010001001
0001011110001001
1111101101100110
0010010100110000
1111101000011110
0001100110100001
1111100110100000
0000110100010111
1110011101011101
0000101001000110
1110110101000111
0000110001011001
1111000110111001
0001000101000110
1111001101101001
0001111010111011
0000010110100100
1111110000101010
1110111000110100
0010100101000010
1101100010000011
1111100001100111
1101110100100110
0000100101001001
1110111101111100
0010100001001100
1111000011101010
0000110011001010
1110000000101100
0000111010111100
1111100001000100
1111110011001011
1101001101010010
0000001000110100
1100111010001001
0010000001111011
1101100010001010
0000100011110100
1110000010011101
0001110110010000
1111000111111110
0001110111011000
1111110000110001
0001000011111000
1110101001001011
1111001010110111
1111100110110010
0000001010111001
1101110110001010
0000111000100010
1110011001011010
0000000010010111
1101110101000011
0010010010001001
1111000111101010
0000011101011011
1110000001001100
0001110100101100
1110101100001101
0000111011101011
1100110100010001
0000111010110110
1101010111100110
1111111111001000
1011111010011110
1110110110010100
1011101100010011
1110101110111101
1101000101000111
1111101100000111
1100111101101010
1101111101000110
1101001010111000
1111101010001000
1100101101110010
1111110100100101
1110000100110111
0001000011111101
1101001001111101
0001100101011101
1111000110001000
0000110101000111
1110001101110001
0000010011010010
1111101110110111
0010101010100100
1111001111010010
0010001001101010
1110001000001110
0001101001111001
1110101100001111
0000100010010101
1101100101110010
0000000100110110
1100101101011110
1101111000100001
1101110100110100
1110100010111001
1011111101110001
1111111101100111
1100011001011000
1110110000011000
1101000011101110
0001001001001101
1111001001100111
0000010100000111
1110111110101110
0000101010011101
1101011110000001
0000110100000111
1101110001110000
0000101010010100
1110011000011110
0001001101010010
1111000010011010
0001110111100011
1110111010001110
0001101011011110
1110100111110001
0010011010101010
1110101101110110
0001101010010100
1110010011000000
0001100111111001
1110100111010010
0010011001101100
1101101100001011
0001010101110110
1111010000011000
0000111001101101
1111010110100000
0010001001010000
1110100101100011
0010100000010010
1110010111000010
0001100001011110
1111100010111010
0010100100100110
1101110011111111
