0000110000010110
1111110110110100
0001110100101000
1101010101111101
0001000010011011
1111000110011101
0000110110100101
1110000011100011
0001001001101100
1110000110111110
0001101110100011
1111011111110001
0001111000100000
1101111000100010
0000000111100100
1101001110111111
0001110011001010
1110101111000111
0010101011110010
1101100011010101
0001001000011010
1110111001000000
0000101101101000
1111111111100000
0000001100010001
1111000010010011
0000110110010110
1111001011010010
0000000000001011
1110001100000001
0001110011111000
1111001111011111
0001111101001011
1111001010101110
0000100110110010
1111110010101011
0001101101110001
1110100001111111
0010000110110010
1111111000011111
0000100001101101
1110110111111000
0000100001010000
1101100000111100
0000010101111010
1111001110001000
0010010110101001
1101110000011101
0001110111100001
1101100111010110
0001110010001111
1111101100100011
0000100110110101
1101011101101001
0000010011101101
1111001100111001
0000101100110111
1110110101111101
0001100111110010
1111010010110000
0000001000100000
1111010110110011
0001011100101000
1101110110111111
0001100111111011
1110001000000111
0010011110011110
1111101001110101
0000101000111110
1101111100010011
1111110101101110
1101111100111011
0001110010001001
1110000111010101
1111111100001000
1110101000101011
0000111010011101
1110110010101010
0010000001110110
1110111011101001
0000000011000010
1110100000000101
0001001111011101
1111010101001101
0001001111001001
1110011100110101
0001011101110111
1110000001100110
0010101001000110
1111100111010110
0010101001111100
0000000001000101
0001101000010010
1111011000110111
0011000101100011
1110011111010101
0001001110011110
1101110101011100
0001110100010110
1101011111110111
1111001101011101
1101111001111010
0000101000100001
1101011111001010
1111101111001111
1110000101001000
1111111010000100
1111000000000001
0001001001001101
1111011011001001
0001011011111000
1110100110000101
0001111110010110
1101010100000000
0010000100101100
1111100110111110
0001010000111100
1111000110100001
0010000001001010
1110101111101001
0001100110100011
1110100110110111
0001110000000110
1111001100111011
0001111010110111
0000011111101010
0010000010110011
1111101101000010
0010001010111100
1110000100110011
0001101001101011
1110001010011111
0000010000010000
1100111000111010
0000101110110010
1110110111011001
0000000111101100
1110010110001000
0001001011110011
1110010000010001
0010000101101111
1101010100111111
0000010110011101
1110101011111100
0010001010100110
1100111101011000
0000111110000010
1111001111000011
0000100000001100
1111000101010110
0010011100001110
1111100011110000
0001001100111000
1111101110111101
0001110111001111
0000011100101011
0010111011111110
1110001110101101
0010110010110000
1110100111010001
0001010000101101
1101110111111101
0001111011000000
1111111100011111
0001101001111011
1111011100111010
0000100010010011
1101100111000010
0001101010100100
1110000011001001
0001010110110010
1110111001000010
0001001111001111
1101110111010001
0010001100100001
1111000011011110
0001010110110011
1110101010001011
0010010011111011
1110100100100001
0010000000000010
1110100111111100
0001001111000110
0000000100000001
0000100111001010
1110111011001101
0000100110000100
1111110000010100
0000111010000111
1110111101001101
0010010001000110
1110110110000111
0000000101100000
1110001001011011
0000101010010100
1101001101010101
0001000011101011
1110010101100110
0010011100011001
1101000001001111
0000000110101000
1110111001000000
0001010111001000
1110001011011000
0010110101110111
1111110110010110
0001001010101001
1110101000110100
0010010111011101
1111011101101001
1111111100010010
1111000000101001
1111110011001101
1110101001100000
1111111101011011
1101110010011001
0001101011101110
1110001000100000
0010111000011111
1111001111000010
0000011110010111
1110001000011011
0001111001111010
1110010110010000
0010000001011011
1111101010011111
0001110000011101
1111101101100110
0001011001010010
1110100010011010
0000100001011000
0000101011011101
0010011111110011
1110100010010100
0001101011011110
1111011000000110
0010110111101011
1111010000100000
1111110111000010
1101001101011101
0001001101000110
1110111110111100
0000101111010101
0001000000000001
0010111100001110
1111100101001010
0001001111111001
1110110101101011
0001011100111000
1101000011110001
0000001000111100
1101100100100010
0000011010001011
1101100001010010
0001011110010010
1101100111011100
1111110111101010
0000000111000000
0010111001001111
1110101110100100
0001110010010010
0000011000000001
0010100001011001
0001010100001010
0011010001100110
1110110101011010
0010010000000001
1110001100011011
0000101110111000
0000100101110010
0011110101111011
0001111111101001
0011011111111111
0001100111111000
0010011100001111
1111111111010110
0010011101001011
1110000100011001
0000000110100011
1110101101101110
0000101011010011
1111011110011011
0000111110010101
1110101101011111
0000001000111001
1110010001000001
0001100100010101
0001001100111011
0010111110011001
0000110000110110
0011000111001110
0000101010010110
0001010111111001
1110110111001010
0001000100011101
1110010111111110
0000101000011111
0000011000100100
0011000111010010
0001110000010011
0100001111100111
0001011011100111
0011000001101011
1111100011000010
0010011011010111
1101101000011111
0000110000101101
1110010011101000
0000101100001011
1110111111101111
0000001100111001
1110011011101000
0001100111011111
1111101010110000
0011111011100110
1111110011111111
0001111010000100
1111111100100011
0001000101100001
1111011010010000
0000000111000101
1100111000000110
1110111101000110
1101100110111001
1111111110111010
1110110111010100
0001100110010101
0000011010110000
0010101110101100
0001000010110101
0100001110011010
0001101001101000
0001111100010101
1101101100010000
0010110000011010
1111110100001101
0010000100001000
1111011000000000
0001111000110100
1101001001110010
0001110001101110
1110110010111110
0010100111001000
0000001010110111
1111111001010111
1110000010101111
1111100011110101
1101101110101101
1111100000001101
1100101010010101
1101111101010011
1011111110100001
0001111110011100
1101110101010000
0000101100000011
0000010010001001
0011001110101101
0001000001111001
0011001110101111
0001110001000101
0010100100100101
1110001011011111
0000101001101001
1101100011111111
0010010010011110
1111101101101100
0010101001111100
1110011010000100
0001001000010011
1111010001010100
0010000101001111
1101011010111001
1111101111100001
1101000010111010
1101110101111111
1101000001011010
1110101000011001
1100010110001000
0000000100110100
1101001110000111
1111011000100010
1100101001000010
1111111110011101
1111011011111011
0001100010101001
1110100000010101
0010000110101001
0000110111110000
0010100101010101
1110110010011111
0000101010011101
1111101011000000
0001010101110000
1111001010101101
0010110010110110
1111001010100100
0001000011010001
1110010101111111
0011000100110110
1110011000011110
0000000101011010
1101010110010001
1110111101111010
1011111111000100
1111001111100111
1101001101000011
0000110101100100
1110001101101011
0001000000001000
1101011001000100
0000100010101111
1100110110010111
0000110010010100
1110111111010111
1111011111001011
1111010011001111
0000111110000111
1111011001011101
0001110000101101
1110001000111010
0010101100001001
1110000001001110
0010000110010000
1110100101011010
0011000010111010
1111000100101000
0011011110011000
1111100110111001
0001111000000101
1101100010100101
1110111111110100
1110001001010101
0010001101010001
1101011000011001
1111110110100001
1111010111000011
0001101010111110
1111111011001000
0000010110001011
1100101100000000
1111000101001001
1100001000000000
0000100001100010
1111010011010111
0010011110101001
1110100000100101
0010010111011010
1101110110100011
0000001001111100
1111000110100100
0001000111000010
1111100111000001
0000010101111000
0000110111100010
0010110010110010
0010110110001000
0001101010110100
0000101100000100
0001100000100101
1110011001011001
0001110000001110
1101011100110100
0001001110010011
1110101111010111
0001111010101010
0000011101110101
0000111100110100
1110000000000100
0000000011000011
1101111101100000
0000101111100000
1101111111000010
0011001110110101
1111110110101001
0000110000100101
1110100101001111
0010110000000011
1101011101001001
0000101000010010
1111011101001101
0000110111001111
1111001010110101
0001101010001101
0001110001111110
0100010011101001
0000111101111101
0010110000010100
1111100111110101
0011000111000101
1111001011111001
0001001010110000
1111100100010001
0001010100001000
1111001111111010
0000111000101100
1111000010101001
0000101110101101
1110000001000111
1110110110110101
0000000111100110
0011001111110001
1111001101100000
0000110001001111
1111000101101000
0010100111100000
1111000111110011
0010000111101001
1100100000111000
0000001010011010
0000011010000101
0011110011111111
0000101101001011
0100001100011001
0010110101111100
0100100011001000
0001100010101010
0100010100111101
1111110110111000
0010110101101000
1111111100001011
0001001000000000
1111001001010001
0001101111100001
1110001111110110
0000101110000110
1101010010111101
0001110010010001
0001010111101001
0010100010010101
1110101011011010
0001001001111011
1101110100100011
0001011000011101
1110101010111000
0000000100011011
1101101111100010
0001010011101110
0000001111110101
0001101111101011
1111000000101000
0001110010011000
0000110111011111
0011010001011011
0010100011110111
0010110010000011
1111000000010011
0010011101000000
1110000100100110
0001010000010100
1101110000100101
1111010000101101
1101100010110001
0000110001000110
1110100000000010
0001100011011100
0000001101100010
0011011110000011
0000100001011011
0010001000110011
1101011111000100
0010011101000100
1111111110010000
0001100111110100
1110000000011011
0000001000001010
1101101101010010
0010000111100110
1111000001110011
0010100110100001
0000011101010110
0001101001110011
0000111010110011
0001010000111101
1110100001101001
1111110101110010
1110001000110111
0000100111000111
1111011101000001
0000100101100111
1110010001100101
0010000010001111
1111001110111001
0011101111111100
0000100011001100
0010100001011111
1101110111101111
0000001110110001
1111111101011010
0000000001110010
1101111000111111
0010010001111111
1100110011001000
0000111010111111
1110001101000010
0000101010100000
1111110011110011
0000110111011011
1111011101010110
0000100100101001
1111001100000100
0000000110010111
1110000001110101
1111100010111100
1110010011010101
1111011011011011
1101011110011001
1111001011111000
1110110011100101
0001010000001111
1110001010011001
0010111110011101
1111100111011000
0010101011110010
0000001011000101
0010101010011111
1101010001110111
0010110001011011
1111111100100111
0010101000111001
1111010011100011
0001010100110100
1101001111000000
0001111101110010
1111000001011100
0000110000010000
1111001011110010
0000001011011101
1101001001010000
0001000001011010
1111100011101101
0000100010011011
1111000100100011
0001011111100000
1101011111101110
1110111111000111
1111000101110010
0001110111010001
1111100011001111
0010101000100111
1111101110111000
0001110010110000
1101110101111111
0010101011001100
1111110111110001
0010011010111100
1101011001010111
1111111100110011
1101000001011000
0001101110101101
1100100111110101
0001111001011111
1101111000001111
0001100010011100
1101001010001010
1111101011111001
1110011100001101
0010101100100100
1110011111111100
0010000101010111
0000011011101011
0000011011001001
1110001001001001
0000010001001101
1111001111110111
0001110100111010
1110111100011101
0001000001110010
1110110001101001
0011000011001010
1110000110010111
0000000110000101
1110110011011011
0001011110101101
1111111000011101
0001010011001101
1110101000011111
0010001111011111
1101101001110101
1111110000111011
1100011111001000
0000010111001111
1101111001100010
1111100111100111
1101010100000011
0001011010101010
1101011010110000
0010010100110011
1101011101111110
0010000001001101
1101000000001110
0010000000110100
1111100111101010
0001001111001011
1111011010111100
0000101110000010
1111101110101101
0010011010111011
1111001000110110
0010010100101100
1101100110110011
0010110010010001
1101011110101111
0000110000010110
1110011111111010
0010100001010110
1101101111100100
0010010101001011
1101001001010110
0000001111100111
1110111110001101
0001000111100110
1100111000001111
0000000110000011
1110011011010001
0000001011011011
1111111010000010
0001011111001101
1101101101000000
0010110011011101
1111110100010100
0010100110011001
1110001100100111
0000101001110001
1111011010111110
0000000001001111
1110111101110011
0001000100110010
1101100100011111
0001111001100011
1111011001110000
0010000001100001
1110000111011110
0000010100011000
1111111100101010
0000100011101010
1111110100101110
0010001010111000
1111101100111101
0010110000000110
0000000111011001
0001010011110101
1110101010110000
0010111110111100
1111011110010100
0001100010110011
1110001000100111
0010010100001001
1110011111001000
0010001001101000
1110101001111010
0010001110010001
1110011111010101
0000100100011011
1111111111000001
0010000110101011
1111011010101010
0001000011001011
1111100111110000
0000001101101001
1111110110011110
0000111110100000
1101110000101100
0010000010000101
1110101101001110
0010010010000110
1101011101011000
0001011110000001
1110011100011101
0000001000101010
1110101110111100
0001101101110101
1111001101110111
0000111001100100
1111001100100111
0010011101110100
1110011111010001
0000100010110110
1110100011100101
0000100000001100
1101100010110000
0000000111100011
1101010100100101
0001001011011100
1111010100000010
