0000100101100000
1110011000111100
0000110110001100
1101110010111111
0000000001001001
1110001100001110
0001010010100000
1110111010001101
0000101110111001
1101011000000101
0001000011010011
1110010100101111
0001110001110101
1101010110110001
0000101010000010
1111111010110111
0010100110100000
1101010101001101
0001100111110110
1111101100110111
0000111010010100
1101110101001000
0010100010100100
1101101111010000
0001111011011110
1110100111101011
0000111111000001
1101100111011101
0001001001101110
1111101000001011
0010100100011011
1110010000110011
0001111110111010
1111011000100110
0001001001000010
1101111111111101
0010011011001101
1101100100100001
0000010010110010
1111101001010000
0010010000010010
1110101010001111
0010000001010010
1110110000110010
0001001011101101
1101010100100110
0001010100000010
1111000000101111
0010100011110010
1111110111010110
0001010010011010
1111010101000111
0010010011100010
1110111110001111
0000001000011100
1110100100001101
0010011010000101
1110111000100011
0001000001001001
1111001111011010
0001011111010010
1111001101101001
0010011111110100
1111010101000010
0001011010110110
1111001011011111
0010101100111001
1111000001000100
0000100010111100
1111111000011011
0001011000110011
1101010111010010
0001101011001101
1111100001111010
0001010000110001
1101011101111110
0000101000101110
1101100101110101
0000111000100000
1111101110110101
0010100110100011
1101110101000111
0000111100000010
1101111001000111
0000011001011101
1110111011100010
0000101001011010
1111111001100101
0010001011111011
1110010000000110
0000110001011001
1111001001010010
0010101010001101
1111100101110011
0001110110010001
1111010010000011
0001011101101001
1110110001100010
0001111110010010
1110011000100000
0010001000101000
0000010111111011
0010010011010110
0000011100110101
0001101100110011
0000000111110010
0000011010010100
1110010011011111
0010101011001110
1111000000000100
0010001010000100
1101101011111000
0000011011111011
1111101101000110
0001100001101111
1111000100100011
0001010110110100
1101101100000111
0001000100000000
1111100001011101
0001110111101000
1110111100100000
0001101110000000
1110011110011111
0001000011010111
1110101110111001
0000111000100000
1111010000011011
0001110001100111
1110110010010010
0010001111000100
1111001001011011
0001110001110010
1110100111000010
0000110011100101
1111010000110001
0001100000100100
1111001000011010
0000000110111000
1111000101000101
0010000111010110
1101110100000001
0000011001100110
1101010110000011
0010011110101000
1101111111001001
0000111101000001
1111101100101111
0010111000101010
1111111000001010
0010110100000111
0000001110101001
0000010101001100
1110110001011110
0000001110001101
1101101110010001
0001001110101011
1111010101000001
0000101001011011
1101001111000110
0001100001101101
1101001101001100
1111111000010000
1101110110111010
0000111001110111
1110110011000100
0010110111100001
1101111110010010
0010011110101100
1111111110100011
0000010001001110
1110001101010100
0010001111110111
1111100110010000
0010010000110001
1111011011100110
0010000110001110
0000011110000111
0010001101101111
0000010011101001
0001110110110111
1111001001011011
0011010011000110
0001000110101000
0011101010100100
0000101001010000
0001111000100100
1111100110011011
0001001111010110
1111010100100100
0000001110110000
1111100101110011
0000100100001011
1111000111000011
0010100000100000
1111000011000100
0010110000000010
1101100001100001
0000001110110100
1101100000000111
0010100000000001
1111110101111010
0010000111011011
1111101111101011
0011011111010011
0010000111101110
0010010100000001
1111001011110001
0010101000001100
0000010010010111
0001101010001001
0001001000000100
0001100011010010
1111011100011000
0010011100101010
0000011111100101
0010111000100000
1110001001010101
0000100110110110
1111001011100001
0010111100111101
1110111101111101
0001101100101101
1101100110111101
0000000101001101
1110101000100100
0000100010000100
1111111011001110
0001000011010000
1111011010001010
0011000001001000
0000010001111111
0010101001000000
0000101000110110
0011000101111001
1101000001010011
0001001111001101
1111011011000101
0010000111001111
1111110100111110
0001001111111010
1110110110101110
0001001111000101
1111001000100110
0001100010001000
1101111010101111
0010010111101100
1111110000000101
0010000100111101
0000010001101011
0001111001001011
1111010111111101
0001111000110001
1111001110111001
0000001101101100
1110000010001100
0010001011011110
1111011010011001
0010010011000111
0000010010101110
0010010010001010
1111000101100101
0001001110011110
1111011011001110
0010110110100101
1110100111110101
0001010101010010
1101111011010100
0000000011011000
1111100100010111
0010101001000110
0000001111010010
0011011110101110
0000010110110011
0000111010011110
0000110111001001
0011101001101011
1101111101000111
0001010001111001
1111001110001110
0000010010110011
1111101101001100
0001011001010100
1101110101100110
0001000011110011
1110011111110100
0001100011111000
1111111000010110
0010110000011101
1111110111010110
0001010001110011
1110101001000000
0001101010000001
1110101110011101
1111110111111101
1100011100011001
0001000001010000
0000001100001101
0010000001001110
1111101110101111
0011000010000001
1110001100111101
0011110101101010
1111111010100100
0011100110101111
0000001100101110
0001111000000011
1101101100111011
0000010010000100
1111110011001000
0000001010101110
1111010101110101
0000011101110000
1110011100011000
0010111010111000
1110110000001010
0001000001001101
1111000111000011
0010000101011000
0000001001001000
0001110011110011
1110000101001000
1111101111011010
1101010010000110
0000000010101000
1111000100000100
0001111110011111
1111110110010100
0001101110111000
0000000100100101
0001001001010110
1110010000111101
0001011011001011
0000001100010010
0001001100011001
1111010001110011
0000010100101010
1111111111010101
0000010100001011
1111010101010011
0000001111000001
1111011000110110
0001010000100101
1111010111101101
0010110010010110
1111001101101011
0011011100111111
0001001100001111
0001110010010011
1101101111110010
1111000001101111
1101001101111100
1111110011111110
1111101100000110
0001001000110100
1110101111110100
0010000011100100
0000001010110110
0001000110100110
1110110101001000
0010001010101110
1111011111000001
0001100001011011
0000000010010011
0000101111111010
1101101101100010
0000111001011000
1110110101001101
0010010110111101
1110111010100001
0001101111010000
1101011101000001
0010000100110000
0000010001100011
0010011101110101
0000001011100111
1111110110010001
1011111111010011
0000011001000110
1101011010000100
1111001111110001
1111001010111110
0010110110010011
1111110111101111
0001010011010010
1110011110000000
0001010101001001
1111001100010001
0000110101101000
1110110001111110
0000001011001000
1101100111101010
0010001011001101
1110101110111100
0010011011011011
1111110111101111
0000101111011011
1111101000100010
0001010000110110
1111101100000100
0010000101011001
0001100111111000
0100110100000010
0000001011001101
1111000011001100
1101010110011011
0000101000101100
1101110010100100
1111001000110001
1111011100111110
0011110001110110
0000110101010000
0011010001010010
1110011101000100
0010010100010000
1101100100010111
0001110000010011
1111100100110110
0000111011010100
1101110100010001
0001110010111111
1111000101111111
0001101110101000
1110110110000111
0010001110001011
1110110001101111
0001100011110011
0000001010011111
0010110001100001
1111001010000111
0001011010100010
1111011101100111
0001100110110000
1101010011101011
0000001110100100
1100101001100000
0000111111100010
0000000110010001
0011011011001110
0000100011010101
0010100100010011
1111011111010100
0001011101110101
1110100110100011
0010110010100000
1110111100100101
0001001011101111
1110010001001110
0001010101011000
1101111001111010
0001000101100110
1111101010111010
0000010100101011
0000010010010011
0010011000011000
1110101110010010
0010100001101001
1110010101110100
0010010011001001
0000000000100110
0001101101101111
1100100011111001
1111110011110100
1110101001110010
0001000101011011
0000110100111001
0100000000000110
1111111001011100
0010010110011100
1111101000010010
0001110111000111
1111010101010111
0001100011111011
1111101001101100
0010010101110100
1110100010010011
0001010111011001
1111010000110110
0000011001100111
1101010101101111
0000001111001011
1111001000110011
0001011111001101
0001001011010011
0010011001101110
1110010111010110
0010100010000011
1111111100011010
0001010010100111
1011101101001000
1111100011010110
1111110010010111
0010010100101101
1110011111110100
0001101101001100
0000011001110111
0000111010010101
0000001101011110
0001011001110110
1110010100100001
0001001001011110
0000000110101111
0000000011111101
1101100111101000
0000011011011110
1101100100101010
0001000010001000
1110010000001000
0000101001011000
1111101111111001
0011011011111000
0001000101110000
0000101111010011
1110010110001100
0001011010110100
1111100000011001
1111110110000100
1101010101111000
0001001101100011
1110110111011110
0011010000001101
0000101000101100
0001111001001101
1110001111101101
0011010111011110
1110011111110001
0010110010001000
0000001010111100
0010100011101111
1111011101111100
0010001101111010
1111100011101100
0000101100110110
1101101100000100
0010101011010000
1110110110111110
0010001100001101
0000001110001011
0001111001010001
1111000010101011
0010011110101110
1110111001001101
0011011101101001
1110110110110000
0000101000011100
1110011000011101
0001011000110011
1111101000100001
0001011101001100
1111011110100001
0010001000000001
1111111111101010
0001100010001011
1110000010101100
0001000101001110
1111101110010100
0010001101000110
0000000000011110
0000111010111111
1110011001111001
0000101100101101
1111101010001111
0001110110010101
1110100110011100
0010101101010111
1110101010111110
0011011110001111
1110111101001010
0000111011011000
1110110000010110
0010011011010110
1111000001001000
0010000000011111
1110101101100110
0010101011000001
1110110000001110
0001011000101111
1111001111110111
0001100010000110
1110000100101111
0010100001000001
0000011111011011
0001100000110010
1110001011010010
0000101100010100
1110110100001100
0000001101001110
1101100101010011
0001010011101101
1110110111100011
0001001010001011
1110000100011011
0001011011100001
1111100101101100
0000101111111001
1111000101111010
0010110011010110
0000011111100001
0010000110000101
1111111010111001
0001010010110001
1111110010011111
0010010010101101
1110110011000101
0001101011101000
1110000001101101
0000111101111011
1110111100000000
0010111001110100
0000011000111000
0010010000000010
1111101110111001
0001001100011001
1101101011101110
0000001100111000
1110110000000000
0000111000111100
1111100100000101
0000110111100100
1101110111000000
0001001110010101
1101010001101001
0000011111100010
1111010001010011
0010000001000011
1110100111100111
0011000111100110
0000010100101010
0100000010110110
1111101111001110
0001111100001000
1101010100100110
1111000100101010
1101110000100111
0000001110101001
1111011011010011
0001110100011100
0000000111010101
0010111101000111
1111111001000111
0001000010001011
1110101111101011
0001000110100110
1110001010111001
0000110100101100
1110100101001000
0000010001111010
1110010110111111
0001100110011100
1110000110010000
0000000000101110
1110001111110001
1111100001001001
1101110000011100
0001011111011100
1110101000000111
0010010000111000
1110100011011100
0001101011100001
1101111110110100
1111001011011100
1011101001101010
1111110111001001
1110000011001101
0011010001110001
1101111000010110
0000011001011101
1111000111010010
0000010100010010
1101011101110101
0001100000110110
1110110001101110
0000110111100101
1111111110110001
0000010000001101
1110010110000100
0001010101100101
1111000001010111
1111111111000101
1111101001100110
0010001110001011
1111110111101000
0010011111101100
0000000011100000
0011010110111010
1111101000100100
0010110011000100
1111110011101111
0001010000011111
1111000111001101
0001101111011101
1111111001101000
0000101000100000
1101011011000101
0010100011100010
1111101110010111
0010011100110001
1101011101001101
0001011001011000
1101010010000110
0010001101001111
1111110010010100
0001001000111111
1111101110010110
0000001100111010
1110101010101101
0010001010110011
1110111011110111
0010101110010111
1110010000011000
0010111110101001
0000000000101111
0010100100000011
0000110111000011
0001100011010110
0001001011110000
0011010010111011
1110100110001001
0000101111110010
1110110100111010
0010101100111011
1101111000100111
0001100100100110
1111101111110101
0001111101100011
1110101111101001
0000100001101011
1110011001000010
0001000000000110
1110000100111001
0001100001101010
1111100101111000
0010001001001011
1101010101011111
0000110010111001
1101110010111001
0001011101011100
1101101011111000
0001100000100001
1111111001100101
0010110010101011
1111111001111110
0001110110001000
1111010011010111
0001010100000001
1110111001011111
0001001111110010
1111001111000010
0000011011010001
1110010010000111
0010000001100110
1111101111100101
0001000010001110
1111001100111010
0000100000010111
1111110011011010
0010000011011100
1110111101111110
0001110011100100
1111101111101011
0000001001110111
1111011101111000
0000101010011101
1101101101010010
0000011001100011
1110101001110010
0001110111010100
1110010110000011
0001001100110100
1111101101111011
0010000100011000
1111001011101010
0000111010101011
1111100011001111
0001111010101000
1101111110011110
0001101011110001
1111101000110001
0010110001010001
1101111001000001
0010000101001001
1110000000010000
0010010111001110
1111101011110110
