0010000111000000
1101011111001010
0010001011111000
1110110111100101
0001001011001101
1110110010010010
0010100010100101
1110100110011001
0010101110111001
1101101111001011
0000111111000011
1110001001110110
0000011011011111
1110110001011101
0000001001101000
1111111010001001
0000010100010010
1101010111101101
0000010110101110
1110011111011111
0000011111011101
1111001101110011
0001111011010000
1101111100010100
0000110010010010
1111101001100001
0000011100011011
1110000010100110
0001011010011001
1110011000010010
0001010001101000
1111010001110100
0001010101010111
1111010111000001
0001111100001110
1101100111001000
0010000001000000
1110100011110111
0001010001101010
1110011110001101
0001010111110001
1110001011100000
0000111100111111
1110101011101000
0000101001111110
1111000101010101
0001100110010010
1111001010001000
0000111100001011
1110001101010010
0010011111010010
1110101101000111
0010101011010011
1110011111001010
0000100101010100
1111010101100111
0001110111010100
1110111110010001
0010100111110010
1111100001100000
0010101001011101
1110111011111000
0001010011011110
1111000111100110
0010001101111111
0000011100000111
0001111000000111
0000010001011111
0010110011101010
1110111101101100
0011001010010111
0000101011011001
0010000011010011
0000000100000010
0010001110110111
1110101100000101
0010000100010101
0000000001100001
0010111011101001
1101100100000111
0010001011000011
1101101011011000
0001000011110011
1101111100100110
0001000010010011
1110010110111010
0010101101110011
1111111010001100
0010101011110001
1101100000111000
0001000000000011
1110010000000110
0001100110100011
1111100110001110
0010000100100101
1111000100111010
0011110000100010
1111101000101000
0010001110000011
0000010101011101
0010010110111010
0000111010100101
0010010100110101
1111001000100001
0010000100101011
1110001010000000
0001100111111011
0000001011100110
0000010011100011
1110110000111100
0010101000000110
1101100111011110
0000110010111101
1111001001010000
0001101000101110
1110001010110111
0010100011000010
1110100111110010
0010100011101011
1110011000110100
0010001100001101
1110111111000110
0011001010011011
1110111010000110
0001100001011011
0000000111010001
0010101111010111
1111111101010100
0010011011111010
1110011001011010
0010110011101011
0001011101101010
0001001011010110
0000011110011010
0010001011001101
1110101100011100
0000000101000101
1110111011110000
0001011100100001
1111101101100100
0010010000001011
1110110001010011
0010101011000101
1111110000010000
0010001010010110
1110100010100101
0010100111001110
1110111111110111
0000111011100100
0000000011110010
0011000001101101
0000101010010011
0010010010001000
0001010011111000
0010110010110011
1111100111010001
0001101101001011
1110011100001001
0000011000100011
1101110111000011
0010110110101011
1110100101000101
1111111000010011
1101000000100110
0001111000010101
1101001110010101
0001010011011011
1101101010000010
0000110001000011
1101010000100010
0010101000111100
1111110011101111
0001001101011101
1101011110010011
0000101010111010
1111111000000111
0001100110101111
1110011100110101
0010101000000011
1111010000110110
0000101011110011
1111011011011000
0000001111001111
1101111100110110
1111101111110000
1101111010001111
1111110111110100
1101110010100111
0000001110010101
1101101100111011
0000101111110100
1110000100110101
0000110010011110
1101110011101001
0000111000001101
1111011110000010
0010001001010110
1101111011000101
0000000011111011
1111110010111010
0001111100110000
1101001110101100
0000011111111110
1111011110010100
0010000011111101
1110100101101000
1111110111100001
1101110111000011
1110111010000111
1110010000101111
0000000110011000
1100101010000011
1110101000010110
1011110111000110
1110010111110001
1101001001000000
1110011001011001
1100100111011111
0000011011010011
1101100010110001
0000111000111011
1111001000111011
0010110110010101
1101110100100010
0000111010101010
1111010111011100
0010101001101010
1111100011110101
0010010111011000
1111111000110001
0000011101111100
1110000010110100
1111011111010110
1101110010000111
0000011110100000
1100000100101101
1110111000101110
1101110101100111
1110001101011111
1100000110101001
1101110001010011
1011110010110000
1110100110110111
1101000110001110
1111110110101101
1100110000011000
1111110111111000
1111000100000101
0000110101011110
0000011010010100
0010011010001010
1110001000000001
0001101101011110
1101110100011111
0001000100011011
1101001111010101
0010101000000101
1110100011010000
1111110111011011
1100111101111001
0000001110010001
1101000101101100
1111010100101010
1100000010100111
1101111111011100
1101010111111001
1111110100111100
1111010110100000
1111101111111011
1100101011011100
1111101101101100
1011111000101001
1111000111101000
1110010000001100
1111001100011010
1110110110000000
0001111111111110
1111000011010010
0001110100111000
1101100001001010
0010010000001100
1110111010001110
0001101010100010
1110110010100011
0000001111101110
1111100010001001
0000001001011010
1110100111101000
1111100110110100
1101000000010110
1110001010100001
1011011110010000
0000100100011011
1110110101101101
0010000001000010
0000000000101111
1110111010010001
1100011010101101
1110101101100011
1100100000110000
1111011000000000
1100111000111000
1111110111110010
1101000101001001
0010101110100010
1111011100100001
0000110010010010
1110001110101111
0000011100000000
1101101010001011
0001100110110000
1101101101000101
0000010111010000
1111010011101011
0000000110110001
1101110100001010
1111001100110010
1101101000001001
0000000011000100
1101100000001100
0001001001100101
0000011011100100
0011111011010010
1111110000011110
0000000110110010
1110110111010001
0000011010001111
1101010010011001
0000000000110011
1100010100111101
1110010000010111
1110011001110111
0010000111011100
1111010110000111
0000001000011001
1101100011001111
0010011011001011
1111010000011101
0001011111010001
0000001010110101
0000000110011011
1100010000110110
0001111011000011
1110101110000010
0000110011110101
1111010010000001
0001100001001110
1111011010100001
0001110001100001
0001111101100111
0100101000001111
0001100101011110
0000011101101100
1111010001001110
1111110000010001
1111001101101110
0000011011110101
1100100101011110
0001011100100001
1110100010100001
0010010010001111
1111111101101011
0000111011000000
1101111100010010
0001010011101111
1111000000011111
0001101011110000
1111001111111111
0001100100110011
1110101100110101
0000010011100001
1110011011100111
0000101110111100
1111101100010011
0000001010011111
0000010100100010
0010011001100010
0000011011010110
0011101111111000
1111110111000100
0001100001111111
0000100001001101
0000100111111001
1111101100111010
0001100110001110
1111100001101110
0000110001000111
1101001001111001
0000100010101110
1110000110011011
0000001000010001
1101011000001001
0010010001101110
1110111010100101
0001110110111001
1111011010101000
0001101100001100
1110010100111110
0000111010100001
1110110001100000
0000110010011000
1110000000110110
1111100111001000
1101101000110110
0000011001001100
0000100111100110
0011000000100110
0000101011110001
0001010010000001
1101101001111010
0001000010110000
1111100011100100
0000011000110010
1101110010110111
0001111100110111
1110001110000001
0000011010011000
1110001001001001
0001000111100100
1111101000010000
0001010101101010
1110101101110011
0000010001100100
1111010101100011
0001111101110110
1101001110010110
0000100001110011
1100011100111111
0000101110011110
1101111001010001
1110010010011111
1101100000101110
1111101000000111
1111100000101111
0010001000111100
1111011100110100
0001110111001011
1110011011100111
1111100000001000
1111011101000100
0010110100000000
1111110111100100
0010100111100110
1101011011100101
0001000111001011
1101101000111111
0001011001010111
1111001011010010
0001111100100011
1101011011001011
0001010011110000
1111110100010011
0000110011000111
1101110000010110
0000001100011111
1101001110001100
1101011111011101
1101101000101111
0000000111101110
1101001001000010
1111100100110000
0000000000110100
0001010001010100
1110101111000110
1111101101011001
1101010100010100
0001001001011100
1110111101100011
0000101001000100
1111110011001010
0001111100111111
0000001000111101
0001111001001000
1110101100101110
1111111011010011
1101101010010111
0001100010011011
1110100010100111
0000100001011110
1111100111001000
0001110000101110
1110011011111111
0000100000101000
1100111000000001
1110011011111101
1100000110011110
1110111100100100
1110101001111000
0001011111001110
0000001011010111
0001010000110100
1111000011010000
1111010111010101
1110101011100011
0001100000011010
1111011110111100
0010111010101010
0000010010000001
0010101110010011
1110100110111000
0010000001000111
1110000000001111
0001010111110101
1111001000111111
0000100111100001
1110011001010001
0000100001110100
1110011010000010
0001011011111011
1111100100100011
0000000100100001
1111001100100001
0001011110100101
1111010100000110
0001110000100101
0000001001110101
0010000101011111
1111111010110000
0010000000111101
1111011110001001
0001110010111011
0000110000000100
0001111011100000
0000001101101111
0010101011001101
1111001001110101
0000110000010011
1111110111111101
0000110110001111
1111001101111011
0010010101001000
1101011000111001
0010000110111010
1110101100100111
0000101101001101
1101110110000111
0001010001000000
1111100000010111
0010101010111001
0001011010101000
0011010110111111
0000101000010100
0100000101010111
0010010011101110
0010100110011101
0001110001100000
0000111010000101
1111101000000101
0010010110001000
1111010010110100
0011001111000111
0000110110010011
0001111111011100
0001010101001011
0010101010011001
1110001010001111
0011000111001111
1101101001100100
0000110001000111
1111010111011100
0010101101011011
1111011001001011
0000100011011111
1110101011110110
0010111100110001
1111101001101111
0010101111110010
0000001000001110
0010111011000101
0001011011001001
0100101111000001
0010110000100001
0010100001100001
0000110000010000
0010100000001010
0000010100100000
0001111010000010
1111111000011010
0011110001011100
0000011011110100
0010001000101100
1110111101011100
0001010001101100
1111000011001110
0010000110000010
1101001100111001
0001010110010101
1101111100001110
0010001010101010
1101101111000011
0010111001100001
1110100011110101
0000110001100100
1111111110010110
0001101010100010
1111110001100011
0010010100000010
0001001111000111
0010011110001100
1111111001010001
0010100010000110
0001001010100011
0001100011100110
1110111101010111
0010010110001001
0000111101101110
0010000111001110
1111111000111100
0010111101101011
1111111010111111
0001111010001000
1101100000111011
0001111101101000
1111101011100110
0001011100001110
1110101011100000
0000000001011011
1101010000010111
0000101011001011
1110010000000110
0010111010001101
1111101111110001
0001100101000010
1101111001111001
0001001111110010
1110000001111101
0000111111011011
1110101100100111
1111101111101000
1101111110100100
0001011111101011
1110011011001111
0001110100101111
1111101011010010
0001110001001111
1111010111100100
0010010110000000
1101011010100010
0010001010110001
1110010100110101
0001111111101000
1110011001100111
0001101000000101
1110011110110100
0001101110001000
1111110101011110
0000000011111111
1110100010010001
0000101101100101
1111110010001011
0001001011100000
1100111011101110
0000101001110011
1100110100011010
0000010000101110
1101000101001111
0000001000010000
1101111010101101
1111101001010111
1111101010101101
0000000101000000
1101111010011111
0001110110011011
1110010110101000
0000100111110110
1110101011011011
0001101110001100
1110101000100101
1111110111111000
1110101010001000
0010101000011110
1101100100111000
0000000100001011
1110101010000111
0001001001001001
1110010000101010
0001100011111001
1111001001111100
0001001001111001
1110000011010100
0001101110010011
1110100000110010
0001000011010110
1111000010011010
0000100111111000
1111010001101001
0000110111101011
1110100011100011
1111101101011110
1101001000110101
0000111110110000
1101111011101011
0001011000100001
1110010000110000
0001111011010100
1110110011110101
0001101110111101
1110001111100100
0001101110111101
1101111111111010
0000001110000100
1110100000010011
0001101000000001
1111101101100111
1111111111110111
1101000100111011
0001110100001100
1110001110100110
0000110101001000
1100110011111001
1111100101000000
1110111110110110
0000011111110010
1101100101010100
1110110011101001
1110001110101011
0000011100010011
1100110010001000
0001000111000001
1100111100000100
0001100011001001
1110110011010111
0000010111110101
1110001100111100
0001101111101100
1111100101110101
0010011001110110
1111001000111111
0010000110101000
1110101010010111
0000000011111010
1101101011000011
0000000001100000
1110010100010010
0010100011100011
1111110111001010
0001100100101101
1101111001100100
0001010100000111
1111100010000111
0001011010010101
1101100110110110
1111110000111111
1110101011000010
0000011001001101
1111011000010001
0001010001100000
1101011110001110
0010011001000111
1111000000110001
0001110101001100
1110000110011101
0001110010110101
1101011101111100
0000101011101100
1111001101001111
0000001001001001
1111101101110001
0001101001110011
1101110000001111
0001100111111000
1110010010001111
0001110001001010
1110010101100011
0000100101111100
1110011010110100
0001101111010011
1101110000101100
0000101001101110
1111011011010001
0010001010110110
1101011000110110
0010100100111101
1101101001010011
0000100111010000
1111100011100000
1111111110110100
1101101100111100
0010101110100110
1101011010110011
0000011101010111
1110001111010100
0001101000111000
1101101111110100
