0010010100100100
1111110000010000
0001101000101011
1101011001001110
0001111001100011
1110111010110001
0001011011011110
1111001011111101
0000000011010011
1111101101101110
0001011010011101
1110010111101110
0010000000110110
1111001000011111
0010010010010110
1101011100011101
0000010100101101
1101111110100110
0010010001011101
1101010001001001
0010101100010010
1101010101100110
0010101111100100
1101110010111110
0010100100110110
1101011110011101
0010101010011001
1110011101101011
0001010111001110
1101111000101001
0000001110101011
1111000111011011
0010010111001000
1110001000101010
0000101100001000
1110100010100001
0000001000000000
1101110110110101
0010001110100001
1111110001100011
0010011000000110
1111000111000110
0001110100101110
1110011010000100
0001110011000101
1110101100010011
0001010111011010
1101111001001000
0000011100000111
1111000011111000
0001111100010011
1111100100100110
0000101101011000
1110000010111111
0010101000011100
1111100000111111
0001101011010111
1101100000011001
0010000001010110
1111110001011011
0001110100011111
1101101111111000
0001000100101011
1110011111101110
0001001100011100
1110000011001110
1111110100011101
1110001110111001
0000111000100110
1101011011000000
0001010111010001
1110110100011100
1111111110110110
1110111110100101
0001111000000100
1101100001010100
0001100110101111
1110110010001011
0001001101011111
1101011011000011
0001110010011001
1111010111011010
0000001010101010
1101100000111011
0010100101100110
1101001100111010
0000001010111100
1110100001010110
0010011110010010
1101101011101111
0001011111111000
1110010101111011
0001100010101101
1111111100111110
0000000111101011
1111110101110101
0001111111001000
1111111010111101
0001100100000101
1111110000110110
0001111010010110
1111011011101110
0000011000001011
1100110111011001
0000100110000001
1111010000101100
0001101100010000
1111011000010110
0001011001001101
1111010000111100
0000000110101100
1111100111101100
0001011001110001
1111101110011111
0000000100001111
1110110010001001
0000001111111010
1111110001001111
0010110011101000
1101101111011101
0010110101001001
1111001000000110
0010011011110010
1111101000111010
0010101100001010
1111011101011000
0001101101011100
0000000001101111
0001001110101100
1111010010110101
0000011001111111
1111000110011110
1111110101110000
1101101000110110
0000000010111011
1100110111001011
0001101010010010
1111001101101110
0010010000001101
1111001100111111
0001010110111110
1101101000101001
0001001011111001
1101010001011100
0010111110101100
1111001110010010
0001111100100001
0000110001111011
0010101100101100
0000011111001101
0001011111001110
1111111110100110
0100001001100000
0000110000010100
0100100100111110
0010000100101101
0010100001101011
0001001010110000
0010101000000110
1110010011110010
1111110100101010
1110101011110111
1110100011100111
1011110111100101
0000000010110000
1101110001100011
0000111100110110
1110110111110000
0010001101000000
1111011111110001
0001111101000111
1111100101101111
0000101101110010
0000010111110001
0001111011100000
1101111010001101
0010010100011111
1110110101000110
0001000010110011
0000011000101101
0001000000001011
0001100101100100
0011101100000011
0000101100101111
0100000100100001
0000111101001111
0010101000100101
1101101101001110
0001001001011101
1110110001011111
1111101110111011
1101010000010111
1110010010111001
1101100010111000
0001111111100011
1101110100110110
0000001110000111
1111010110001110
0000011011101110
1110000001000000
0001111000000000
1110010001100011
0000101111011101
1110100100000110
0010010011011110
1111010010110000
0001001111001011
1110101001001110
0001000101010010
1111110010101010
0010010000001001
0001011110001000
0011011111010101
0001100000110010
0001000111111001
0000001011000001
0000011011100010
1110001110011110
0000101100010001
1100111010011001
1110101000111000
1101111111110011
0000011101001000
1101110100111010
0001110011001011
1111100001001001
0001011000001101
1110001111111101
0001101000111101
1110010111110000
0001010110011000
1100001111110011
0000110111010100
1101011010001011
1111101010001111
1101000101110000
1110101110011111
1101100101010001
0001100011111011
0010011100011010
0100000110011110
0001100100111101
0011011000011100
1111110101110010
0010000100100001
1111011110101000
0001011101011000
1100101101110100
1111001100100110
1100101000000111
0000111100011010
1110101111000110
0001101110100000
1101110101001000
0000011010000110
1111001100000010
0010101111101110
1101101001000010
0001100001110100
1101001110011110
1110100000000011
1011111110010011
1101011001111000
1011011011100101
1101111100001100
1101010100111111
0001101101100000
0010010101101111
0100000001100111
0001101011110111
0011110010010000
0000110111011000
0001001110111101
1110110100001010
0010001000101101
1110011010110110
1110110101010100
1100100111011110
0000100000111101
1111100101011100
0000100000111000
1101110111010011
0001011111111011
1101101001000101
0000101011011011
1100000110100001
1101111000011010
1100010001010101
1110000011101111
1011101000010111
1110111000000010
1011000111011100
1100110101100011
1011010010110101
0001010111110100
1110010001000101
0001100100101011
0000000000100110
0001111011010110
0000111111110000
0011010001110010
0001000100111110
0011000000111010
0000001000011011
1111111100110111
1100111101001011
0000001011011000
1110110110100010
0001110010110010
1110110001101011
0001011010100110
1101100011011111
1111001110100010
1101100001000101
1111011011101111
1011100101001000
1110110101111010
1011101000100100
1101110110001010
1011101110001111
1110000110111111
1011011110011101
1111001000110100
1101001010001101
0000110011100001
1110101111001101
0000111000001110
0000001000110011
0010110011000100
1111111100110000
0011100011000110
0000001100001001
0011001111100011
1101011100001010
0001000110110010
1111111001111010
0010001111010110
1110100001110111
0001000111101101
1110011100000101
0001011011011111
1100101111110100
1110011011110111
1101011001001010
1110100101100110
1100110011100010
1111101111010100
1110001000100000
1111100001111000
1100100111010010
1111001101000011
1101001011100110
0000001101001100
1100111111100100
0001010110100001
1101110101111010
0001101011011101
0000011100111101
0011011010011110
0000001011111100
0011010100001001
1101011100001000
0010000110001010
1101011001101100
0010000110000100
1111011110011100
0010100010101100
1110001001001000
0001001010011100
1110111010001111
0010000001000001
1110010110011011
0001010001111110
0000000011001011
0001010001110101
1101100111101101
1111110100111101
1110100000010001
1111101110111101
1011101001110001
1110110001111010
1110011101011011
1110010101111101
1110100101100101
0000111110010001
1101010101011101
0010010101110110
1110111101100010
0011001001110111
1101100001100101
0000011110100000
1101010010000100
0010000100110100
1101011011110101
0010011110011101
1110010001110100
0000011101011100
1110100101011111
0000110011001000
1111010000101100
0001110111000000
0000111110000010
0000110001111000
1111000000011000
0001001000110001
1110101110011101
1101111001001011
1100011010101011
1111101101010110
1101001000111100
1111010100110010
1111000000100111
0000100000011001
1110011111100100
0000111111000001
1110110110111001
0000011101011100
1111011101001000
0001000111111101
1111110011101000
0010101011000001
1110011110111000
0000001010101110
1110000001010010
0010001001010101
1111111000011111
0010001011000001
0000101011010011
0010111101010011
0000001111100111
1111111111011101
1111010011011001
1110111100110000
1011100101100110
1110011110111100
1011101101100000
0000001000001000
1101110010001100
0001011100001000
1101101100010011
0000000000011100
1110010101011101
0001001001110100
1110101110110100
0001010100001001
1101101010101010
0000101101110111
1110110110101101
0010010001011100
1110011000001100
0001011100110011
1110000001110111
0001110000101100
0001000011011010
0011011011100111
1111111111100111
0001010011011001
1111010100110101
1111100011111001
1110000010000111
0000101101111011
1011110000000100
1110011011100101
1101100011011010
1111100010101001
0000101000111100
0001110010110101
0000000101010101
1111010011001011
1101011010010001
0001100010111001
1110101100001111
0010001101111101
1111110000100100
0001000001111000
1111111010100100
0010001001101000
1110100101000010
0001011010110010
1110110111001010
0010011010000001
1111110101001111
0001111010100110
1111001001101010
0001011110110011
1110001010010010
0001110001001001
1101010100010000
0000000100100100
1101101000010101
1110000110010011
1110100100100011
0001001100010000
0000001110111100
0001101010010110
1110000110010000
0001011101101001
1111101010011000
0010100011101100
1110110100000111
0001110110101101
1110110101000011
0001011100001100
1111000011111001
0001100110010100
1101110100110001
0001010011111100
1111110101001110
0010100100110000
1111100001001011
0010110010100000
1110011111000100
0010100100110001
1111001110100001
0010100001110010
1111110010100111
1111101111011111
1101000110010100
0000110001000000
1110110000010011
0011001000001111
1111111110100010
0010111010101111
0000000000011010
0001010111001001
1111110110100111
0001110000011111
1101111110000011
0001011110110100
1111110011001000
0010000000101001
1111111100110011
0010000010110000
1111101010011010
0001001101001101
0000001000110011
0100001110111100
1110111000111011
0001011111001110
1110110011110000
0001110001111001
1111011010110101
0011000110110000
1111110101100001
0001111001100000
1111000011001110
0000100100110010
1110111001011011
0010011010101001
1111111101101000
0010001001001011
0000001010011111
0001010010100100
0000001100010000
0001110110101000
1111011001101001
0010011001010100
1110110111110010
0001001101101100
1101011011001011
0010000101011110
1111111101101100
0010110011110111
1111010100000011
0001101110000110
1111011010000100
0001001011110110
1111001111010000
0001011001111000
0000010011010001
0001111000100101
1110011001111000
0011000110001111
1110000011001000
0010000000111111
1111010101111010
0001111101101000
1111011111011011
0011001110010001
1111110001001001
0001000111100001
0000001011110001
0001010101010101
1111100111111000
0001110011111101
1110111100011101
0001111111100011
1101010111011001
0000001010000100
1111111011111011
0010100000110001
1110010101010000
0001101000010000
1110011111100011
0000111111010011
1111100000010000
0001000111001101
0000011010101010
0001011100001001
1110110101110010
0000010110110101
1101101001010100
0000001100011000
1110100001110100
0000110101111101
0000000110001011
0000001011000001
1110010111111001
0011001000000000
1110001100110111
0000101100111010
1101111100011011
0000101111000111
1111011101110111
0000110010100001
1110101110100010
0010010010000001
1101011011110010
0001001100001111
1101111101011111
0011001011111110
1111101101101110
0010001110000000
1110100010100000
0001110001101001
1111000101011000
0001001101011111
1111100100101010
0010110001001110
1110110011010000
0001001011001011
1110100001010111
0001001111101111
1110010110111010
0001100110111011
1111101011000110
0000110110101011
0000001010000001
0010100010111010
0000001101010110
0000011011001100
1101111010100010
0000000100100001
1111100000011101
0000001110010001
1111010001111001
0001110111001011
1101111110001000
0001001010100101
0000001111011100
0010001111110011
0000001000010001
0010001100101001
0000000010011000
0010000111101100
1111111000101110
0001110011110101
1111100011001001
0001011100110101
1110011011000011
0000001100111111
1110010000110000
0000111001010101
1110011111000011
0001100000000011
1101101110011100
0001011101111000
1101110111010110
0010101010110111
1111011011000000
0010010110000001
1111111000110001
0000000011001101
1101100111011010
0000101001001011
1111110101111011
0000101000011000
1101101101010101
0010010010010110
1110111001111111
0010100010110000
1110011010110000
0001011010101100
1111111110000010
0000111000010010
1110110111001100
0000111111010000
1101100110000000
0000011011000001
1110100100100111
0010000110111001
1110110111111001
0000110101000110
1101011010001100
0001101001001110
1111110011100101
0001101011001111
1111101100101011
0010011001110010
1110100010110110
0000111101011011
1110000110001101
0001100100101010
1110111010010111
0001010110100001
1101100000011010
0000101001010110
1101100000010101
0000110100010111
1101101111000001
0001011000000111
1101011111011101
1111010000111011
1101110010010111
0000010111001101
1101011010000110
0000111001001100
1110001001001001
0010000100100000
1110001000001001
0000100111001111
1101001110010100
0010000101111010
1101100011110101
0010001001101010
1110110001111000
0010100101110100
1110111111011101
0001100101100110
1101111001010101
0010011101101101
1101011101000001
0001001101001010
1110101111010100
0000101011000101
1101001100001011
0000010010000100
1101011110001101
0001000110111001
1101000110011010
1111110011001100
1101101010010011
0000000001001110
1101110111111111
0001010011010100
1100011111010111
0001110000000000
1101111100011011
0000010101100001
1101110100101010
0000011101100101
1110101000110010
0010000001110110
1101010010011100
0000111011111011
1110100111001000
0001001011010110
1111010100010101
0010011001011011
1101001111000100
0010110010010111
1101111100000101
0010100000100100
1110110011001011
0000011111001011
1111100001101010
0001000100110011
1110111000001001
0010011110001011
1101000100100100
0000100000001100
1111101000111100
0001010011000010
1110010010010110
0001001100110111
1110111100011101
0001100010110000
1111010010000010
1111111111010101
1101111110110101
0000000100000011
1111100010011110
0000100011101010
1101111010000111
