0010010100000011
1110100000011110
0001100111011110
1101010010000011
0000011001011010
1111101100001000
0000000011110001
1110001100011000
0010101010010010
1111011000100010
0010010100111000
1111010110101100
0001110001001001
1111101101011000
0000000010111010
1111001001000111
0001110110000100
1101010111010111
0001000100011100
1111101000110111
0000000110001011
1111110110101010
0010001011101101
1111101110101100
0000001100010100
1111000010110111
0010010101101001
1110111100010101
0000011111111100
1110101010111000
0001010010100011
1111111111001110
0000000001011101
1111111001001100
0010101110110000
1111100101011011
0000011010111110
1101001101111000
0010010011001011
1111110010111000
0000101101011010
1110010010110101
0001000000101011
1101101100100100
0010000101101111
1111000100100110
0000011100111101
1110111011100110
0000110100011111
1110100000000100
0001011101000011
1111000110100000
0001101001011001
1111001010101101
0001001010111010
1110001010010011
0001110010011100
1111010010101010
0000000110001011
1101101101101001
0010000010100000
1110101000101111
0010010100111110
1110000000000110
0001100011010001
1101111100000100
0010101101100001
1110100001001001
0010110011100101
1110110110111110
0010111101011011
0000101000001000
0001011000000100
0000000100100101
0010110001011110
0000001000111010
0001011101000001
0000000000001001
0001001011110111
1101110111100111
0001011110101110
1101010110101010
0000001011101011
1111100111111001
0000101011001011
1110101001011011
0010001101110011
1101100001100001
0010000011010110
1101110000000010
0001111111010110
1110110000011111
0000111000110010
1110100101110111
0000111010111011
1110010001011101
0001101111101100
0000101010011000
0010100000100111
0000100110001011
0010110111000100
1111111001100101
0000101110111000
1111110000110011
0001000101100110
1101000101011000
1111111110010011
1101010111000011
0010101101011101
1110011111010001
0001101111010000
1110100001010011
0001010110001011
1110000011101101
0001110110101011
1101111101010110
0000011011001010
1110101001001010
0001101111010000
1101010011010111
0000100011000111
1111001101110110
0001010001001010
1110110101110001
0010110000100111
1111101110111001
0011000111011111
0001001111110011
0011011000000100
1110011110110011
0000111000010100
1110110011001011
0000100101110000
1111000110110000
0001001111110111
1101100010011111
0000100111111101
1110010010111110
0001110000000110
1111001001011000
0000011011110101
1111010011011101
0010010101011111
1110001100010001
0010100100000100
1110100100010000
0000101011000101
1111001111110101
0010010101111000
1101101011110000
0001000101101001
0000011001100101
0001010010000001
0000010100010100
0011101110001010
0001110010100011
0100001111111111
0000011010010111
0001010111011011
1111000101001001
0001000101000000
1111000101111110
1111111000110101
1101101001010101
0001100000101010
1110101110011110
0001000110111110
1111101011111100
0000100101000010
1101011000001101
0001001100001110
1110111111000001
0000100011000000
1111011001001100
0010111101011110
0000000000010101
0010100100011110
1111101101110010
0010010000100011
1111011111111101
0001010001111111
1110100100011100
0001011001100101
1110011001100101
0001101100101111
1110100110100101
0000101110000011
1111000111011110
0000111101011110
1111011010100011
0001000110111000
1110101000001010
0000101000111011
1111111011000010
0011000000110100
1111110011101010
0010110011001110
1111010111100111
0000100011001110
1111011101100011
0000111001111111
1111010100010001
0010110100011111
0000010110111110
0011011110100001
1111110100111101
0010011100011010
1111000001010100
0001011110110110
1101101100000011
0000010100000011
1110111110000101
0000000111100010
1111000101011110
0001100101010010
1111100100100110
0011010001011011
0000010100111010
0001110000001111
0000101111101110
0001100101011001
1110111111011100
0001100000010101
1110011110101001
0000010111101001
1111010011001111
0010000111010001
1111111101010011
0010011010111111
1111100000011110
0010101000100110
0000000101000110
0011001111000111
1111101010011100
0010001110000111
0001001001111111
0001001001111011
1110110010100011
0010111100110010
0000111101111010
0001011101101000
0000001101111111
0010011000001000
1111101010101001
0001111100100100
1111101100101111
0001011100111011
0000111011101110
0011110111111000
0000011111011010
0001111011001110
1111100010110101
0000010101111101
1101101010010110
0010100111101100
1111110101001101
0001101100110101
0000001110000110
0010011111111010
1111101001010101
0001001100101000
0000011011101011
0010110010100111
1111001101101000
0010001011010010
0000110011101101
0010100000010110
0001101011011000
0011011100111100
0000010000101011
0001100001100011
0000000001100110
0001000001011110
0000011001100111
0010100010010101
1111101100100011
0011101000011110
1111100110101101
0001010001111101
1110110000010010
0010101011001000
1101111101111110
0010010011011101
0000011000000100
0010110011111010
0000001110001001
0010010010110000
1110000010111010
0010110111101001
0000110100111001
0010101111010101
1111001111110100
0010000010000100
0000101100110111
0010010011110110
0001000000000101
0000101011110100
1111110011010001
0000010111000011
1110111100100001
0000101000101100
1110100101110101
0010101011101001
0000000000011001
0100000100001100
0000111010010001
0001100101000011
1110111110001110
0001110000001101
1110011111110111
0010110110010001
1111001010110010
0010001011010101
1111011100101011
0001010100001111
1111010010001010
0000101010000101
1110001111011000
0010000010110010
1101000110100010
0001000000011000
0000110000101110
0001101001100100
1110110110101000
1111011011000110
1101111100110001
1110100111110000
1101101110000000
0000001001001100
1110011100100000
0000010101001011
1110001110011101
0011101110011000
1111001010001100
0001110001010001
1110001001000111
0010001010001110
1101111110000111
0000011001011101
1111100001010110
0001000110100100
1101100110110110
0000011100011110
1101000001110010
1111110010000010
1110010000010111
0000011011100011
1110100011011110
0000000111001010
1101000101001100
1110101101011000
1101010111101110
1101110110000110
1100001100011111
1110100001001000
1100011110001100
1110111111011111
1110100011010111
0010011011111001
1110101111111011
0010010010010001
1110011001001011
0001110111111100
1111010101010011
0001011101011011
1111111101010111
0010111010110011
1111100011001001
0001100010010101
1100010001111111
1111100001001111
1101011111100100
0000010001111000
1101010011001101
1110000000110001
1101111101100111
1101010000110000
1100000010001110
1111001001011011
1100010110100000
1110110011100111
1101000110100011
1111001110001001
1110011110001101
1110100101111010
1100010110110010
0001111001111000
0000001100010011
0011001101101011
1110100101110110
0010100111111100
1111101100110111
0001010101010101
1110100111000101
0001001111011100
1101010101001011
0000100100001011
1101100011101010
1110001101100111
1100011100101011
1110101110101101
1101001001101101
1111110001011110
1101110000100010
1110111010000011
1100100110011010
1111011011001010
1101011000000111
1111001101110100
1101001001110101
1101100001100110
1101111000011101
1111101011101110
1100100010010110
0000110100010111
1111000011001110
0001000100001100
1111000110000110
0010001000110100
1111100111010100
0000000010100011
1110001000010000
0000110100100100
1110100111010110
1111010101001110
1011111110011010
1101111111101010
1011100011110000
1111010011101000
1101010010101110
1111001000100111
1101111011111101
0000001111100110
1101101011000100
0000100001010110
1110111111000001
1110001100000110
1100001111111010
1111011111000111
1101010100100001
1111001100011000
1110100101101111
0010010001101111
1110110110010110
0010011100010010
1111011111011010
0000011000011101
1111001110100100
0001101000000100
1101011111100101
0001010001001011
1110011010000000
0000101110011110
1100011010000110
1101111010110000
1100001000000100
1110011001110101
1101111111101101
0001100111001010
1101110001010010
0000110010100110
1110101001001010
1111101001011001
1101010010101101
1101100011100011
1101101011011101
1110000011110001
1101110100010110
1111110110100000
1110110010110111
0010011000011011
1110101101000101
0001000101001000
1110010110100001
0000010110000100
1111000001010011
0010010001110100
1111010010011100
0001101111111010
1110111010011011
0000001110001101
1110110011011001
0001011001011100
1100101010001100
0000110101111111
1111000110011101
0000101011101100
1101011001111001
0001111101111001
1100111111111100
1101111000111111
1011001111010111
1111000000100110
1110000101011001
1110100100001000
1110101100111101
0000100001000011
1111001000110000
0010000101100011
1110001100010001
0010000000111001
1111001100111110
0001000000101110
1111010111111110
0010010111010110
1110101010110000
0001101001100111
1110010110100110
0010011110101000
1111110100010000
0000100100111010
1101110111110001
0000100111000110
0000000011010100
0001000111110101
1101101000000111
0000100001101001
1110010111110101
0000000010001000
1011111111100101
0000110110000010
0000000011001101
0001010101000100
0000000100001101
0010100011101101
1110111111101011
0010101011101001
1101110100010110
0000110110101110
1111101001001011
0010001010101010
1111110100110001
0000111111101011
1111101001101010
0000110110101010
1111101010010110
0010100100001101
1110110101001001
0011111110010110
0000111110110110
0010000000100110
1111011100110100
0001100111001000
0001001000010100
0010110011101001
1110100000011110
1111000101010001
1111010110010000
0001001001110010
1111010010100110
0010100110110100
1111111000001101
0010000101100001
1111111110110100
0001011000010111
1110110000100111
0001010100001001
1110001000110001
0001110101110110
1101111111101110
0010000110110010
1110110111101111
0010001101011100
1111111110100000
0010011010010001
0001001111110101
0011000000101101
0011000101101100
0100110100111010
0010101000011110
0100010101011010
0001110000000001
0011001110100000
0000110101110001
0001000100111110
0001001011000000
0000011001100000
0000011000111110
0001111000111010
0001101101111100
0011001111011100
1111100101001110
0001111001100110
1111110110110101
0001011111111000
1111011110010010
0000001010101011
1101010110100111
0010010101011001
1110000110011011
0001110111010101
1110100010001011
0001001011011010
0000010001010101
0100000010011011
0001100110010101
0011111011010010
0011000011001010
0100101000001010
0011100011110010
0100011111101010
0011011000011111
0010111100010100
0001010101110111
0010111010111101
0000100011111101
0010010110001010
0001010011000011
0100001111000111
0000011101101101
0011000000111001
0000001111111001
0000101100101000
1101011111010001
0001011001010100
1101101010110101
0000001000111101
1110100011001000
0010001011010001
1101100111110111
0001000001010001
1111100001110111
0010011111010001
0000110010001010
0011100010110100
0000110110111100
0011010010001000
0001111111001010
0010111001001111
0000101110001010
0011010011001010
0000101111100011
0011000100101011
0000101011101000
0010101101110001
1111000110011110
0010111100100011
1110000010001110
0000110011000000
1110101001001000
0000010111111011
1101101011101101
0001111000000110
1110011110011110
0001110111000101
1111101000110100
0001000011100011
1110000101001110
0010001000000010
1111011111001101
0010110001100111
1110011110011110
0001100111001001
0000101110100100
0001001000111000
0000111100010111
0010101110000101
0010100001000011
0100001101100011
0001110110101001
0010100111010101
0000101101010111
0011001101110000
1111101000111110
0010011011111101
1111101011001000
0000011110001001
1110101110100010
0000010110101100
1111010001101011
0010110010111010
1110111010100111
0000001001100100
1110001011110100
0010100110111011
1101111111110011
0001110111101111
1110110110100111
0000111000101100
1110010111100111
0000010000111110
1111110110110100
0000110011100011
0000010101010000
0010001100000000
0001000010101101
0011000000011110
0001101000010010
0010010101001110
0000001001000111
0001110011001010
1111111010100011
1111110101100000
1110011101100000
0001001101100101
1101101001010110
0010000010101111
1110000010110100
0000110100100001
1101011101111111
0010101000101100
1111001001111000
0000110100001011
1101001110001101
0010100011001110
1111000100111000
0001011010100000
1101110001110111
0000011000001110
1111111111001100
0000111111001010
1110011100011101
0010000111000011
0000101110011000
0001011100100000
0000001100110100
0010101000000101
1110101111001110
0000111010001100
1110101011011011
0010001010011000
1110100110110111
0000100010011000
1101000101110000
0010000101100101
1101110101010110
0010010001010011
1110100010010111
0001010010101110
1111101011011110
0001001100011101
1110110111110000
0001001001101011
1101110001001100
0000110111001010
1110111111001101
0010011100101000
1111110100000110
0000110010010111
1111110000110110
0001111010001011
0000010100110101
0001101111000110
1111110000111110
0010110111001101
1111111100100000
0010010000011001
1110110111111011
0000001011011100
1110111010011001
0001111011011100
1111110100001101
0001110001011000
1101010010010110
0000000111100000
1110110111010000
0010000101000111
1101100111001101
0010100110011001
1111011011010111
0010101101010101
1111000000011000
0001101101011010
1110111100001010
0000001111111000
0000000011110111
0010010000110100
0000010000000001
0000101000101100
1101111110100001
0001101001101010
1111010001111101
0000101110010111
1101110011100001
0010100010111100
1110000101110111
0001011110011001
1110100101101000
0000101110001000
1110011100110000
0010010001110010
1101010011110110
0001101110101000
1110110000000011
