0010010101000011
1110001001111111
0001010111001100
1101011001111100
0001101000001111
1101101001111111
0000010010111000
1110110011010100
0010000001110010
1111001000110010
0001001111000111
1111000000110110
0010010111001001
1110110010101111
0000011000011100
1101001101111110
0000000101110011
1110001000000111
0000110010101101
1110101000111111
0000100000010010
1111000000101011
0010001101111101
1101010111111010
0010001000110011
1111110001011011
0001000100110111
1111101010000111
0001001001001001
1110100101100111
0010100110000110
1111010101000001
0000011101001110
1110110101111011
0000011101110110
1101111010100100
0000101100111010
1111001111010011
0000011110110101
1101010001010001
0001100111110111
1110010010000011
0000111100001010
1110110011110111
0000000111100101
1110101011001000
0001001010100111
1111110010000100
0000010111101011
1110000010100001
0001100100111001
1111000111111110
0000001001100010
1111000000010101
0000101100111011
1101101101101011
0001001110010001
1110001110001110
0010101000001110
1101101000100111
0000011000111101
1101100100111001
0000001111001100
1111001001110011
0000110001111101
1111010010001001
0000000110010000
1110011111111101
0001011000110010
1111010111000110
0001011000101110
1111101000010011
0010001101010111
1101011011001111
0001010111000110
1101011110101001
0000110010101011
1101010101100001
0010101010001100
1110110011010100
0001110011001110
1110100010110100
0010000100100111
1110000011001110
0010011100110111
1101001110011110
0001011101110010
1111001001111110
0001110000011100
1110101110000010
0000011100010001
1101110011001101
0000101111011111
1111001110111111
1111111110111010
1110000110111111
0001011101010000
1111110110110101
0000101001001111
0000001000101100
0001000010001101
1110010100000010
0000011011100110
1111110111110100
0001100000000001
1110100000110000
0000001101010111
1101111011001000
0001101100010100
1111111111010000
0000100000110111
1111010110011110
0001011101111101
1101011010100101
0010100111101010
1110111010000000
0010100111110000
1110110011101001
0001111010111100
1110011011010101
0010001001000001
1101001010000011
0000011010000001
1111001100011100
1111101101101100
1110110001101010
0001101110111001
1110011001001101
0000111100000101
1101001011001111
0001110000001100
1110001001101110
0001100101011111
1110100011011101
0010101101000001
1111101110101100
0000110111101100
1111110111001011
0010001010000110
1101010001000100
0000000111011100
1101010011110000
0000100110011110
1110011010000101
0010010110101100
1111100001110000
0010010011011010
1101100111001011
0001000110100101
1101110100001011
1111111001000001
1110010000110010
0001001111001011
1101010011001111
0000100010100011
1100110011001110
1101101101011000
1101100101100000
1111011001111111
1110001101001110
0001000001111110
1101110110111011
0000010010000100
1100010011011000
0000111000101011
1110111001001110
0010110001101000
1101001100101000
0000111110110010
1101110101101100
0010101100110010
1110111010111010
0001111010011100
1110111110111000
0001001011100111
1101001000111110
0000011110000001
1101011101110101
0001001011110000
1110111101110001
0010110111000011
1111011111101110
0010000001101110
0001000100100000
0001111000100011
0000010101110010
0001111110001001
1111110110011001
0001011011110011
1111110000001110
0001100101111001
1011111001011000
0001011110100000
1111000111010101
0010100100011110
1110011110001000
0001100010110111
1101100011000010
0001100101010110
1101100100101000
0001110101011000
1101111011101111
1111000001110011
1100101101111001
0001000000011100
1111000011010101
0010101110010010
1110010011111010
0010100000100110
0001111000000011
0100001010100111
0010000100011001
0011001011100110
0000111010001010
0011010010101010
1111111100100101
0000100011001011
1110011111110001
0010101000101111
1101010101000101
0001110001000110
1101011010010000
0001110101101110
1101111111010100
0000010111111110
1110100011001100
0000110100110001
1110011011100011
0001011010100111
1101010010010010
0000101110001001
1111010111010010
0000101100111110
1101101100011111
0001000110010111
0000101010011100
0001010110101000
0000110110000101
0001110111100111
0001010000000100
0011111101011101
1111010010111010
0001011000010000
0000110110000110
0000101010000000
0000100111101110
0010000100010000
1111001010100011
0001111111111000
1110011110001010
0000010011000110
1110100110110001
0001010010000100
1101111110001101
0000110000010000
1110110101001101
0001001100111100
1110101100100110
0000110011100001
1101111111111110
0000110001100001
1101111100111011
0010011011101000
1110000100010110
0010001110100011
0000110000000101
0100010011111000
1111110101110001
0010101110110110
0000001010010010
0001011001111000
0000000111101110
0010011111010001
1111111111010001
0001011100111000
1110011101010101
0001010101100111
1111111100000011
0000011111001001
1101001111110011
0001101000101010
1111011010000101
0001100000000001
0000010000011100
0011011101000010
1110111111011010
0010000111000100
1111010111111000
0000101011111100
1110010001101010
0001011000011100
1101011001101111
0001101100101110
0000111010000010
0011011111001001
0001101011001001
0010101111110100
1110011100011101
0010111011100110
0001000101001100
0011010000011011
0000100100011010
0011000111001001
0000010111011001
0010110001110000
1111100111100001
0010101010000101
1111101101000010
0000101100101010
1111110111011110
0000011010000111
1110001000011011
0001111001111111
1111101010000010
0010101101111001
0000000010111101
0001111111101010
1110100011111010
0000011000011010
1101010010000110
0000100110011101
0001011010001101
0100000110110001
0010000100010011
0010001001001000
1111101100011111
0011001001110011
0000100001111110
0010001101101010
0001110100011011
0001010101101111
1110110110011111
0010001101011101
1101111001011111
0010001011101100
1110100110100001
0000011010000010
1110001000001000
0001110101010010
1111011000110010
0011000010001100
1111000111110101
0001100110000001
1110100110100010
0001011010011111
1111100111011000
1111011111010000
1100100100100101
1111101010111001
0000010010011111
0011100000110111
0001011110000000
0000100001011100
1111011111010100
0001010110011011
0000101101100110
0001100001010000
1110010010001111
0010000111010111
1110110100010010
0010100110000111
1101100011110011
0010011101000001
1110001100011111
0010010010101110
1110001101110010
0000100011001010
1101101100101011
0001100110111111
1110010001001011
0001011100101111
1111011110011010
0001011110111011
1110101111010010
1101111110011011
1011110101111011
0000010000111101
0001010001100100
0100000000100001
0001000101110001
0010100001001010
1110011001100000
0001001011110101
1101110110011100
0001101001101111
1110010111100011
0001101100100100
1100001011101011
0000010000111111
1110001111110110
0000100100001101
1110111111100101
0001011110010011
1111100011110001
0000001001101011
1111010010100110
0010111110100110
1111100000000011
1111111110000111
1110011101000111
0001011000100011
1110000110101100
1110000110010100
1011110110111011
1110010101001000
0000100011100111
0010110100100000
1111111100010101
0000101010100101
1110010100101111
0000010110111010
1111110111001111
0000010101100011
1110110000010000
1110110001010100
1100101000010011
0001101111000101
1101010000011100
0001101110110011
1110111100010010
0001011101100010
1101010101101110
0010000111100110
0000000010001111
0000110101001001
1101000111111011
1111111010001000
1100010001101010
0000011001001011
1101011110111100
1110010110100011
1100100100010011
1111101001110010
1111010101011101
0000101001111001
1111001011110001
0000001000001010
1110111011010010
0001001110010101
1101110100010101
1111110000110000
1101110111110100
0000110000010010
1101101110000000
1111011000101100
1101010001011111
0010001100001110
1111001110000011
0010001100110110
1110100000101010
0001111000100000
1111010011010001
0001100111110111
1110100101000101
1111110101010111
1101101110011010
1111011111001010
1101100011110011
0000101011100010
1111001100100110
0000111011010101
1101100011011001
0000010000111110
1101000100011111
0001001000101000
0000101101101111
0001011000011100
1111000010111001
0001000111001110
1101001000110100
0000011101001110
1100101000110110
0000110000110100
1101110101010001
0001100110100101
1111110111100001
0001011001101011
1110101010000100
0000111110111001
1111100000000001
0000000011001000
1100111100001011
0000011111000011
1110101010011011
0001001011100101
1101100111110110
0000011101110000
1110100110001100
0001100010100110
1101011100001111
1111111101000111
1110001001000110
1111110010001101
1111011111110100
0010101000101011
0000100101110011
0001011011000010
1110000100010100
1110101000100110
1011100111101011
1111110111110110
1101000110001010
0001001100110100
1111011011011000
0001010111110001
1111101110110110
0000110110100110
1101100000001000
0001110000101111
1110000001000000
1111011111110110
1101011111001100
0001010000001110
1110100001101001
0000010101011011
1101100011100000
0000110101100010
1110000101001110
1110111001100110
1101101011111110
0010000000010010
1101111100101000
0001111111100000
0001101100110100
0001010001100001
1101101101001110
1110010010000101
1011110011010111
1110010001010010
1110101000101000
0001011011010101
1110011111100100
0000100011100101
1111111111010110
0010011000100100
1110101000100101
0000110111011110
1101001001101111
0001000000110010
1101011100100111
0000011001101010
1101101111000010
1110111110100110
1101010101011001
1111010111001110
1100111001100100
0000001010001001
1101000111100001
0000001100100111
1111101001100101
0000110100110001
1111011001010010
0000001000010100
1101000000111111
1111110011000011
1100010001101011
1111010101110001
1111010101011110
0010010011101001
1110010010110000
0000111101110010
1110110110101101
0000101000101101
1111001000000101
0001110001010011
1110001011110101
0001001101101100
1110100001001011
0001101101000010
1100011011101111
1110101111101111
1011111111111100
1110101011111100
1100001111011001
1110000000111000
1101001000100010
1110000001001110
1111001111011111
0000001011000110
1101011111011111
0000110101101011
1101001001101010
1110110111000111
1011110010111000
1110111100001110
1110111111110000
0010000101011010
1101101111111111
0000100110010111
1110001010111000
0001010010000011
1110111111100001
0000111001111100
1111100010010010
0001001001010100
1111001111111010
0000111100101011
1110111001111101
1110100100101101
1100110011110101
1110011010010011
1101000111011011
1111111111000111
1110100001100010
1110100000010010
1100101100001001
1111110101000111
1101101110110011
1111011000111000
1110100100100010
0000011001111000
1011111010111111
0000011100110011
1111010001000111
0000101110011000
1101110100101000
0001001000101000
1111110100110100
0001101000100001
1110011011001011
0010101101111010
1110011011110011
0001111011100010
1111001110000011
0010001111100101
1111101100111110
0000101110110110
1101011010011101
0001101000110110
1111000010100011
0000000000000100
1110011101100011
0001111101110011
1100001100111010
0001000010010110
1100011111011110
0001000001000001
1100101110110010
1111001011110010
1110110010000000
0001101000011100
1101010000101001
0010001111100101
1111100010011011
0000010111011101
1111101110101100
0010100110111110
1110100111011100
0000100110101000
1111011101100111
0001110110101010
1111010000100010
0010011011011011
0000001101001101
0010010000100000
0000101000100010
0010011110001011
0000110110110010
0001100111001110
1111101011001001
0001001011010100
1110010001010000
1110101101010100
1101101100011001
1111011111010000
1101000011001101
0001011000110101
1101011101110100
0001110000111001
1110001001010101
0000000101000101
1111001000101000
0001010111010001
1101100111101011
0001010101010101
1110010010011100
0010110100010001
1111100000000110
0001010101011100
0000110111100101
0011110010000010
0000110110011111
0011010000111100
0000011010001111
0011011010001010
1111111111100011
0011000010110110
0000010010110010
0011000001110011
1111110100011000
0001110000001110
1111011010111011
0010100111000000
1111100001101001
0010111111111101
1101101000000101
0001010010111001
1111000001100001
0010011110000111
1111100110100010
0010011000110010
1101011001101111
0001010000110110
1111000011001011
0010010010010000
1101110011011011
0011001101001011
1111001110101000
0010110010011101
0001111011010100
0011111110010000
0001011101100110
0011100010000101
0000010000001101
0011101011111101
0001010100011001
0010110110011000
0010000110101010
0011000010011000
0001011000110000
0100000000110100
1111011000100100
0010010001111001
1110011101011000
0000111100101010
1111000111011011
0001101011011010
1101101000000001
0001100111000000
1110100001101001
0010110001011101
1110110011011011
0001010011111110
1110110110101110
0010011000000010
1111111101011000
0001111110000101
1111001011110011
0011111010000010
1111101010101100
0100000100101111
1111101101100001
0100000101110001
0000110000000000
0010111001100010
1111100011011110
0010001011101001
0000101000011011
0000101111000100
1110110111000101
0001000100011000
1101110000010001
0001001100101110
1101110000011001
0001011101001110
1101110110110111
0000010000110001
1111100101010110
0001101101111011
1110001000001111
0001111001000001
1110010011110101
0000010100010011
1111101011111100
0000010011010010
1101110000000111
0001000101000111
1110111100000011
0001110110100001
1111011100110001
0000110000010000
1110111100100111
0000011100100110
1111111110001001
0010001010000010
1110001101010101
0010011100011101
1101010111010001
0010010100010100
1101101011111111
0001110001101101
1111101110110100
0001111101011100
1111110100000110
