0001011001111100
1111110100010010
0010000100000101
1101100010101001
0000100001011101
1101010000000001
0010100010000010
1110101000101101
0000011111011010
1101101110011001
0010001010011111
1110101000011010
0010100010100000
1101100100110111
0010100000110111
1111111001010110
0010000111000010
1111101100001110
0001111010001111
1111000001000000
0001001111111100
1111110000111011
0010001000000101
1110000101010011
0010001101010001
1111010011010010
0001010000110110
1110011100000000
0010100111010111
1110110010000101
0001100001010011
1110110001111010
0001011001101001
1111001101110100
0000111000010000
1110000100111100
0000101111010001
1111011001010101
0000100000111000
1110110011011110
0000000110011110
1101010111110101
0010100100010010
1101010101010110
0010001101010011
1101101011100111
0010101110110100
1110011010011101
0010100111100000
1110001010100001
0010100100101100
1110111011111010
0010000100100111
1110000110100010
0000001011101010
1110100001010101
0010100110001100
1110100011100001
0000001111011110
1101100101101010
0010101010011010
1110001111001111
0000110101001110
1110101111011001
0010100111000011
1110011010111101
0000100110101011
1111110010000110
0010011011001111
1111010100110100
0001110100010100
1101110000110011
0000111000110011
1110101010001101
0010010100001010
1111111100101010
0001001001101101
1101111110001110
0001110110011010
1111001011011001
0001001100001100
1110011011111111
0001111000101010
1111100010010001
0000101010001111
1101111011101100
0001111100001001
1111100010100001
0000101101100100
1101110011010110
0000000000101010
1111011110011100
0001001010000010
1111000111001111
0010000100110011
1111100011110010
0010110101000110
1110011000011101
0001110011100000
1110001100000011
0000000001000001
1111101110010110
0001011100010000
1111001110010011
0001110010011010
1110101011011100
0001010010100010
1101001111111000
0000100100100111
1111110101111110
0000110100111100
1110010010000111
0001110001111000
1101010100000011
0010001011010110
1101101000010001
0001111101101000
1110101101111110
0000001000001111
1101011001010101
0000011110110011
1111110111001010
0000011110101110
1110000100110110
0000110010101100
1101010000000111
0001110000010010
1101110100111110
0000000111001010
1101110001011010
0000000000011100
1111001100110111
0010000111001100
1111000100110101
0000100100010001
1111100101101010
0000100100110100
1110101000001100
0000101011100001
1111001101111001
0001101011001101
1110101000101110
0010100011010001
1111011011100000
0001010001000111
1110000000010011
0000000010110010
1111010011010101
1111111001000111
1111011110001111
1111110010101110
1110001101001010
1111100000110101
1110001010010111
1111000000001111
1101101111101111
1111101110010110
1111001001010100
0001111000100011
1110111001100101
0001100110111001
1110000100011100
0001001011100110
1111111100100001
0010000010011100
1110101001110000
0000111001111011
1101111001100001
0010110010101100
1110100010100110
0000001100010010
1110011010100111
1111110000111101
1100101011001010
0001001010111110
1110000100001101
0001000110101100
1100111101001011
0001000110001101
1101101011011111
0000011001001101
1110011101010011
0001001111011100
1111011011111001
0001101011110110
1111001010010100
0001101100101100
1111100000111001
0000110101000101
1101101101100101
0001110000000010
1100111011111000
0001101010100110
1111010100110011
1111110101010110
1110111111111100
0001100011110011
1110111010000101
0000010100010000
1110010011011010
0001101100011001
1110000111001110
1111000011011100
1100111010001100
1111011111001011
1100111001110101
1111111111000001
1101111010101011
0010101011001110
1110000111101000
0010011100100000
1110001111100010
0010000110011110
1101111010111110
0000100000110010
1110010111110000
1111011011011000
1110110010010001
1111100110111010
1100110011101001
0001101000011110
1110101110100111
0001011111100100
1110011010000101
0001001000000011
1110000011000111
0010011101110101
1100110111110000
1110111101010000
1101110110011110
1111110100011100
1100000001010101
1111100010011110
1101010000010111
0001000010011100
1101101001000010
0001010001000100
1110111011100110
1111110001111101
1110011011101101
0000110100001001
1101101001110110
0010000010101101
1101111101010010
0001010001101001
1101011100010100
1111010000100110
1101111100101101
1111010101100011
1111010101110001
0010000011111011
1101100011101100
0001000011101001
1110100111111001
0001000000101100
1101001100001001
1111000010101001
1101011100000101
0000001010010011
1110001101010010
1111101110000100
1110000010111001
1110111111000100
1101100111100011
1111011111000110
1111110111110101
0001100100001001
1101010111110000
0000100000110101
1111101101010011
0000111101011000
1110101100101011
1111001001000000
1100110010111001
1111001111000011
1110101010110000
0001101111000011
1101111001000110
0000001111111101
1101011111100011
0010001101111101
1111110110111110
0001110111000111
1110111000011100
0000001000111111
1110011000011010
0001011011000100
1101111011001111
0000101101111000
1101110100111100
0001111011111111
1101111011010110
1111011111101001
1110100000101001
1110100101010001
1101000111101100
1110100001011110
1110000101101110
0001010011100010
1111001100111100
0000100111111110
1111010000110100
0001001001110001
1101001101110100
1111111100111101
1111010001110101
0001110110011100
1111100010111101
0010001110000110
1101001011100111
1111110001000010
1101110000001000
0001110110011110
1101101110010011
0001101110010010
1110110010100110
0001110100110110
1101111010001000
0000001101111111
1111100001110000
0000100000100010
1101010111001001
1100111011101100
1011110011111000
1110001011110001
1101110001011011
0001000010110010
1111001100000100
0001110001010011
1110001111110100
0001011000011010
1111000011101100
0010000111110111
1110100001011100
1111111101110010
1111010110000111
0000111110110000
1101011011110001
0000011100001011
1110110100101010
0001100011011010
1111011011000100
0010001001010111
1110110111110000
0000011001001111
1111001110110111
0001010100011110
1101011110010011
1110111011010110
1100111001101011
1110101001100001
1011111010110001
0000000011010101
1101110011100010
0000110011110001
1110100001010011
0010001100111001
1110110111110010
0001111101010001
1110101101111001
0010000101100011
1110110011001011
0010100011101011
1101110101000111
0001011001000110
1111101001111000
0010001100000010
1101000001011101
0010010010100111
0000010001100010
0011100100001111
1111101101111001
0010010110100111
1110111010101111
0010011010101000
1110110110001101
1111001100010110
1100111110000100
1111011010111001
1101011010100100
1111010100111110
1100111001001100
0000010000000111
1110001111010110
0000101010111100
1110111010001101
0001110111101101
1111000001101001
0010011100100110
1111010001110000
0001001100111101
1110001111011011
0000111010100000
1110101100011001
0000101111100000
1101000111111101
0001010111110000
0000101100010111
0011100110111111
0001011111000000
0011101110110000
0000100100101000
0010100110010111
0001001011100110
0000111111100001
1101100010010110
1111111011110001
1100010000011011
1111111101111010
1110111110101110
0000001111000011
1110011010100110
0010001100001101
0000000011110000
0011000101011011
1111000000101110
0010110111011111
1111000111010111
0001111100111100
1110000101110000
0000111000011011
1111100000010110
0000100100011011
1101101011101101
0001101111011111
1111111010101000
0011010110001011
0010000110001110
0100101110001011
0010100000100001
0100011101001000
0001011001001010
0011001010011110
1101110010000101
1111110000000111
1101000101001011
0000000100001010
1110111011110111
0010100110000101
0000011101100101
0000100101110010
1110011110110101
0000110001100011
0000101010000111
0000100001001001
1111101101011100
1111111101010100
1101001100101010
0000101100000000
1101111100100001
0001101011100011
1101111110101011
0010011011010000
1110111001011110
0010000011111011
0000011010111101
0011101101011010
0010001111001111
0100100111100000
0001110101001000
0011001011111110
1111000010111000
1111000011000001
1101101101011001
1111111010000010
1111010001010010
0011001011110111
1110111011001110
0010011010101100
1110100001101100
0010011110010010
1111111010000100
0001010000100000
1111011011011011
0000111000100110
1110101011100001
0000101001010100
1110111100100110
0001001000111111
1110001000110010
0000001110100110
0000110110000001
0010000010011001
0001111101010110
0001111110010100
0001110011111101
0100000001101001
0000101011010010
0010110110011111
1110001011000100
0000001011101101
1110101101001010
0010100010110100
0000110000000111
0010001110101011
1111000111111100
1111100111011001
1111101000101111
0000110010000011
1101110011111111
0010000011010000
1111001100100101
0000011100010001
1101001011101010
0001010111000100
1110011011100010
0001001010100110
1101010011111101
0010010110111111
1110010010010000
0010000010110010
0001000010011001
0000110011001101
0000110111100110
0010101110010010
0001010100011011
0001010101001100
1101101101011101
0010001010010101
1111010000011001
0100000110110101
0010001000100110
0001111100100010
1111001010100100
0001101011111100
1110010101001001
0011010010010000
1110010111111101
0001101100000000
1111001010101011
0010001000100010
1111101011000100
0001110001111100
1101010001001010
0000000111010101
1111000001010001
0000111100010111
1111001111000001
0010101101100101
1111100101010000
0001011001111000
0001000101010011
0011000000111011
0000010111100011
0001001010001000
1110100101001111
0010000111100000
1111100110001100
0011001111110110
0000001100111011
0001010101011100
0000110010110011
0010011000110100
1111100101100000
0001111011010100
1111111000101000
0010000100110110
1110111110111001
0000110000001011
1111110111011000
0010000100101111
1111110111111011
0000010011011010
1110011110011010
1111011010000000
1111011001011101
0000110010011011
1110001101110100
0001100101011100
1111011101010011
0001001100011000
0001101011010110
0001111000001101
1111100000110011
0010001010110010
1111010111100001
0001101011010001
1111110100111000
0001100000000110
1111000110101110
0000010100110101
1110110000011001
0001100100011100
1110001100100011
0010001000010001
1110000010100111
0001010000011110
1111011101100001
0000011000011011
1110000000101011
0000100110100001
1101010011101101
0001011000111111
1110110010001100
0000000010000010
1100111111011100
0000011010011100
1101011111000000
0001001101011110
0000101001010111
0001011001100001
1111011111010111
0001111110011111
1111100010110001
0010011000001010
1110100001101011
0000011000111010
1101000110111010
0001110000110000
1110110001110010
0001010011110111
0000000110110100
0010110001000000
1110011100010010
0000001001100110
1110100010101010
0000111011010001
1110101000001101
0010000001111011
1110101011100111
0000000110011111
1101000011000100
0000000101011111
1100010011100000
1111100011000110
1101101111011001
0001011100001010
1110001010111101
0000110100001110
1111001100010111
1111111001000011
1110010101101000
1111100001101010
1101011001001000
0001110100110111
1110110101011011
0000010101100010
1101100111000111
0001000001010010
1111101001111000
0001100101010010
1110110001101100
0001001010010100
1111001010000010
0000001010001100
1110101100011111
0010010011000010
1110110110100101
0010010001111001
1110000101011000
0001010001010101
1110100011100111
0000100011000110
1110110011010001
0000010011110111
1101111010011101
0001001101110010
1100111001111010
1111110110010001
1101111111000100
0001100100100011
1100101011111110
0000010110100011
1110010010011101
0001101001001011
1110010101000011
0001001110100110
1111111100010010
0001011100101000
1110010111010101
0001001110000001
1101100101010100
0000001000111000
1101100111000000
0000011101011101
1111101011111010
0000101101101101
1100100111011111
0000010001001111
1110000110010110
0000100001111101
1110000001100011
0000110001010010
1111101011010000
0001000000010111
1101110000001111
0001010001110110
1101111111011101
1111111110101000
1110000001101101
0000110110100110
1111011000110000
0000110110100111
1111101001111111
0001000111001011
1111101000110110
0001100010101110
1110000000000100
0000110001100101
1101001100111111
0000110110011010
1101111111110000
0010011010101111
1111000000000101
0001100100100000
1111101101010010
0000111000100101
1101001001010000
1111011111100011
1100110000011111
1111100110001111
1101010011111101
1111110001111010
1101010001001100
0000011010011110
1100111100110001
1111101011100101
1110100111011000
0000100100000110
1110110000100110
0010001101000010
1110010000101011
0001110101010111
1111101100010100
0010000111000011
1101011110011110
0000110100100010
1111001010010110
0001101110010011
1110011001111000
0000110101011110
1101011011011101
0000110011011111
1111100011101010
0000100111011011
1101100010100110
0000001010000011
1101100101000111
0001011111100100
1110111001100000
0001011001100111
1101000011011110
0001100110000010
1100101100110101
0000011111011011
1110101100010001
0001111000101011
1101110111100100
0001011011001111
1111110110011111
0000001000111101
1110110100011001
0001111111000000
1110001101000000
0001100000100010
1110101101011110
0001100001010100
1101101010111011
0010001000001100
1111100011100110
0001001000000000
1111110101011111
0000001101100100
1110000100001010
0000100110011100
1111000000101101
0001100001011010
1110110000110101
0000000101110001
1111000000101101
0001010101101001
1101100110111000
0000000001011101
1110100101001011
0001101111110001
1101110000011101
0001100111010001
1110001111001010
0000110101011111
1111010011001101
0001101110110010
1110111100010011
0001110001101100
1111000101011011
