0001110
1111111
0001111
1110111
0000010
1101101
0001010
1101011
0001010
1101101
0001101
1101111
0000011
1110101
0000010
1111111
0000101
1111111
0000110
1111001
0010000
1111111
0010101
1101100
0000001
1110101
0010001
1111010
0000111
1110100
0001010
1101010
0001101
1111110
0001000
1110000
0010100
1101100
0001101
1110110
0001110
1111011
0000011
1101110
0001111
1111011
0010010
1101100
0000110
1111110
0000101
1111111
0000011
1111101
0010100
1111100
0001111
1110001
0001010
1101010
0000100
1101101
0010101
1101101
0010010
1110101
0000110
1101000
1111110
1111001
0000001
1100111
0000001
1110011
0001101
1101001
0001101
1110100
0010001
1101011
0001101
1111111
0010101
1110000
0000100
1101110
0010011
1101101
0001011
1111001
0010010
1101110
1111110
1101001
0000011
1110101
1111000
1100001
0000111
1101010
0001001
1110011
1111111
1110110
0001010
1101011
0000010
1111001
0000111
1101011
0000101
1101100
0010110
1111101
0001101
1111100
0010110
1110101
1111110
1110010
0001011
1101001
1111101
1100111
0001011
1110001
0010000
1101101
0001010
1101100
0000010
1111100
0000111
1111100
0001010
1101100
0000001
1110100
0000101
1111000
0001010
1110110
0000101
1110110
0001110
1101110
0001100
1101111
0000010
1110000
1111001
1111000
0000011
1110111
0001111
1111011
0010010
1101111
0010010
1101001
0010001
1101011
0000110
1111011
0000010
1110000
0000001
1111101
0000101
1111010
0001010
1110001
0010001
1110001
0000001
1110101
0001001
1101110
0001100
1100111
0000010
1100011
0001101
1110011
0001010
1110010
0010011
1110100
0010100
1110011
0001111
1110001
0001011
1101000
0010001
1110000
0001111
1101101
0010010
1101100
0000011
1111010
0001100
1101100
0000011
1110011
1111111
1110000
0000010
1111001
0000010
1101110
0000100
1111011
0001010
1111101
0000101
1111001
0010100
1101000
1111010
1101101
0001001
1101111
0001110
1111001
0001010
1111001
0000011
1111011
0000111
1111111
0010010
1110100
0000010
1110001
0001000
1111001
1111100
1100110
0001001
1111100
0010101
1111001
0010000
0000001
0010000
1100110
0000001
1101001
0001111
1110000
0000100
1111010
0001010
1101101
0001101
1101111
0000111
1111000
0000111
1111101
0010011
1110001
0000001
1101110
1100110
1101001
0010100
0001100
0010111
1110111
0000010
0000110
0001010
1101000
1110110
1100010
0001101
1110000
0001001
1110100
0001000
1110010
0010001
1110001
0001111
1111101
0010001
1110111
1111101
1101001
0000100
1010100
1101101
1110001
0011101
0010101
0011010
0001001
0010111
1111001
0001101
1110011
0001101
1110011
0000111
1111110
0000011
1111100
0010001
1110100
0001111
1111110
0000100
1110111
0010010
1110010
0001100
1101100
1110111
1011101
0001101
0001010
0101001
0001101
0100001
0000111
0100001
0001101
0001111
1101011
0000011
1111010
0001100
1111100
0001010
1101010
0000101
1110010
0000001
1111110
1111111
1101100
1111111
1111100
1111101
1110010
0000001
1110110
0100000
0001110
0101000
0001011
0100000
0001001
0100100
0001010
0001110
1110011
0001110
1110110
0001001
1111111
0001110
1101010
0000011
1111110
0010011
1110101
0001001
1111001
0000100
1101101
0000001
1100100
0001001
0000001
0011011
0000111
0011011
0001001
0010110
0001110
0010101
1110011
0001000
1110001
1111110
1111110
0001101
1111111
0001011
1101010
0000001
1111101
0011000
1111101
0000011
1101001
0000100
1100101
0000101
1111000
0001110
1111101
0011010
0000101
0100010
0000111
0011110
0000111
0001100
1101000
1111001
1101000
0000111
1101001
0001110
1111110
0010101
1111011
0000100
1111000
0001010
0000001
0010000
1111100
0001010
1101001
1110011
1111111
0011000
0010000
0011000
0000111
0100000
0000111
0000101
1110010
0000111
1100111
1111001
1100011
0000101
1110101
0000101
1110011
0000100
1101100
0001111
1111111
0000111
1110111
0010010
0000001
0001110
0000001
0001010
1111010
0100010
0001000
0100010
0011001
0011101
0000010
0010000
1110010
1111000
1111000
0000100
1101000
0001001
1110001
0001011
1110011
0010010
1101111
0000011
0000001
0010001
1110110
0000101
1111010
0011111
0000001
0001011
1111101
0100101
0010000
0011010
0000111
0010000
1110111
1111110
1100000
1110101
1101000
0000011
1110101
0001001
1111110
0000001
1110110
0001100
1110100
0010110
1111010
0001000
1111111
0000110
1110000
0011110
0000100
0011011
0000111
0011111
0000101
0001100
1101100
0000010
1100100
1110110
1100001
0000001
1011111
0001000
1101001
0001010
1111010
0000111
1111110
0000110
1111000
0001100
1110000
0010100
1110010
1111101
1111000
0000111
1110101
0000010
1101111
1111001
1100001
1101111
1101011
1111011
1100111
1110110
1101011
1101111
1101100
0001011
1101101
0000111
1110101
0010011
1101110
0010001
1111101
0010100
1111111
0001011
1110100
0001111
1110000
0000100
1101101
1111100
1100010
1111000
1011101
1101101
1101001
1111110
1110011
0000101
1110001
0000011
1101001
0000001
1101110
0000101
1101100
0001111
1110101
0001001
1110100
0000111
1111100
0001101
1111101
0000111
1111000
0000011
1110101
0001011
1110001
1111110
1111010
1111111
1101111
0001100
1110001
0000101
1110101
0001000
1111111
0001100
1111010
0010010
1110010
0000010
1111111
0001101
1101110
0001011
1101010
0000101
1101110
0001001
1101010
0001111
1110000
0000110
1111000
0001011
1110100
0001001
1110100
0001101
1110111
0001110
1110001
0001101
1110000
0000110
1111011
0010001
1110001
0001100
1110011
0000111
1110010
0001101
1101100
0000111
1111110
0010101
1110001
0001101
1110010
0001000
1101101
0001100
1110101
0001111
1111101
0001010
1101111
0010010
1111000
0000001
1111101
0000110
1110010
0010110
1111001
0010110
1110000
0010110
1110101
0000110
1111001
0000010
1101101
0000101
1110110
0010001
1110101
1111111
1101111
0000001
1100111
0000011
1101000
0001001
1110110
0001001
1111000
0010011
1111010
0010011
1101111
0001101
1101011
0001101
1110100
0000110
1110100
0000101
1111010
0000001
1110101
0001101
1111011
0000101
1101101
0001110
1111000
0001101
1101000
0010000
1100110
0001111
1110000
0001010
1110011
0001111
1111110
0010101
1110111
0001011
1110001
0000110
1111111
0001110
1101101
0001101
1101100
0001001
1101111
0000011
1110110
0000101
1101111
0001001
1101110
0000100
1110101
0001010
1110010
1111101
1101100
0000101
1101101
0000111
1101101
0001001
1101011
0010110
1111000
0001000
1110101
0000001
1110001
0001100
1110001
0001011
1111110
0001100
1101100
0010011
1110000
0000111
1111101
0001000
1101011
0001110
1101011
0000010
1110110
0000101
1111100
0000011
1110011
0000001
1110110
0001001
1110111
0001000
1110111
