0000110
1111111
0001111
1101011
0001000
1111001
0000111
1110000
0001001
1110001
0001110
1111100
0001111
1101111
0000001
1101010
0001110
1110110
0010101
1101100
0001001
1110111
0000110
1111111
0000010
1111000
0000111
1111001
0000001
1110010
0001110
1111010
0010000
1111001
0000101
1111110
0001110
1110100
0010001
1111111
0000100
1110111
0000101
1101100
0000011
1111010
0010011
1101110
0001111
1101101
0001111
1111110
0000101
1101100
0000010
1111010
0000110
1110111
0001101
1111010
0000001
1111011
0001100
1101111
0001100
1110000
0010011
1111110
0000111
1110100
0000011
1110011
0010011
1110100
0000011
1111001
0001010
1111000
0010010
1111000
0000001
1110100
0001010
1111011
0001010
1110100
0001100
1110000
0010110
1111110
0010101
0000001
0001010
1111010
0010111
1110100
0001011
1110110
0010100
1110001
1111111
1110010
0000110
1101110
0000010
1110010
0000001
1111001
0001010
1111100
0001011
1110101
0010000
1101011
0010001
1111101
0001011
1111000
0010001
1110101
0001100
1111000
0010101
1111101
0010000
1111101
0001111
1111010
0010101
1110101
0001100
1110000
0000110
1100111
0000010
1110111
0000010
1110011
0001010
1110010
0010001
1101011
0000011
1110110
0010011
1101000
0001001
1111001
0001010
1111111
0011001
1111011
0001111
0000001
0001111
0000001
0010100
1110111
0010000
1100111
1111110
1101011
0001100
1111100
0001101
1111111
0000110
1101101
0001101
1110000
0001011
1111000
0001011
1101101
0001111
1110110
0010000
1111111
0011100
1111001
0011000
1101110
1111111
1111101
0000001
1110001
1111111
1111000
1111001
1110110
0001111
1110110
0000010
1110110
0000111
1101001
0001000
1110011
0010011
1101010
0000100
1110101
0000110
1101110
0011001
0000011
0010010
1111101
0001101
1110100
1111000
1110000
1111111
1101111
1111111
1101110
0000111
1101100
0010011
1110111
0000100
1110101
0010001
1110011
0010000
1111110
0001110
1111110
0001111
1110111
0000011
0000010
0010010
1111011
0011001
1111000
0010010
1111001
0000010
1101011
0010010
1111000
1111111
1110111
0000101
1110001
0001000
1110110
0001011
1101011
0000001
1101100
0000011
1101100
0001011
1101110
0000010
0000010
0011000
1110011
0001101
0000001
0010011
0000101
0010110
1111000
0010011
1101111
0001100
0000111
0010111
0000110
0001011
0000101
0010100
1111100
0010100
1110100
0000001
1110110
0000101
1111100
0001000
1111001
0000101
1110101
0001100
0000101
0011010
0000001
0011000
0000100
0010001
1110101
0000101
1110100
0001110
0000001
0010010
0000010
0011001
0001000
0010111
1110111
0010011
1101110
0000110
1110010
0000110
1111000
0000010
1110111
0001111
1111111
0011100
1111110
0010001
0000011
0010000
1111111
0000001
1100100
1110110
1101110
0000101
1101111
0000010
0000001
0011111
0000111
0100001
0001011
0001110
1101100
0010101
1111110
0010001
1111011
0010000
1101101
0010001
1110110
0010100
0001001
0001101
1111000
0000110
1101011
1110101
1100001
1110001
1100000
0000110
1100111
1111100
0000101
0011110
0001001
0011001
0001011
0010001
1101110
0000100
1101100
0010010
1111110
0010110
1110101
0001011
1111000
0010101
1111001
0010010
1111011
1110110
1101010
1110111
1011111
1111100
1100011
1111001
1100111
0001000
1111100
0010001
1110100
0010010
0000110
0010011
1110011
0000100
1111101
0001011
1111001
0010111
1111010
0001100
1110100
0011111
1111111
0010100
1110010
0000101
1100011
1111001
1101010
1111111
1110000
0001110
1110011
0010000
1110011
0001110
1110111
0000011
1111100
0000110
1111001
0001101
1110001
0010110
1110000
0010010
1110111
0011000
1111000
0100000
0001010
0011011
1111100
0000011
1101111
0001011
1100101
1111011
1111011
0001101
1111100
0001000
1101111
1111101
1100101
0001001
1111110
0010101
1110011
0010010
1101111
0000001
1111001
0001001
1111111
1111111
0000100
0011011
0010001
0010011
0001111
0010100
1110010
0010001
1101101
0001111
1110101
0001110
0000101
0000001
1101011
1111101
1101101
0000101
1110000
0011001
1111111
0000101
1110101
0010110
1101100
0000110
1111101
0000010
1110101
0001011
0001010
0100100
0010001
0011100
0000110
0011111
1111101
0010110
0000001
0001010
1110111
0000100
1101111
0000110
1101011
1111100
1111110
0010101
1111000
0000110
1111000
0010101
1111001
0010011
1100110
1111111
1111100
0010100
1111100
0100001
0010110
0100010
0000100
0100001
0000100
0011101
0000001
0000110
1110101
0001011
1101111
1111010
1100010
0010001
0000111
0010000
1110011
0001001
1101111
0001011
1110101
0000010
1110010
0001001
1111010
1111110
1101000
0000111
1111101
0001110
0000101
0010011
1111010
0011100
1110101
0001100
1101100
1111100
1101001
0000010
1101100
0001011
1111011
0010111
0000100
0010001
1101100
0010100
1111111
0001111
1110101
0000101
1101010
0001011
1110100
0001011
1110011
0000001
1111101
0010010
1111000
0001000
1111011
0000110
1111000
0000101
1101101
0010001
1110101
0011011
0000100
0001111
1101101
0000010
1111111
0000001
1101111
0010100
1101010
0001011
1110001
0000010
1110011
0000010
1111011
0000110
1111010
0000001
1110001
0001001
1110101
1111110
1110000
0000100
1110010
0001010
1110010
0010001
1111100
0010010
0000001
0010101
1101010
0010110
1111111
0010101
1111101
0001011
1101001
0010011
1101111
0000110
1111001
0001011
1110001
0001001
0000110
0001100
1111001
0001100
1110000
1111100
1111001
0010011
1111101
0010010
1111011
0001100
1101110
0010110
1111111
0010011
1101011
1111111
1101010
0001110
1100010
0001101
1101010
0001110
1101011
0000001
1110101
0010000
1101101
0001000
1111000
1111100
1110001
0000111
1111101
0010100
1111001
0000111
1110011
0010111
1110001
0000001
1110110
0001100
1111111
0001010
1110101
0010011
1110001
0000001
1100011
0000011
1110011
0000011
1110010
0001101
1101001
0001100
1101101
0010001
1101010
0010110
0000010
0001010
1111010
0000100
1111100
0010011
1111001
0010011
1101101
0010110
1101100
0000110
1110100
0010100
1101110
0010100
1101011
0000010
1110101
0001001
1101100
0000101
1111000
0000110
0000001
0001100
1110011
0010111
1111110
0010011
1110001
0000101
1111011
0000001
1111000
0001001
1101101
0001111
1111011
0010000
1110001
0000010
1111111
0000011
1111101
0001111
1111011
0010011
0000001
0001000
1110010
0010110
1111000
0001001
1110000
0010001
1110011
0010000
1110101
0010010
1110100
0000101
1111111
0010001
1111011
0001000
1111101
0000010
1111111
0001000
1101110
0010000
1110110
0010010
1101011
0001100
1110011
0000001
1110110
0001101
1111001
0000111
1111010
0010100
1110100
0000100
1110100
0000100
1101100
0000001
1101011
0001001
1111011
