00001100001
11011111111
00010100010
11101100101
00001010000
11110001011
00000111110
11110100010
00000001001
11101111101
00001100001
11100110000
00010101100
11111110000
00000001100
11110000011
00101010011
11011111001
00001101101
11100000000
00010110101
11010110101
00000000101
11011011001
00100001001
11101011001
00011000101
11100100110
00000001011
11100000110
00000100100
11110010011
00010010101
11100111010
00100000110
11100010110
00100101011
11010101110
00100111000
11010101101
00001011100
11110111110
00010101110
11011110001
00001001001
11101000001
00000011110
11111000010
00001001110
11101100010
00100110011
11011110010
00001111001
11011001000
00011001111
11111100101
00001111001
11111010011
00011110101
11101111100
00100100111
11011100111
00011101011
11110010100
00001010010
11101000011
00011110110
11110000111
00001010000
11011011010
00000000011
11100000100
00100011111
11100001011
00001010110
11110011110
11111111100
11100100101
00001000111
11101110111
00100111000
11111001101
00000101001
11110110011
00000000101
11100001000
00001101001
11110000011
00100100100
11010101010
00011111111
11100010000
00011100100
11101010010
00100010101
00000001100
00101111011
11110000000
00010110001
11111101100
00011001010
11101011000
00011011001
11100010110
11110101100
11110010001
00010001111
11110101111
00010110110
11010111100
00010101100
11101110000
00000001111
11100101011
00011011110
11111101101
00001101100
11011011010
00010111110
00000101010
00110010010
00001100110
00111011000
00000100011
00111010000
00000111100
00110101110
11111111000
00011000000
00000001011
00010101111
11011010000
00001010001
11100111010
00000011011
11100010101
00000101011
11010011010
00011001101
11100000010
00101000001
11111101101
00000101000
11010110111
00100000100
11101010011
00111111001
11101100101
00101101111
00000011100
00011011010
00000100111
00100110100
11110101001
00010110011
00010011111
00011111100
11011101101
00011001111
11100011100
00100001000
11010100110
00001111010
11011010010
00011110111
11111010101
00100100001
11111100110
00000011000
11101110010
00100011001
11010111101
00011111110
11101111000
01000011011
00010010011
00101001010
11100011111
00010001110
00000011101
00100010111
00011101001
00110111000
11101010111
00101100000
11010111101
00100111101
11110101110
00011111110
11110010100
11101111001
11000010101
00010111011
11011000110
00000011111
11011010011
00100011111
11010110101
00101010011
11100001011
00100111001
11111111111
01000000101
11100111010
00011001000
11100111011
00101011111
00000101011
00111111001
11111101110
00101100000
11010110110
00011000010
11101000010
00011010001
11100011101
00001010001
11100101101
11111000100
10110111011
00000010110
11101111010
00011111011
11011110110
00100110110
11011011101
00011011111
11101011001
00111100011
00000111101
00101110000
11111110111
00000011110
11110010110
00011110111
11101000100
00010110101
11110110110
01000001010
11111000011
00011100001
11110011101
00100100001
11110111110
00011111010
11101100000
00000010101
10110111000
00000110001
11010101110
00100000000
11011100100
00100000000
11101010101
00011000100
11101110000
00100001010
00001101000
00001100101
11101110101
00000010000
11001000111
11100110001
11000110001
11100100100
00000010011
01000011000
00110101100
00111111000
11111001111
00110010101
00000100001
00110000000
11100011100
11110001010
10111111111
11100011111
11011011110
00001111111
11111111011
00000110010
11111000111
00100100111
11100001010
00101000001
11110011011
11111110001
10110110100
11011000010
10110010111
11001101010
10110001001
11010001010
11100011010
01000011011
00100100101
00101011111
00001111001
00111010100
11111101011
00101101100
11011011110
00000001100
11001001111
00000011001
11100110101
00010000110
11110000001
00000000001
11011101010
00010001111
00000001000
00110011101
11101100110
11111101010
10101111001
11001001010
10111000111
11101001011
10111110100
11010010101
11001001001
00101111000
00010110111
00110110101
11111011010
00011100101
11111001011
00101110100
11001111011
00010001100
11001000011
00010000111
11110100010
00011010101
11010111101
00011110110
00000000001
00001101001
11100101100
00101000000
11010010000
11101001111
10110000011
11101010101
11000111011
11111101110
11011100101
11100011111
10111101110
00000110110
00001100110
00100110111
11101000001
00101000111
11111011100
00000111111
11000001001
11100100001
11001001110
00010001000
11010110111
00010000001
11110101111
00001001000
11010101001
00000111001
11011010111
00101011101
11011010000
11101011101
10111001110
00010000001
11101100001
00001100111
11001010000
11110001111
11100000100
00111000101
11111100001
00101010000
00011001011
00101011101
11110110100
00010101101
11010011011
11101100011
11001000011
11111111101
11101111111
00000100000
11111101010
00001110010
11101110000
00001101100
11101011011
00010001110
11011110011
11110100000
11100011010
00011111110
11100011011
11111100001
11000010101
11111001011
11101010010
00011110111
11101110010
00011100111
11111010010
00010000010
11011101110
00001110000
11011101011
11110111010
11010100111
00000010100
11110010000
00000110010
11011110001
00011110111
11111010011
00100100111
00000010100
00011001110
11111001111
00001110101
11011011001
00011100001
11100000101
11110101101
11001000110
00001000000
11110100000
00001100110
00000001010
00110110100
11110100000
00100011000
11110011101
00001111111
11101000011
00001010110
11010111100
00011100111
00000001001
00010101000
11111010111
00010100111
11101100100
00100111101
11111100000
00011110000
11101010010
00001110111
00000100111
00100010101
11011111111
00001111010
11010010100
00010000011
11111101011
00101000000
11110111010
00100000101
11101001010
00100000100
11110010100
00011111111
11110101111
00011100001
11011110101
00100100100
11111010011
00100110111
11101110011
00011000100
11111101110
00011000110
00000110100
00011110110
11111000110
00010010001
00001010000
00000001110
11101000000
11101110111
11001111001
00001010001
00001110011
00101000011
11111000001
00000011111
11101111010
00000001101
11100011011
00100101110
11011101000
00110100110
11111001000
00101100000
11111110000
00010011001
11110000011
00100001010
11010011101
00100011110
11111111011
00001101110
11111011100
00010101001
11101101101
00010110011
11011100000
00001100000
11010111100
00011100010
11110011101
00111100010
11100000001
00001110111
11100110000
00010001111
00001000001
00001000101
11100111110
00101100111
11100100111
00101000100
11100011100
00010101111
11110001000
00001001000
11011110011
00100001111
11100111101
00110010011
11101100010
00001100001
11100101110
00010000111
11011111000
00000110100
11011001001
11100101110
11011100110
00010111110
11011010111
00010011001
11110101100
00011001001
11111101001
00010100010
11111010111
00011010010
11110111010
00101001011
11110100101
00010110011
11101110011
00001100101
11011000000
00100011010
11111110010
00111000011
11111001011
00010011011
11110010000
00010101111
11100011000
00000010000
11011000111
11100110101
11010111101
00000000110
11111010011
00010100100
11101101000
00101011010
11100100111
00101110001
11100110011
00010011011
00000000010
00101010001
11011101010
00100001110
11101010000
00001101110
11111000001
00101000111
11110001110
00011010000
11111011001
00010010100
11110000110
00000000001
11101001100
00000010010
11010110100
11101111001
11011011101
00001010010
11101011011
00100110001
11100010111
00100011110
00001100110
00011111000
11101100001
00000110101
11110000000
00001101001
11110010101
00100101101
11011000101
00001011110
11100110110
00010001001
11101100110
00101110111
00001001001
00011111101
11110111000
00101011111
11110001111
00010110001
11010111100
00000010011
10111101100
00000100101
11001001000
00011011000
11101000011
00010110000
11110010001
00011111011
11100101000
00100010100
11110111110
00001101010
11100110000
00100110100
11101110011
00101100000
11100001011
00001100011
11110111101
00010101100
11110100001
00111101110
11101110100
00101110011
11010110000
00010011101
11000111111
11101010111
11001001111
11111010001
10111111110
00010010011
11011101100
00100101110
11100001011
00010001100
00001000101
00010001001
11010111001
00100010000
11011001111
00001010010
11010011101
00010101101
11111101001
00010001011
11101011100
00100111011
11101111111
00110100111
11101110110
00011100111
11101100000
00100001000
11101000101
00000100010
11010111111
11111011101
11010011111
11111010110
11011001110
00010010100
11010001110
00010111010
11110010011
00100001010
11011110100
00010100001
11010110001
00011111000
11111000000
00100100111
11010111011
00000111101
11110001111
00101100011
11101010101
00100111111
11100111111
00010010101
11110000000
00100000001
11101011000
00101110001
11100010001
00100001011
11101001010
00010011010
11100000111
00001110001
11101101111
00011000100
11011101100
00010111001
11010111100
00001011100
11110111100
00011101000
11100001000
00000110111
11110001000
00100111000
11010100010
00001010111
11111110111
00001110101
11111001101
00011101111
11111111101
00101100010
11100001001
00011100100
11101001011
00010101110
11110000001
00010101011
00000100010
00000110001
11100000111
00100100110
11111000001
00001110111
11110100011
00000001011
11011011011
00000111010
11110011010
00000000101
11011011111
00101011110
11111000100
00000110011
11011010000
00000110100
11101111001
00101000010
11101101100
00011011001
11101011010
00010110110
11101010101
00001110111
11010101010
00001000011
11100110000
00011000011
11101011111
00011110100
11101001000
00001011010
11101011001
00100001000
11100111011
00100000110
11011101101
