00000111110
11101011101
00001111001
11110010010
00010111110
11101110100
00011101011
11110001010
00000101010
11111010101
00000110000
11111110010
00011100100
11100000110
00000011010
11111010011
00001100000
11101110101
00010010101
11100101111
00001011000
11010100000
00100001111
11011101100
00000110111
11100011101
00100100011
11111011000
00000010011
11111101100
00000011010
11110101111
00010110111
11101101101
00011000000
11111110011
00100011111
11110111100
00010000101
11010111110
00001101111
11101001101
00101010001
11010100011
00000111100
11111110111
00000011101
11101011111
00010011110
11101010111
00000010011
11100010010
00010100111
11011011111
00010011011
11100100010
00010011101
11110101001
00100000110
11101001111
00001101100
11011100000
00100000010
11011100100
00001010111
11110100110
00100111110
00000000101
00010100011
11111000101
00101111101
11100110100
00100110001
11011100110
00100100000
11011100001
00101110001
11100010001
00010100000
11110010011
00001100001
11101100011
00101100100
11011111101
00001011000
11101100111
00001111011
11100001010
00011110000
11111100001
00000111110
11010100110
00101000010
11011000110
00100100000
11111001101
00000011111
11100101101
00001111100
11110010000
00101000110
11111110100
00010010001
11110010000
00110110101
00001101101
00011101001
11011111111
00100111011
11011000000
00000110111
11111101000
00001110011
11111001010
00100011011
11100110100
00011001111
11111000111
00001001110
11110011101
00001001010
11101001010
00000000111
11101110010
00000100101
11010000100
11111101111
11010101100
00001011101
11101000010
11111110110
11110011010
00011111111
11111101000
00001011110
11111011100
00010010000
11100100011
00000001100
11110011011
00010011100
11110111001
00001111101
11011110000
00001111101
11111000111
00001100111
11010101101
00001010111
11011111011
11110100011
11001110101
11101100010
11011101101
00001000011
11100100011
00001111011
11101000111
00110001100
00010000101
00110001101
11011100111
00011000111
11110001000
00001000110
11100000001
00010100100
11011100101
00000101000
11100111000
00000011101
11101000100
00100010011
11101110000
00010000101
00000011000
00100010011
11100001110
11110110011
11000111001
11101011100
11011000100
11110010100
11100101011
00010111000
11100010000
00011001000
11011011001
00001110100
11100111010
00100101000
11011011000
11111001001
11011010011
00100000110
11100011111
00000010110
11101110011
00010010101
11111100000
00101110110
11101111001
00101000100
11110000111
00110100111
00000111111
00011001110
11011101100
00010101011
11010001101
11111001111
11000111011
11110110001
11101001011
00001001101
11100100000
11111010001
11001101100
00000111110
11101110001
11100100001
11001100111
00010011000
11110010000
00000101000
11101011110
00101010111
11111111111
00101111000
11111100111
00011010110
11101100000
00101000111
00000011101
00011000000
11101011011
00001000011
11101110011
11110110101
11011001110
00000110010
11110111101
00010101010
11101100111
00010010110
11001010010
00001101110
11011010101
11101011000
11001110111
00001000011
11110010011
00000011000
11010101111
00011101100
00000011000
00100010001
11110111110
00011011011
11110101100
00011100010
11100000010
00001110010
11100011110
00100101111
11100111111
00001001110
11011100110
00101011000
11111010001
00010101000
11111000011
00001001110
11100011000
11111001010
11010001100
00000001011
11011010010
00100010000
11111101000
00011110101
11110011010
00010010111
11100111100
00010111100
11100001001
00101011111
11100010100
00001011100
11101110110
00000101110
11101110110
00101000001
00000011110
00010001011
11010100101
00011111110
11101100011
00100000110
11101001010
00010000001
00000001011
00101101100
11011001110
11111011111
11011110010
00001010001
11111110101
00011000101
11110101010
00000111000
11111010100
00011101010
11110000010
00101111100
11011011010
00000111101
11011011110
00100000111
11100100011
00010001111
11011111001
11110001101
11010101000
00011011100
11110110111
00100111000
11110011110
00100010011
00000111111
00101010010
11111110101
00010101001
11100110101
00001000110
11011101110
00011100001
11100110100
00100110001
11111010111
00100101100
11011100011
00010110111
11110101010
00010001010
11111000101
00001011100
11110000110
00100010001
11000101000
11001101111
11010110100
00100011011
00000000011
00010010000
11100100001
00001010011
11110111100
01000111101
11111100000
00110111110
11110001100
00010000011
11101101000
00011000011
11100010101
00001010000
11111000101
00001001110
11011100101
00011111011
00001011010
00101111101
11100101100
00100010101
00001010110
00000101010
10110001010
11100100000
11101011111
00110010100
11011101000
00010101001
11010100110
00001100011
11110001001
01000101101
00100010100
00011010010
11100100011
00001001111
11010110100
00100101111
11100010110
00010000011
11101110010
00001111111
11111100101
00110010111
00000111001
00100111011
11100100011
00101000010
11111111111
11111010100
10110011101
11011010110
11011011101
00001101001
11100110011
00001010100
11111100001
00011101100
00010001000
01000011101
00100001110
00110100100
11110100111
00011111001
11100100000
00100111110
11111111010
00011000111
11100000011
00100000001
11101000011
00010111011
11110010000
00011111010
11101010110
00011111100
11010000010
11101000010
10110101101
11100110111
11110100110
00011100010
00000011001
00011101010
11111101110
00101100000
00010111011
00110100110
00000110011
00011010101
11011111010
00001000111
11010110111
00101000100
11111110001
00011000000
11011010111
00000000111
00000110111
00100101101
00000000111
01000011010
11110011111
00011111101
11011000011
11010010111
10111110101
00000001101
11100111010
00010100100
11111111010
00100101111
00011000010
00110010011
00010000100
00100101110
11101011110
00010000001
11101111000
00100000010
11100010110
00100101100
11111100110
00011000111
11011000110
11111110110
00000000001
00011010010
00001111111
00110001001
00101000101
00111100110
11100101110
11110101110
11010010100
00011111110
00000010111
00011101010
11110001101
00111000101
11110001100
00101100000
00000111100
00101111100
11100010100
11111101011
11001111100
00010110100
11100110011
00000100100
11101111101
00001000111
11001110001
00001000100
11011000001
00001000100
11011111001
00110101011
00011000100
00110101011
11111111011
00000000001
11100101010
00010111010
11011000000
00010101101
11110110010
00001000000
11111011011
00000111100
11011010101
00010011101
11100011011
11101010001
11100100011
00100001010
11110101001
00001101100
11110000110
00100010011
11100110110
00010100000
11001000111
11110111011
11011101101
00000111110
11101111110
00011000000
11101000010
00000100100
11101100000
00011011010
11100111100
00001010011
11101001100
00010011100
11110010010
00001010101
11100101001
00000010001
11010100111
00001000000
11110101011
00011101011
11101100010
00011001001
11101011100
00011101010
11010000100
00010101100
11100000110
11111010011
11010111001
11110110011
11001010110
00001111110
11110000111
00100101110
11111001101
00101010100
11101000111
00101001111
11111101100
00001000101
11010001011
11111010001
11001011010
11110010101
11100000000
00001001010
11100000101
00100111011
11011101010
00100100110
11100110100
00001000110
11100110011
11110011111
11010011000
11111011100
11001001000
11110111001
11010101110
00001110010
11110101110
00100000110
00010010101
00111011001
11111101111
00101000011
11111000101
00011000000
11100011110
00001110111
10111110110
11110011010
11001011001
00100010000
11101101100
00001101000
11110111111
00000010011
11111000001
00101010000
11010011110
00010110110
11110001111
00000011101
11010101001
11110010111
11011000101
00010010100
11110100100
00001011100
00010110001
00010111100
00011011011
00010010100
11011001110
00010111000
11001011110
11111011001
11010100011
00010101000
11100110010
00010000111
11111110001
00010000101
11110011100
00010001101
11100010110
00010011101
11101001111
00100000110
11101001110
00001011101
11101001010
00011011011
11101100111
00010101001
11101010100
00010001011
11101100110
00010011001
11111110110
00011100010
11110010011
11111110001
11101001001
11101110100
11101110010
00001111110
11011110100
00010011111
11101100001
00000010100
11010101010
00010011111
11101101010
00001010000
11011010000
00000011111
11100001111
00010000011
11011101010
00001000010
11101010101
00011110111
11101101010
00010110001
11100100101
00001011110
11100111110
00011010001
11110001100
00001101110
11010110000
00000110100
11011000011
00011010111
11100000111
00011000111
11101100011
00001000001
11111011011
00100110110
11110101101
00000010100
11110001110
00011101000
11110011011
00001000111
11100011101
00101111001
11101010100
00010101011
11111101000
11111011010
11110001000
00011011110
11101101001
00100000011
11110000110
00010001110
11010101110
00000111100
11001101001
00001111101
11111100100
00010001000
11110000110
00011001100
11010011111
00100010110
11011110100
00000100000
11100011011
00101011111
11111001101
00101100100
11101000000
00010010000
11110000011
00000101100
11101100010
00010111100
11010010111
00010001000
11100011101
00000001111
11110001111
00100101110
11111101111
00001111101
11101110101
00011111110
11010011010
00000110110
11110101100
00101100100
11100111101
00011001110
11100110110
00010111110
11110000011
00001101111
11100100011
00101100011
11110011000
00100010011
11010110010
00101001100
11110111001
00000001000
11110011110
00011001101
11101000000
00001110000
11111100101
00001000011
11110001100
00010011101
11010110101
00001111100
11010111000
00001010000
11111100001
00101000100
11101111010
