00001100001
11111101110
00011101001
11010101100
00010000101
11110001101
00001101101
11100000111
00010010011
11100001110
00011011101
11111000000
00011101111
11011101100
00000001111
11010011110
00011100110
11101011110
00101011000
11011000111
00010010001
11101110010
00001011011
11111111111
00000011001
11110000101
00001101101
11110010111
00000000001
11100011000
00011101000
11110011111
00011111010
11110010101
00001001101
11111100100
00011011011
11101000100
00100010010
11111110110
00001000100
11101110100
00001001011
11011000000
00000101110
11110100010
00100110001
11011100010
00011110100
11011010011
00011101001
11111011010
00001001110
11010111011
00000100111
11110011010
00001011010
11101101100
00011010000
11110100110
00000010110
11110101111
00010111010
11011101011
00010111000
11100000001
00100110101
11111011011
00001110001
11100111000
00000110010
11100110110
00100101010
11100111101
00000101100
11110001101
00010100101
11110000111
00100100001
11101111000
00000000001
11101000000
00010011111
11110101010
00010011110
11100111010
00010111100
11100001000
00101011010
11111011011
00101010011
00000000001
00010011100
11110100000
00101111000
11101000011
00010110110
11101100000
00100111111
11100010100
11111111110
11100100101
00001101000
11011011111
00000100100
11100011100
00000000110
11110010010
00010011101
11111000100
00010110111
11101001100
00011111101
11010101000
00100001001
11111001011
00010101110
11110000101
00100010000
11101001101
00011000110
11101111010
00101001111
11111010110
00011111011
11111010111
00011110001
11110100011
00101001010
11101001111
00011000111
11011111100
00001100000
11001101110
00000011001
11101110110
00000100000
11100110000
00010011110
11100100000
00100001011
11010101010
00000101101
11101011010
00100101010
11001111100
00010011000
11110001011
00010011111
11111110110
00110010100
11110110101
00011101110
00000000111
00011101001
00000000110
00101000110
11101110101
00011111110
11001110110
11111100001
11010101010
00011000101
11111000101
00011010100
11111110101
00001011001
11011001011
00011010101
11100000110
00010101100
11101111010
00010110101
11011010011
00011101111
11101100111
00011111010
11111101011
00111000101
11110001011
00110000001
11011011101
11111110101
11111001000
00000000010
11100010001
11111111101
11110000001
11110010011
11101100001
00011110100
11101100000
00000100100
11101011100
00001101001
11010010111
00010000111
11100101100
00100110100
11010011110
00001000100
11101010101
00001101000
11011100101
00110001000
00000101001
00100011110
11111010010
00011001111
11101001000
11110000101
11011111011
11111111001
11011101111
11111110000
11011011110
00001101100
11010111010
00100110110
11101110000
00001000110
11101010010
00100001011
11100101010
00100000011
11111011000
00011011010
11111011000
00011110001
11101101001
00000101011
00000011001
00100100011
11110101111
00110001001
11110000001
00100011001
11110001110
00000011010
11010110000
00100011011
11101111001
11111101010
11101110101
00001010011
11100010101
00001111010
11101011101
00010110100
11010110101
00000011000
11011000110
00000110100
11011000111
00010110010
11011100100
00000100010
00000100010
00101111111
11100110110
00011001110
00000000010
00100101011
00001010110
00101100000
11110001000
00100110111
11011110000
00010111011
00001110110
00101101011
00001011111
00010110111
00001001000
00100111001
11110111111
00100111010
11100111010
00000010111
11101011100
00001010111
11111000010
00010000010
11110001010
00001001110
11101010001
00010111001
00001010100
00110100111
00000010101
00101111000
00000111110
00100010100
11101001101
00001001011
11101000010
00011100010
00000001001
00100011100
00000100010
00110010111
00001111010
00101101111
11101110111
00100101010
11011011101
00001011010
11100100111
00001011000
11110000010
00000011111
11101101101
00011101110
11111101111
00111000100
11111100000
00100001111
00000110000
00011111001
11111101101
00000010101
11001000001
11101100110
11011100001
00001010100
11011101100
00000100010
00000000100
00111111000
00001110101
01000001101
00010101101
00011100111
11011000100
00101010111
11111101000
00100001000
11110110011
00011111111
11011001001
00100001110
11101100101
00101000000
00010010110
00011010111
11101111111
00001100100
11010101011
11101010101
11000001100
11100010100
11000000111
00001100001
11001110001
11110111010
00001010100
00111100101
00010001111
00110001011
00010110010
00100010101
11011011001
00001000000
11011001000
00100100101
11111011101
00101100000
11101010011
00010101101
11110000110
00101010101
11110001101
00100011111
11110110110
11101011100
11010100100
11101101010
10111110100
11111000001
11000110011
11110001110
11001101100
00001111010
11111000000
00100010101
11101000101
00100011011
00001100101
00100101000
11100110101
00000111101
11111010110
00010101100
11110011000
00101101100
11110100101
00010111111
11100111001
00111110111
11111101101
00101000101
11100100111
00001010001
11000110101
11110010101
11010011110
11111110010
11100000011
00011100101
11100101100
00100000011
11100110011
00011100100
11101110111
00000110001
11110111101
00001011111
11110010011
00011010111
11100010001
00101011000
11100000010
00100011001
11101101100
00110000011
11110000011
01000000111
00010100011
00110110110
11111000001
00000101110
11011101010
00010101100
11001010010
11110110010
11110101000
00011010010
11111000001
00010000101
11011101101
11111010000
11001001111
00010001111
11111100111
00101001011
11100101011
00100011001
11011101110
00000010100
11110010010
00010010001
11111110000
11111111111
00001000011
00110110100
00100010110
00100101100
00011101010
00101000101
11100100111
00100001101
11011001011
00011101001
11101010110
00011011001
00001001100
00000000001
11010101010
11111010000
11011010101
00001001011
11011111011
00110001001
11111101110
00001010110
11101001000
00101100000
11011000101
00001011100
11111010001
00000100101
11101010000
00010101100
00010011110
01000111010
00100001011
00111000100
00001100010
00111111000
11111010101
00101100011
00000010010
00010100000
11101110011
00000111010
11011101111
00001011001
11010111000
11110111011
11111011100
00101001010
11101111110
00001011110
11110000100
00101010000
11110010101
00100101001
11001100011
11111110000
11111001000
00100111101
11111000101
01000010101
00101100100
01000101000
00001000010
01000001111
00001000100
00111001110
00000000101
00001100101
11101010011
00010110111
11011101000
11110100100
11000011101
00100010011
00001110010
00011111110
11100110011
00010001010
11011101010
00010110001
11101010110
00000100000
11100011001
00010010101
11110100111
11111100111
11010000110
00001101011
11111001110
00011011100
00001001001
00100101111
11110100101
00111001000
11101010110
00011000101
11011000001
11110111110
11010001001
00000100010
11011000100
00010110111
11110110010
00101110100
00000111001
00100001101
11011000001
00100111010
11111111110
00011101001
11101001011
00001010110
11010011101
00010101111
11101001000
00010110001
11100110111
00000000011
11111010011
00100011010
11101111100
00001111011
11110101001
00001011111
11101111010
00001010000
11011001001
00100001001
11101010010
00110110001
00000111001
00011110110
11011010001
00000011000
11111111100
00000000100
11011110100
00100111000
11010011101
00010101010
11100010110
00000011111
11100110010
00000011111
11110110101
00001100001
11110011110
00000001101
11100010101
00010001110
11101010101
11111011100
11100000000
00000111000
11100011100
00010011001
11100011001
00100001111
11110111010
00100101000
00000000100
00101011000
11010100100
00101100011
11111111001
00101011000
11111010100
00010110110
11010010111
00100101100
11011111000
00001100100
11110011000
00010110110
11100001001
00010010001
00001011011
00011000101
11110001111
00010111100
11011111111
11110111001
11110001010
00100110110
11111001010
00100011010
11110101110
00010111110
11011011000
00101011100
11111110000
00100110110
11010110011
11111111100
11010100001
00011100100
11000011011
00011001101
11010011101
00011100100
11010101111
00000001001
11101010001
00100000100
11011010110
00001111110
11110000000
11110111100
11100010001
00001101001
11111001111
00101000100
11110001011
00001110010
11100110101
00101101001
11100001011
00000011000
11101100111
00010111101
11111110001
00010100000
11101010011
00100101001
11100001010
00000000101
11000110111
00000101111
11100101011
00000110010
11100011110
00011001101
11010010101
00010111011
11011001011
00100001100
11010100100
00101011010
00000100111
00010100101
11110011101
00001000010
11111000111
00100110101
11110010000
00100101001
11011001110
00101100101
11010111101
00001100100
11100111111
00101000110
11011100110
00100111100
11010101001
00000011010
11101001100
00010001100
11010111101
00001010111
11110000001
00001011101
00000010000
00010111101
11100101011
00101101010
11111011100
00100110100
11100010111
00001010010
11110110111
00000000010
11101111100
00010001010
11011001001
00011110011
11110110011
00100000011
11100001111
00000100111
11111110111
00000110101
11111010111
00011111000
11110101000
00100110110
00000001101
00010000101
11100100101
00101011111
11101111111
00010010011
11011111100
00100001100
11100110101
00011111111
11101001010
00100011100
11100111101
00001001001
11111111110
00100001101
11110110101
00010000110
11111010000
00000011011
11111101101
00001111101
11011100010
00100000100
11101011010
00100100000
11010110101
00010111001
11100110110
00000010001
11101011000
00011010100
11110010110
00001110000
11110011010
00100111111
11100111011
00000111111
11101000110
00000111111
11011000110
00000001111
11010101001
00010010111
11110101000
