00100101000
11101000001
00011001111
11010100100
00000110011
11111011000
00000001000
11100011001
00101010101
11110110001
00100101010
11110101101
00011100010
11111011011
00000000110
11110010010
00011101100
11010101111
00010001001
11111010010
00000001100
11111101101
00100010111
11111011101
00000011001
11110000110
00100101011
11101111001
00001000000
11101010110
00010100101
11111111110
00000000011
11111110010
00101011110
11111001011
00000110110
11010011100
00100011110
11111011101
00001001110
11100100011
00001111000
11011010110
00100001111
11110001000
00000111001
11101110101
00001100110
11101000000
00010111010
11110001110
00011010011
11110010101
00010010110
11100010101
00011100101
11110100101
00000001100
11011011011
00100000101
11101001110
00100100011
11011111111
00011000011
11011100110
00101000111
11100011110
00100111000
11100101110
00100110011
00000010101
00010010101
11111110101
00101000101
11111111111
00010110000
11111111110
00010011101
11011110101
00011000011
11010101110
00000010111
11111010000
00001010110
11101010011
00100011100
11011000101
00100001000
11011010011
00011110110
11101100100
00001111110
11101100100
00001111000
11100010010
00010111100
00000110001
00011100101
11111111110
00101001010
11111000010
00001011011
11111101111
00010011010
11001111111
00000000011
11010110101
00101011011
11100111111
00011100001
11101000011
00010101100
11100000111
00011101110
11011111110
00000111101
11101001111
00011010011
11010111011
00001110100
11111011010
00011101010
11110001010
00110010001
11110101000
00100111100
00010001011
00101111010
11100011100
00010111111
11110000111
00001010101
11101111101
00010010100
11011001111
00001101000
11100110111
00011100011
11110010011
00000111000
11110100111
00100101011
11100011110
00101001100
11100111001
00001101111
11111000100
00101010101
11011101111
00001101011
00000011110
00011000000
11111000111
00110100111
00001111101
01000001100
00010010111
00100010001
11110101001
00011110010
11111010110
00000110111
11011110101
00011111111
11100111001
00001111100
11111011000
00001001010
11010101111
00010010110
11101111111
00001000001
11110001100
00101001010
11110110010
00100100100
00000000101
00100011011
11101110100
00001010000
11101100110
00100000010
11101011010
00101010100
11101001101
00100101010
11110110110
00011010011
11101111001
00011000110
11110101011
00010011011
11110010011
00101001101
11111100110
00101100111
11110101110
00001000010
11110111000
00001001111
11101000011
00011110011
11110111000
00110011000
00000001101
00101101011
11101100101
00100100001
11100100011
00010101011
11111111001
00001010110
11111100101
00100110111
11101100101
00110010110
11111010000
00011101110
00000110010
00011100001
11101000110
00010010101
11100110000
00000110000
11110011100
00011101110
11111011111
00011011110
11100011000
00011011000
11110110100
00110000110
11110010010
00011011001
00010011100
00101000101
11111000110
00111101001
00000100010
00011100011
11111101001
00011011101
11111011100
00011011101
11110101101
00010101111
11111101011
00111011110
11111100111
00011101101
11110111100
00000101100
11010111111
00100100100
11110111011
00001110001
11110100111
00011111001
11111001000
00101001111
11111000001
00011111001
11100111001
00010100110
11110000111
00010110000
00000101001
00101001000
11110110101
00001110011
11111000101
00011010100
00001101001
00110100100
00000100010
00111110111
11111111100
00010100000
11101011110
00101001111
11011100111
00011111111
11111110111
00100001111
11101100110
00001111110
11011010100
00100111111
11011101110
00000101101
11011100001
11110001000
11010001010
00011011010
00001011110
00000101011
11110011101
00001010010
11110110011
00011000001
11101010101
00101110100
00001110000
01000010111
00001111010
00010100100
11101111111
00011011001
11100100100
00100111010
11100111111
00001101011
11011110011
00000010011
11011111111
11011110010
10111110100
11111111000
10110110011
11111100010
11101010100
00011101111
11101100001
11101110111
11011100111
11111000001
11010100111
00001111001
11100110011
00001010000
11110010000
00111111010
11101101101
00010110111
11100001111
00100010100
11011100110
00000010011
11101110001
00000101111
11000010110
00000100001
10111000110
11101010001
11001101001
00000110001
11011001011
00001011011
11011101100
00010100111
11011001010
11100001100
10111110110
11110010011
11001001111
11110110011
11101010100
00011100000
11101000001
00011000101
11011110110
00011100001
11110100111
00010111011
11111111001
00101001101
11110001011
00010100111
10111011001
11110100001
11010001111
00001001100
11011011110
11110111100
11101111010
00011010001
11110000111
00011111001
11000111110
11101101100
11001101101
11111100000
11011100000
11101011100
11010100100
00100101101
11111010010
00100110001
11100100111
00101010011
11111010111
00010101101
11101001100
00010000101
11010000110
00001010000
11011000011
11101110010
11011011101
11111011100
11011011101
00011001011
11111010111
00100110100
11110010110
00010110110
11010100010
11101000111
11001111001
11100010001
11001110101
11111111100
11010000000
00000010100
11101000000
00010111011
11110010011
00100011111
11111001111
00000000110
11100010001
00001011101
11101001011
00000000100
11011000000
11111100110
11010010110
00011101101
11101000111
00001011001
11110110000
00101000000
11101110110
00001011001
11010110000
11100000100
10111100110
11111011010
11000100010
11101111011
11101110110
00011101110
11101101010
00110011100
11111100010
00001000010
11110100000
00011010000
11010111111
00010010111
11101000100
00011011001
11011111011
11110101111
11010000001
00000001100
11101111011
00100010111
00000110001
00100100100
11110110111
00001000111
11011111001
11110010010
11010001000
11110001001
11100111101
00000110011
11101110010
00100111110
11111001110
00100011001
11101101011
00000110110
11110000110
00100100100
11110100100
00011101001
11110110001
00010010110
00000011111
00101011011
11011010111
00010010000
11110011010
00011110000
11101011010
00110101100
11011000101
11110011011
10111111001
00000110101
11100000010
11111010000
11101100110
00001101011
11111001000
00110000000
11110011011
00110110000
11111001110
00010001101
11110110001
00100101111
11101010101
00011010100
11101011001
00110001010
00001001101
00011000110
11101100111
00010001010
00000000011
00100001010
11100010001
00001011001
11110000101
00000111010
11000011111
00010101001
00000001000
00101111110
00000010010
00101000111
11110010110
00111110010
11110010100
00100011000
00000010011
00100010101
11111101010
00001111111
11111010100
00001101011
11111011101
00101010100
11101100111
01000010011
00011101000
00101100101
00000101011
00101110100
00010101001
01000011101
11100111011
00000010011
11101111110
00010101000
11011101001
00110011011
11110100110
00011011011
00000111010
00100100010
11111010000
00100000110
11100110101
00011101001
11011111111
00100001110
11101101111
00100011100
00000000001
00100110100
00010001110
00101011110
00100110011
01001110000
00110001000
01000100001
00001110001
00110101000
00000010111
00010000111
11111010011
00000100011
11111001011
00011011010
00001101111
00101101101
11110111101
00100101000
00000011100
00011110110
11111001001
00000010000
11010101101
00100101011
11100001101
00011110000
11101011011
00010011000
00000011100
01000001000
00001110011
00110110111
00010111110
00111110101
00010111001
00100111011
00010101110
00011110110
11110001111
00010111011
11101111000
00011100011
00000100001
00111001000
00000010101
00110011101
00000011111
00010000100
11011001110
00010101101
11011010110
00000010010
11101000110
00100011001
11011011100
00010001110
11111101111
00101100110
00001010100
00110000001
11111000100
00101011011
00000100010
00100001000
00000010011
00101100010
11101101111
00011101100
11111101110
00100001100
11101100001
00011111011
11100001010
00001010011
11101101010
00001010110
11011100011
00011101001
11100111101
00011101110
11111010010
00010001000
11100001011
00100001100
11111110111
00100010010
11100000001
00010101110
11110111101
00001000111
00001000010
00100010101
00010001110
00101010011
11111100011
00100000010
11101000000
00011111000
11100111100
00011100010
11101010110
00000001110
11101001001
00000111011
11110100110
00101100110
11101110101
00000010011
11100011000
00101001110
11100000001
00100010111
11101101111
00001101100
11100010000
00001000011
11111011010
00001101111
00010001011
00011100000
00000001100
00100111111
00000101111
00011001100
11101110100
00011000111
11110100111
11110001010
11011110100
00001100010
11010101111
00100010100
11100010001
00001110001
11010111100
00101010001
11110010100
00001101000
11010011101
00101001110
11110001110
00011100100
11010111101
00001000001
11110011101
00010000100
11101010010
00011001100
11111110001
00001101010
11110111100
00010101110
11011100111
00001101001
11101001010
00011110000
11100111110
00000101101
11010010000
00100010100
11011101110
00100100111
11101000101
00010100101
11111010111
00010011001
11101101111
00010010000
11011110001
00001110111
11101011101
00100110001
11111000000
00000100101
11110001110
00010000101
11110111110
00010110110
11110001011
00011111110
11101000010
00011010101
11100111101
00000000010
11101111110
00011111000
11111101100
00011100011
11010100101
00000001111
11101101110
00100001010
11011001110
00101001101
11110110111
00101011011
11110000001
00011011010
11101110111
00000011010
11111111110
00100010001
00000000001
00000101111
11011010100
00010101101
11110000001
00000100110
11010101101
00100011100
11011101100
00010100110
11101001010
00001011001
11100110110
00100100100
11010101000
00011011101
11101100000
