00010110100
11111101001
00100001000
11011000101
00001000011
11010100000
00101000100
11101010001
00000111111
11011011101
00100010101
11101010001
00101000101
11011001010
00101000010
11111110011
00100001110
11111011000
00011110100
11110000010
00010100000
11111100010
00100010000
11100001011
00100011011
11110100111
00010100010
11100111000
00101001111
11101100100
00011000011
11101100100
00010110011
11110011100
00001110001
11100001011
00001011111
11110110010
00001000001
11101101100
00000001101
11010101111
00101000111
11010101000
00100100001
11011011001
00101011101
11100110101
00101001111
11100010101
00101001001
11101111000
00100001001
11100001101
00000010111
11101000011
00101001100
11101000111
00000011111
11011001011
00101010101
11100011110
00001101100
11101100011
00101001101
11100110000
00001000111
11111010110
00100111001
11110100000
00011100111
11011010001
00001101000
11101010101
00100101010
11111110100
00010001101
11011110000
00011100110
11110011000
00010011001
11100111000
00011110001
11111000101
00001010100
11011110111
00011111001
11111000101
00001011011
11011100100
00000000110
11110111100
00010101111
11110100110
00100000110
11110100000
00101001011
11011100010
00010110100
11011111010
00001001010
00000001101
00100001101
11110101111
00100001000
11110001000
00010101010
11010100111
00001001001
11111100100
00001100111
11100100100
00011100100
11010101000
00100010110
11011000111
00011111000
11101001100
11111111111
11010011100
00001001101
11111010101
00000001101
11011001001
00000010100
11001011011
00010110000
11011111101
00010010011
11101100100
00000101100
11100010101
00011011011
11100100100
00000111111
11111001111
00000110011
11101001010
00001001000
11110010101
00011010110
11101010001
00101000111
11110101001
00010001110
11011011010
11111100010
11101011101
11111100011
11101100111
11110111110
11100001110
11111101111
11101101011
11111011000
11100000011
11111110001
11111111111
00101110001
11101011001
00100000101
11011100101
00011011100
00000110010
00100001010
11101100011
00001110100
11011101100
00101100101
11101000101
00000011001
11100011110
11111010000
11000110001
00010001110
11010111111
00001100111
11001011000
00010001001
11011110001
00010000101
11110111110
00100011000
11111110110
00101000000
11110001111
00100101000
11111111010
00001100101
11011011111
00101011100
11100100000
00101000000
11111110110
00000010011
11101111110
00011001100
11101111000
00000101101
11100010110
00011000010
11011111001
11101010001
11000011010
11111010101
11001100101
00001110111
11011111010
00101101101
11101000100
00110100010
11101111110
00101111101
11011101000
00001100110
11100011111
00000101011
11110010001
00011011010
11101110010
00110100101
11110111000
00011100111
11100111011
00010010100
11100001001
00101000000
11001010101
11101011011
11011110001
11111001010
10111111101
00000001100
11011000101
00011000011
11011000100
00000111100
11101111110
00010010010
11111011101
00011110011
11010010111
00010001011
11011010010
00100100101
11011101111
00001111110
00000011111
00010000011
00000101100
00100110001
11011010000
00010001011
11101010100
00001111110
11010000101
11101101111
11010001100
00001110000
11101111000
00001110101
11101010110
11111001101
11011110010
11110011010
11101011111
00010010000
11011001000
00000111000
11100100000
11111011101
11101000110
11111111001
11001101111
00000111101
00000001101
00101101100
11100011101
00001000110
11011000110
00100011100
11111101110
00011100111
11101010000
11111101111
11100011001
00100101100
11100100011
00011010101
11101011001
00101010110
11101010000
00000010011
11010011110
11100000110
11010001100
11101000110
11010001101
00000110111
11100001011
00001001110
11110000011
00011100001
11011101101
00001010101
11111101011
00100001101
11111010011
00100011100
11010100000
11111011011
11011000100
00010101001
11011001001
00101010010
11111100000
01000001111
11111000001
00011111001
00000011100
00000001011
11000000001
11000110101
11000001011
11110110000
11100011101
00001011011
11110101111
00100110000
11100110011
00010101101
11110010100
00101011011
11110011010
00000100000
11111000010
00001111101
11011000010
00001000101
11101111101
00010111100
11110101010
00101110110
11110001010
00011010100
00001101101
00101000110
11111111000
00010100110
11101101001
00000110000
11100001100
00011010010
11111110011
00010111000
00000000001
00110011100
00000010010
00101110101
11110110100
00101011000
11110101110
00101100000
11011110000
00010110010
11111100000
00100101101
11010001111
00101001000
00000100111
00111010110
11110110110
00110011001
00001011011
01000010111
00110001010
01000101100
00010011100
00110100101
00000110001
00011101010
11110111001
00100001010
11111010011
00001111100
11101100100
00100101111
11101111110
00101010000
11111010101
00010100110
11100100010
00001110101
11101011110
00001110111
11010110000
00011000000
00000011001
00110110001
00000100101
00110001000
00001001100
01000100010
01000001011
01000110001
00000101000
00101110111
11111000000
00011101111
11110111001
11110011000
11010000100
00011110101
11101111001
00101000101
11100101110
00101100100
11110101101
00011111101
11100001101
00001110001
11110111110
00001100010
11100000101
00100001010
11111110100
00110100110
00011101100
01001000010
00100010000
01000011001
00011100111
01000011110
11100110011
00010110000
11111011111
00011000001
11110011111
00001010011
11011111000
11110100000
11000110011
00000100011
11111111111
00000101101
11111100100
11111111111
11010011011
00001011000
11011111000
00011101010
11100101101
00110000110
11110111011
00110110100
00010111100
01000100000
00010011011
01000110011
00010000011
00101111000
11100101011
00000100111
11110001000
00000110001
11100011111
00010011011
11001001011
00001101011
11001101111
00100101101
11110111011
00001101010
11110011000
00001110100
11101011000
00001010011
11101111001
00010011101
11101000111
00001111111
00010110001
00110000000
00100111110
00101101001
00011100010
01000010010
00000111111
00100111100
11100101110
00000001101
11101010010
00011110001
11110000011
00001000011
11010110111
11110100101
11101100001
00000110110
11010010011
00011001000
11101110010
00000111010
11010011010
00010101110
11100111000
00010011110
11011011100
00110101010
11110011000
00101111010
00011100111
00100010110
00011000011
00101010110
00001100100
00001011010
11010110100
00010101110
11110111001
00100011101
11110110100
00001000001
11110100001
00010011001
11100101111
00101010010
11100000010
00010101000
11101110001
00100010001
11111011100
00011100100
11010011011
00000010111
11110011100
00011100011
11111110011
01000010010
00000001001
00100101010
00010000110
00100101000
11100100111
11111101101
11011011001
00010011001
11100011000
00000100010
11110000110
00010111011
00001110100
00100100001
11111001111
00011001011
11101110011
00011010101
11101101011
00001011011
11111110100
00100001001
11111110001
00000101011
11100111001
11111111100
00000110101
00101110111
11111111111
00110010010
11110110110
11111101011
11100010100
11111100110
11100001101
00010111110
11110001000
00000101100
11110000001
00011110110
00000100110
00001101011
11110001110
00010110000
11010111100
00011100101
11011111001
00010011010
11110111010
00000110001
11100000011
00001010000
11010011110
00011011110
11110100101
00010101111
11101100110
00100101000
11101100010
00010011101
11100110011
11111101011
11101100000
00011010010
11101011111
00010111111
11101100110
00001001111
11100101000
00110100010
11110110001
00010010000
11111100101
00100111111
11100110000
00000010001
11101000101
00001110111
11101010000
00011111101
11101000001
00000010011
11001100111
00000101000
11001000010
00001010111
11101111111
00100101100
11100010001
00010100011
11110100110
11111110011
11100001011
11111110101
11010111101
00100101000
11111000000
00010100001
11011110111
00010001111
11110101110
00010011000
11101100010
00010010101
11110010100
00000010100
11101011001
00100100101
11101100100
00100011001
11011011000
00001010100
11010111001
00000110001
11111001010
00001001111
11011101101
00010110111
11001011101
00001000000
11011100100
00001001101
11001011011
00010001001
11111010011
00101100011
11111001101
00011101001
00000001111
00010100110
11100110010
00010011110
11011001011
00000010010
11011001110
00000111011
11111001111
00001010011
11001010111
00000101010
11100001001
00001100110
11101011011
00010010000
11110000111
11111111001
11010000110
00000110001
11100001001
00000011100
11101010011
00011001111
00000111010
00100000001
00001011000
00011000101
00000000110
00011000111
11100000101
00001100011
11010011010
00001101101
11100000000
00100110101
11110000000
00011001000
11111101100
00010001111
11010101011
11111100000
11010011000
11111010111
11010100000
11111101010
11011000110
00001000010
11011010100
00001001111
11110010101
00000111001
11110100110
00101101111
11101101010
00100000101
11111101001
00100001101
11011000000
00001101001
11110010101
00011011101
11100110100
00001101011
11010110111
00001110001
11111010110
00010000101
11100000111
00010010111
11101100001
00100011010
11110011111
00100011110
11010101011
00010101001
11001101101
00001111011
11101011001
00011010110
11011100100
00011010000
00000000011
00000001101
11101110011
00011111110
11100011010
00011000001
11101011011
00011000011
11011010110
00100010000
11111000111
00010010000
11111101011
00000011101
11100010010
00001010100
11110000010
00011000001
11101011101
11111111111
11101111100
00011001000
11011011010
00000101100
11101010110
00011010110
11011101111
00011010000
11100101011
00001101110
11110101010
00011011110
11101111001
00011100011
11110001011
