00000111110
11011100110
00011001010
11111111110
00011000100
11011111110
00010010010
11100100111
00100011110
11111011110
00100100111
11111001011
00011100100
11110101101
00001010010
11010110101
00100101100
11010011011
00000101011
11111000000
00100001101
11011011010
00100100000
11110000110
00000110010
11111110001
00101011000
11101000111
00011110010
11110011010
00011000000
11011001111
00000011010
11111011100
00100110010
11100100001
00100100001
11110011111
00001010001
11100100000
00001111110
11111101010
00100010011
11010100001
00001101110
11010011010
00101000001
11111010010
00101100000
11111101010
00001101001
11011110101
00100110011
11111011100
00000011110
11010011011
00000110011
11111110001
00010111000
11011011011
00001110110
11111101110
00011101111
11101101110
00000101110
11101000111
00000000100
11010101101
00100011111
11110011100
00010111000
11110100110
00001000010
11101010010
00000000110
11100010000
00001100110
11111010101
00011100110
11110000001
00000101000
11010100100
00000100001
11010101110
00000100000
11111000001
00101010000
11110101110
00001001110
11101011111
00000010001
11101000000
00010110010
11100011111
00110000001
11101011110
00010010110
11011000010
00011000101
11111111100
00001101001
11110101111
00000011111
11100011010
00010001111
11101011001
11111111000
11010101000
00001111100
11011101100
00001011110
11101100111
00100010101
11110000010
00010000100
11011001100
00010111111
11110010110
00000011101
11011110001
00100001101
11111101011
00010101111
11111011001
00101011001
11111000111
00110000001
00001000011
00010100110
11110011100
00010000110
11110101111
00100001101
11101101100
00100010100
11101100100
00010110001
11111110010
00001001100
11010111100
00100100100
11101011001
00001110111
11100110011
00100101011
11100000111
00010010100
11101110001
11111001100
11100111000
00001001101
11100011110
00100000100
11110111101
00001001100
11111000011
00100011000
11011110010
00100010101
11100010000
00010101101
11011110001
00000010010
11101010011
00100011001
11110011100
00010100011
11100111001
00001010010
11100010010
00010100101
11111110110
00000111000
11011100100
00011001100
11010001000
00010000001
00000000111
00010101100
11110011100
00100110000
11111101100
00011010011
11111110100
00100001110
11100101111
00011100110
11111001111
00010000110
11101101011
11111100101
11001111111
11110101101
11100100000
00100011001
11111001010
00011110111
11110100000
00011111111
11010110111
00101011001
11110111000
00101010011
11111000101
00101001010
11101110010
00010000110
00000010110
00110001110
00000110000
00111100011
11111111110
00011111110
11101000101
00001110100
11110101111
00011011110
11110001011
00100000101
11001100000
00001110101
11110010010
00001011100
11010011110
00011001010
11111100001
00000110000
11110101010
00010001110
11011011100
00001000010
11110001010
00000101110
00001011110
00100000110
11101100111
00111001010
00000110111
00101011101
00000111101
00100100111
11110010101
00100010011
11111100110
00011101100
11111011011
00101000110
10111111011
00000001010
11010100100
00011011000
11101001110
00100000100
11010110111
00010101010
11110101100
00000100110
11101001000
00011011111
11110010100
00010111110
11101001010
00100001001
11110111000
00100110000
00000010010
00100011001
11111011010
00010110010
11100001001
00101001010
11111001011
00001011000
11101011110
00010111000
11001101111
00010001110
11101100111
00011101011
11100100010
00100101000
11110001100
00000100100
11101000111
00001101100
11100110001
00100010111
11101110101
00000100110
11100100001
00001011111
11001111110
11010111111
11010010010
00000010101
11011110100
00000010110
11100011010
00010100100
11101000100
00010110001
11111011110
00100110100
11100011111
11111111001
11111010101
00000111000
11111000111
00001001000
11011001000
00100010010
11111111011
00001000101
11001111000
00000100001
11010101000
11111100111
11001100110
11110000100
10110110110
11100001011
11001011010
00011000101
11101001110
00001000110
11101001010
00101110000
11110101111
00110110100
00000010110
00011001011
11110110111
00101001100
11111100010
00011010101
11111010010
00000101000
11011100111
00001100110
11110001011
00011010001
11100101011
11101000000
10111011010
00000000001
10111010110
11011110110
10110110010
11001101101
11001010100
01000101111
00000001100
11110010110
11110111010
00001101111
11110101011
00101101111
11100100010
00001111001
11100011100
00000111100
11111101101
00010010111
11110101111
00000110111
11111111111
00010000001
11110100010
00011011101
11000100100
11101001000
11000110111
00000001111
11000101100
11101110011
10111111101
00010011110
00000110001
01000101000
11110100010
00000010001
11011100111
00011001001
11100101110
00001010000
11101100010
11111111101
11001100010
11111011100
11110100000
00100101110
11100110110
00001101100
11110110111
00100100000
11101011010
11111111010
11011011010
11111001011
10111110010
00010000111
11100101000
00000011000
11101000011
00011100111
00010101100
00100101000
11111110001
00000011000
11110111001
00000111000
11010011110
00011100110
11010100101
11111100100
10111010011
00010110001
11110100001
00010111111
11110110010
00010011010
11110011011
00100011101
11011110111
00010001000
11010111000
11110010000
11001111000
00001011000
11001110000
00010111010
11100110110
00011010111
00100110110
00100100010
11111100001
00100001011
11101111110
00001011101
11110010100
11111011000
11001001110
00000101101
11011100011
00000000010
11101010001
00000110011
11110101010
00011110011
11100110110
00010100111
11111100011
00100111100
11110100100
00011010001
11100011001
00011001000
11111110110
00000011110
11101010110
00111000100
11110111101
00011101001
00001101000
00110010001
11110111100
00001001000
11011011011
00000010111
11101001000
00001000111
11001101110
00011111000
11101100001
00101011100
11111100101
00000010101
11010101110
00001110110
11100010111
00011100100
11100010011
00011101110
11101001111
00000010100
11100001101
00010111000
11011101001
00110001100
11111000011
00101110011
00000011010
00100110110
11100010100
00010111111
11101100010
11110011101
11011100001
00010111110
11100001000
00011001100
11110011000
00010000110
11111000110
00000011111
11111000111
00001010110
11111110000
00001010110
11101111001
00100000101
11100011001
00001100101
11010010110
00011011110
11110100110
00100000110
11111111100
00101011100
00010100100
00011110000
11101001101
00011101000
11011111100
00010011011
11011001010
00011111111
11011111110
00110110001
11100111111
00010011011
11110101111
00001100111
11100000000
00010010010
11110100100
00110000001
11101010000
00010000100
11011001101
00000111010
11100100000
00001001000
11011011110
11111111000
11110001111
00001001100
11110000001
00010010101
11111101000
00011000001
11100101000
00001101001
11100111101
00001111000
00000110010
00110111100
11111011101
00101101010
11011111001
00000010011
11101111001
00101100100
11111001001
00010011111
11111100011
00100110101
11100001100
00000011101
11101000000
00010001111
11011011010
00000001111
11011010110
00010111001
11010010011
11111010011
11010011001
00000100010
11101111000
00001010110
11011100000
00110010001
11101110101
00011011000
00000001010
00101100101
11111010110
00010001110
11010101110
00100110111
11110001100
00011001110
11100111011
00110010011
11111101011
00001111111
11101010011
00000111110
11100000111
00000110010
11011100100
11111011010
11010011001
00010000111
11100010100
11111010000
11010011110
00001011000
11110110010
00010110010
11101010100
00010010001
11011000111
00011110110
11101110000
00000100010
11100010011
00010111100
11101100010
00100000010
11111000010
00111010110
11101011110
00010101000
11100111000
00001101000
11100011111
11111000110
11001111011
00001101110
11000100110
11101111000
11101110000
00001111110
11011011110
00010110111
11110011010
00101000011
00000010101
00100011010
11011001011
00101001011
11011001100
00100111001
11100100111
00001011110
11010101100
00001110011
11100000000
00011110000
11101011011
00011000100
11110110010
00011111011
11100110011
11111110100
11110010000
00011010101
11101010110
00100110001
11110000011
00010101110
11011101110
00011101100
11100100010
00100000111
11110000011
00000010110
11101101011
00010100001
11100000011
00001111001
11101111100
00011001010
11110110011
00101011110
11011011101
00001011011
11111011110
00100001011
11100110010
00000110000
11100010100
00001001101
11011001000
00000101001
11111011010
00001000100
11011111110
00011101001
11011010011
00010001110
11011011010
00100001101
11111001000
00010111111
11101101001
00010110001
11100111111
00100110111
11010101111
00001010111
11110110100
00001101101
11011011111
00010011011
11110100011
00011111010
11100111001
00011000111
11111001111
00010001110
11100101001
00000010100
11111000100
00011110110
00000011100
00011011110
11101001101
00000101101
11010100111
00010101100
11101010010
00100110110
11110101011
00011010011
11101110110
00011110000
11111100010
00101001011
11101000000
00000001001
11111000011
00100001010
11110001011
00101101011
11111011010
00011110010
11101000000
00100100100
11111101001
00101011110
11010111100
00100101110
11011101100
00001111001
11110011100
00101101101
11100010000
00101010101
11111110011
00011110010
11101100000
00010110101
11100111111
00011110100
11111011110
00101001011
11110000010
00001000000
11011010001
00100111110
11110110111
00000000101
11100100001
00011000100
11010011111
00100011010
11111001011
00011011011
11101000001
00001101001
11101011111
00010111000
11111100111
00001101101
11011110000
00010010011
11110011000
00010100000
11101111111
00001110101
11111010101
