00001001111
11011010110
00101100011
11101111100
00010100000
11100010100
00000010000
11111101111
00100001110
11111000010
00000100010
11100100011
00011000001
11101001100
00001001001
11011001110
00011100000
11100011111
00101011000
11011110111
00001101101
11100010001
00011010011
11110010011
00010100110
11101100001
00101010000
11100111000
00000110100
11111111111
00010100100
11101111101
00100101100
11101100000
00100001010
11110100000
00000101110
11011101101
00001110111
11011001100
00101011000
11101101100
00010101100
11101010010
00101001111
11100001110
00001111100
11100111100
00001110011
11110010101
00001101010
11100100100
00101011100
11011000011
00101001001
11101100100
00001110110
11011001101
00101100100
11101010110
00100110100
11101011111
00100110001
11100010011
00101010011
11101001100
00101111111
00000011011
00010110000
11111010000
00101110110
11111010000
00100110000
11110011100
00100101011
11100110000
00000100111
11111101001
00001100101
11110011001
00010100100
11101001010
00101010100
11101110000
00010001100
11011001001
00100101100
11011111101
00100000011
11011011001
00001001100
11101000001
00010000111
00001010011
00010101001
11111110110
00011101111
11111100010
00010110010
11101010010
00101000001
00000101001
00010101111
00000001010
00011110111
00001100011
00110101001
11110100101
00001011010
11111000010
00100001001
11100101011
00011101110
11100000111
00101100101
11111101100
00011000101
11011010010
00100001101
11110011001
00100000010
11011101000
00101000111
11001010010
00011110111
11101111111
00000110101
11101101001
00010110011
11101100111
00011000110
11100110111
00100100000
11101111100
00010100001
11100010110
00011111001
11110100000
00000101101
11010100001
00001111000
11011000011
00011001101
11010010010
00010111100
11100010101
11111100010
11110011100
00010000000
11011010101
00000000101
11100001110
00010000111
11101011001
00001001000
11100000001
00000000100
11100110010
00000111111
11100110111
00100000111
11100100110
00100011100
11010100101
00010010101
11111001100
00010100110
11101001000
00001000011
11100100000
00010101111
11100110100
00010001110
11110011111
00001100001
11110101110
00010010100
11011110011
11110110110
11101100011
11111100100
11010000101
00000011001
11101111000
00001011011
11101000001
00011010010
11101011011
00001001101
11100111001
11110010000
11001001111
11110100010
11001000111
00001101100
11010100110
00101011110
11011000010
00010100111
11110101100
00001111000
11000111100
00010101001
11111001111
00000000101
11110100101
11111011101
11010111001
00001000001
11011100101
00001110101
11101000000
00010101111
11001110101
00001101110
11001101001
00010101010
11011000111
11110100011
11011101010
00000010111
11010111000
00011101111
11010100101
00010101011
11111001110
00100111101
11101000001
11111010110
11100111001
00011000000
11100101101
00010000111
11111001001
00010001110
11101011111
00010101111
11110000001
11111011000
11101100111
11101110111
11010110011
00001010000
11110010111
00000111011
11001011011
00010010000
11001001110
11100111100
11011110110
00010000000
11011000101
00100010111
11110101110
00100011110
11110011001
00001110010
11011111001
00100001111
11110001101
00001000000
11110011111
00100011100
11110001101
00110100111
11111101011
00101010100
11110111010
11110111111
11000111100
00000011001
11100100001
00000111011
11000110110
11101101011
11010100000
11110010100
11011101100
00001110000
11011000100
00010010101
11010100100
00011111010
11110101000
00000110011
11101001111
00011001110
11101100011
00010100000
11111011101
00101101110
11110111111
00011100000
11100000011
00100100101
11110111000
11111101000
11001011011
11111010001
11010110000
00000100110
11011110101
00011011010
11101100000
11111110010
11000100011
00000010111
11110100111
00000100101
11100010001
00000011110
11100111011
00011101110
11100011000
00101010001
11100111111
00011011010
11111111101
00010011001
11101000000
00001000110
11100011101
00101000001
11101000101
00001101011
11011001011
00100100110
11101000010
00011101100
00010101001
00100011001
11100010100
00100010011
11110111110
00101000110
11101111111
00101100110
11111000110
00011010011
11111011010
00100111110
11100110010
00100010111
11110010010
00010101101
11110011000
11111001010
11000100111
00000010011
11010101010
00011011101
11110101011
00010100100
11111011010
00100011011
11111010010
00011011110
00010110010
00101001110
00000001101
00100110110
11101100011
00001111111
11101001011
00010110011
11110000011
00100110100
11101010010
00011001000
11101100000
00011000100
11101100011
11111100110
11101101010
00000101101
11000100001
11111111001
11111000100
00100010111
00011011100
00110010100
11011110100
00100011101
00000001000
00011100011
00001100111
00110000111
00000110101
00110010010
11100011100
00100100000
11100100001
00000110010
11111000011
00000101100
11100100011
00010110101
11010000100
00001000110
11110101101
00000000010
11001001001
11101110010
11010010111
00010010101
11111101001
00100100100
00001001111
00011111100
11100111111
00001100100
11100011001
00010111001
11111001011
00011011000
11101001001
00100111011
11011011100
00000100010
11011111001
00011000110
11011000001
00001111100
11100010001
00000001101
11101001010
00010110100
11100111001
00001001010
11010001101
00000100001
11010011011
00010100001
11110101110
01000100110
00011100110
00011101111
11100111110
00010100001
11010100011
00000000001
11110001011
00100100010
11011011011
00011010000
11111001011
00011111001
11101111100
00000010111
11011100010
00000011010
11100011110
00011011011
11101001010
00010010111
11100111100
00101100100
11100111110
00011001011
00010111111
00101010010
00001010111
01000101001
00010001000
00100110111
11010000100
11111100100
11101110110
00000101001
11100010111
00010100010
11010110011
00001111011
11101011011
00100110000
11010101010
00011111110
11100101111
00001100101
11011010100
00001000010
11011111101
00000100110
11111111011
00110100010
00001101110
01010010000
00101011011
01000111100
01000000110
01000010100
11111011111
00001110000
11000010110
11111110011
11001011110
00000000110
11011101111
00011011010
11010011111
00010010001
11100101011
00100011111
11011100011
00000110011
11100000101
00011111110
11010100010
11111111011
11100011111
11110111011
11010111110
00011111010
00110100001
01010100111
01000000111
01010010101
00100011101
00100100010
11110111111
11111001110
11011000110
00000000010
11011100101
00011011100
11100110111
00000110000
11110101011
00011000000
11101111101
00000100110
11010111001
00000010000
11010110000
00011110001
11101111110
00001011101
11010000010
11011100111
11000101110
00001010101
11110001000
00110001010
11111001100
00110101110
00000100110
00001101011
11011110100
00001001111
11100011011
00001100011
11101101000
00100000100
11010011000
00100001100
11100110111
00001001011
11110100000
00101000111
11100011101
00100001100
11111111001
00010111010
11010110010
00011011100
11100011011
00011010010
11011110101
00001010001
11101101010
00001110110
11110100110
00011101110
11110101110
00000101111
11101100001
00000110010
11100100011
00010110111
11111010100
00000100110
11111101111
00011000110
11100010000
00000110100
11110001111
00011000000
11111001000
00011110110
11101100010
00100010010
11101001111
00001011111
11100101001
00000010101
11101100111
00010001110
11110101100
00000110110
11110100100
00001001111
11101010011
00010100100
11010101110
00011010101
11100010100
00010010011
11011111111
00010101000
11100010101
00001110011
11110101101
00000111101
11100111110
00001011010
11111100100
00101010000
11011100111
00001001100
11100001110
00000100010
11111011001
11111111101
11100101111
00010011100
11110100011
00001100010
11110110110
00000010111
11100100011
00000010000
11011100101
00010001111
11011010101
00100100111
11111100101
00101101000
11101110101
00010001111
11111110110
00100100010
11110000100
00011000100
11011011010
00101010011
11011100010
00101000010
11010110010
00010100000
11110011100
00010010000
11011011000
00001110011
11100111100
00001111001
11011001000
00010011011
11010111001
00000110110
11100010000
00011000110
11011110110
00001000111
11111000111
00110010000
11110000111
00100010010
11101000101
00010100011
11011010011
00100000101
11110111000
00001001100
11110011110
00000001000
11110111010
00000000001
11010011100
11111111110
11100000101
00000001101
11100010001
00001011000
11110001011
00000111100
11010101001
00010101111
11001110000
00010100111
11110011001
00010000111
11111001001
00010001001
11111010001
00011111001
00000000111
00101010110
11110111001
00011011011
11101110011
00000010001
11110000111
00011010101
11110100011
00011011100
11100100101
00010100000
11100010001
00010111101
11100110111
00000111010
11011100000
00100101100
11010001000
00010111110
11110100000
00100000111
11101011111
00001000010
11110110111
00101100101
11110101111
00011011011
11111110011
00011101110
11111000010
00000011000
11100100101
00010000101
11100001110
00000000010
11101101010
00000000110
11100101100
00011111010
11100100111
00001011000
11111101001
00001111110
11011111110
00011010100
11100101010
00010011110
11101000011
00010100101
11111010001
00011110111
11110110111
00100001111
11100010101
00011001111
11100110111
00000010000
11111010011
00011011100
11100000011
00001101011
11100001101
00001110010
11100010000
00001111111
11110001100
00000100000
11101111011
00101001100
11011101101
00101100101
11111001101
00100110011
11110010000
00101000101
11101101111
00101100000
11110110000
00101010110
11101100011
00010001000
11100101010
00011110101
11111100001
00001101100
11110101111
00011101011
11110000101
