00101010101
11010101001
00001100001
11110101011
00010000100
11011111110
00101011011
11010110010
00100001011
11100010111
00011000011
11011111010
00011101000
11100000101
00000011000
11111110010
00010101010
11111001011
00010000011
11110001111
00011011011
11101010000
00100010111
11100001010
00011001000
11011110111
00011110101
11010100010
00000101011
11111010000
00001110101
11111100111
00000100001
11100101010
00001101111
11101011100
00001110001
11110011101
00010001100
11111101010
00101001011
11010110000
00100100101
11101000101
00011100100
11011001011
00011011011
11111011001
00000000010
11010100010
00010010111
11100100010
00010100111
11110111000
00001101101
11111110111
00101010001
11010011110
00000000001
11111101010
00000101011
11110001010
00000101111
11110110011
00101001000
11101011011
00011100111
11110011110
00011110101
11111011011
00001110000
11100111000
00101110011
11111010000
00000111111
11100010001
00101001000
11011010100
00100001010
11010101001
00100011111
11111000111
00011010000
11110100000
00010000001
11011000011
00001101010
11110010100
00100111001
11110010101
00010000001
11010010101
00011001000
11100101101
00000010100
11011101110
00100000000
11001111111
00011101101
11100000110
00100100010
11110100000
00000011100
11001111101
00000100001
11101000000
00011000101
11111000001
00001110000
11110010101
00000100110
11111001111
00010100011
11100001010
00010010001
11011011100
00011001100
11100000000
00000011110
11101001000
00100111000
11100010101
00001101111
11100000011
00100101111
11100011010
00001110010
11011011001
00010101110
11001100110
00001111111
11101010001
00000101011
11100000110
00010100111
11110110011
00001111110
11010100010
00010001111
11100001001
00001011001
11101001010
00100101000
11100000101
00001000101
11110010111
00010000111
11010100011
00011001001
11010001001
11111100000
11001101101
11111001011
11100010111
00011010010
11111000110
00000100001
11001111100
00010101000
11001110100
00011000111
11101111010
00010100001
11100010101
00010011101
11011110111
00000000110
11011110010
00011011100
11101101001
00010011101
11011001101
00101000010
11101101010
00001101111
11101000111
11111011010
11011011011
00001100011
11011101001
00001010011
11100111101
00000010010
11000110011
00001001011
11000101101
00010000111
11101100111
00001110110
11010111100
00100111100
11110101100
00010011100
11110111100
00000010110
11011000110
00100010101
11111100101
00011100000
11101110010
00010011010
11110101011
11111101010
11011001011
11110000100
10111100001
11110110110
11001001100
00010110100
11011000100
11110101110
11010000000
00000100111
11011011101
00000101001
11101011000
00001001010
11101010001
00001100000
11111010110
00001001110
11110111011
00010001011
11011011110
00001011001
11101011110
00011110100
11111110101
00010011111
11101011011
00000111100
11101011001
11110101010
11000011101
11111001011
11010011010
00001110100
11010001101
00001101100
11110010100
00001100001
11100111011
11111111101
11000111011
11111111000
11100011101
00000111011
11010111000
00100100000
11100101010
00101010100
11110101100
00011101111
11110000100
00000001110
11010110011
00011111110
11011000001
00011110000
11100000111
11101001000
11010101001
11111100011
11101001010
00000001000
11100110111
00010000011
00000010010
00110011111
11110001010
00100001010
11100001110
00000011101
11010111001
00000111101
11011010110
00010001100
11101011001
00011110101
11110011101
00101011000
11100010111
00010110100
11100010101
00101001010
11100000001
00001011100
11001100111
11111001000
11010110110
11111110010
11110001001
00100101101
11110101110
00110101000
00000110011
00101001110
11011111011
11111100001
11101100110
00001011110
11110100110
00001010110
11010110010
00000100101
11101010110
00100011001
11101100100
00101001011
11101011001
00011111100
11010111010
00000010111
11101111110
00001100101
11101100111
00010010110
11101101110
00011101100
11110101001
00010111111
00001101001
00101010111
00011110110
00101010100
11110010001
11111000001
11001110010
00011010100
11100000101
00100000011
11101011111
00011100101
11111001000
00001110111
11011111111
00011100110
11111011011
00000110010
11100101101
00010111010
11010100100
00001110101
11011010001
11111100110
11001111011
00011000111
11010010111
00001010111
11110010000
01000100000
00001110001
00100101101
11101010010
00010110000
11011101111
11111100010
11110001101
11111011010
11110001100
00010111101
11010111101
00011101001
11110101111
00000001010
11010011100
00101010000
11100001011
00000010110
11111001001
00001000100
11011111000
00101010110
11011111110
00001000001
11111000011
00100101011
00001111100
01001000010
00000111111
00100101110
11010101010
11110011100
11001110101
11110110001
11110101101
00100010000
11100110100
00000011010
11010110010
00100001100
11100000110
00100011011
11101101011
00101001100
11011011000
00010001010
11010111000
00010100100
11100111101
00101001101
11011100101
11111110111
11010100001
00011011010
00000010001
00011101110
00010111001
00101000110
11001000101
00000010100
11010010001
00010101110
11010011000
00000001101
11010011011
00100101100
11111110011
00010011010
11111111110
00101001101
11110111011
00011111101
11011111001
00011010000
11100001011
00010100011
11111010001
00010001000
11110011100
00001010101
11101011101
00011101101
11111010110
00101010011
00000100001
00010111011
11010110111
11101100100
11000100000
00000001010
11010001111
00001011100
11110011001
00011001010
11100101010
00000101001
11101010001
00011010100
11100110110
00010110000
11101000001
00011111101
11110100011
00000101100
11100110100
00011001000
11010100111
00001001011
11101011000
00010101000
11110011100
00111111000
11101111101
00010101000
11011010101
00000011110
11001000001
00001110110
11010000011
00010110100
11110101111
00010110101
11111000100
00001011111
11110110010
00011110011
11101101010
00011111011
11110011001
00101001010
11110011110
00011001011
11010011111
00000111011
11110101100
00000000011
11100110100
00011110100
00001011110
00110100001
11101000101
11111010111
11010010101
11101110001
11000001011
00001100001
11001110111
00010111100
11100111001
00010011100
11100110011
00010010111
11110110101
00011010011
11011111011
00010010111
11110011010
00000011101
11110101000
00001001001
11101111101
00001101011
11101110000
00011010110
11010111111
00010100000
11110100000
01000000000
11110010000
11111010111
11010111010
00001110100
11001100100
00011001000
11001010000
00010101000
11011110101
00011000110
11100010111
00100100110
11110001111
00000011100
11110100001
00010111011
11100001000
00101001110
11001110000
00011100100
11110110010
00001000110
11110010010
00000111101
11101111010
00100111110
00010011101
00010101100
11110000011
11110011110
11101110011
11111011011
11011101010
00001010010
11101101000
00000000011
11100100011
11111011010
11110111001
00100110110
11011111010
00100010001
11100000110
00000001111
11011001001
00101000010
11100000100
00010110010
11010111100
00011101000
11101110011
00000001000
11100110110
00100010000
11111011111
00001100100
11010101001
00001101101
11110011110
00010101101
11010111111
11110111110
11100111110
11110110000
11010111011
00001000011
11101011100
00000011110
11110001100
00011011001
11010101011
00000010001
11101111001
00011011110
11111100100
00001100111
11101010010
00011011000
11010110110
00001111101
11100110111
11101011010
11011000111
00100001010
11110111100
00000000001
11100000011
00011101010
11100000010
00011110011
11010111000
11111000111
11110011101
00100100011
11111001011
00100101101
11111000111
00011010000
11010110100
00010101100
11110111101
00100110110
11101111100
00100000001
11101100110
00010110011
11010011110
11110011101
11011000010
11110011110
11001001110
00001111110
11100011110
00011101011
00000100101
00101001100
11101101001
00000011010
11100001110
00100000111
11110101000
00000110100
11010110101
00001110110
11111111100
00000010110
11111000011
00000111101
11100001111
00000101000
11101100001
00101111010
11010111100
00000100110
11100001110
00000101101
11001101101
11111001001
11010011000
11110110010
11101011010
00011100010
11110001111
00010010111
11011101110
11111111001
11001111001
00000000001
11110000100
00010100010
11010101101
00010110111
11100100110
00100110111
11011011010
00011011110
11010101100
00101011001
11011100101
00011001000
11110011010
00000001000
11011011010
11101110101
11001101101
00001100001
11001011100
11111011111
11000101000
11111100001
11100011110
00010110001
11100100111
00001101011
11011100000
00001001111
11101100000
00100000100
11110001110
00100001101
11111000000
00001100000
11110101001
00100011010
11111001111
00000001111
11101100100
00000000100
11110110110
00000000101
11011001000
11110111100
11010111110
11110100010
11100101110
11111110001
11001101010
00010110010
11011001110
00011100110
11010011100
00001111110
11110101100
00010101100
11100000000
00101100011
11011111110
00000111000
11100000000
00000001110
11010111011
00101000001
11110010010
00000110101
11100001011
00010011100
11110101101
00000010011
11100111100
00001010110
11110001011
00000010001
11101001100
00100100111
11110101000
00010111100
11110101110
00101001100
11101111011
00101000101
11100001011
00001100111
11110011101
00101000011
11011101011
00101100011
11011000000
00010110001
11111001100
00011011010
11101000001
00000010010
11101001100
00100101101
11110111000
00001000010
11110011011
00010010001
11110011101
00100011000
11100001101
00011000101
11010110011
00000011010
11101010101
00000011101
11100001111
00011101001
11111101000
00000000101
11100110111
00100001001
11110010001
00100101100
11100011011
