00100101001
11111100000
00011010001
11010110010
00011110011
11101110110
00010110111
11110011000
00000000111
11111011011
00010110101
11100101111
00100000010
11110010001
00100100101
11010111001
00000101001
11011111101
00100100011
11010100010
00101011001
11010101011
00101011111
11011100110
00101001010
11010111101
00101010101
11100111011
00010101110
11011110001
00000011101
11110001111
00100101110
11100010001
00001011000
11101000100
00000001010
11011101001
00100100010
11111100110
00100110001
11110001110
00011101001
11100110000
00011100111
11101010111
00010101000
11011110010
00001000010
11110001101
00100000001
11111001001
00001011011
11100000110
00101010001
11111000010
00011010111
11011000001
00100000011
11111100010
00011101000
11011100000
00010001110
11101010000
00010011101
11011111110
11111011111
11100101110
00010000001
11011001110
00010111011
11110000001
00000001000
11101110011
00100000011
11011010011
00011100111
11101101111
00010100111
11010111001
00011100011
11110101111
00000010101
11011000010
00101001011
11010011010
00000010110
11101000110
00101000000
11011100011
00011010000
11100111101
00011000111
11111110101
00000100100
00000110011
00100100000
00000101011
00010111011
11110101110
00100101011
11110000100
00000100110
11001011001
00001010001
11101111001
00011011100
11111001101
00010110110
11110011101
00000001110
11111001111
00010110100
11111011101
00000001000
11101101000
00000101101
11111101111
00101101011
11011000101
00110011000
11111100101
00110001110
00000111101
00101111110
11111101101
00011011011
11110111111
00011100110
11111101110
00001111000
11100111011
11111110111
11010010001
00000110110
11010101101
00011110010
11110101100
00100100000
11110011000
00010101110
11011010001
00010011000
11010100100
00110000001
11110110101
00100010011
00001010100
00011111111
11111110100
00011010000
11111101010
00110110010
00000100001
00111110001
00001110110
00100100001
00000010100
00101001100
11100101111
00001011101
11101101010
11110000000
11000101101
00001110000
11100001011
00001110111
11101101011
00100011010
11110111101
00011111000
11110110110
00001010111
00001010011
00011110100
11011101111
00100000000
11101001111
00001100011
00000000001
00010010110
00101001110
00111111001
00000101101
00111111100
00001010100
00011110000
11100001011
00100001000
11111001001
11111101010
11010101011
11101000101
11011011101
00100010001
11011100111
00000011101
11110101100
00000111101
11011100101
00011110101
11101000011
00010011111
11100111111
00100001010
11110101011
00011011101
11101000111
00010011110
00000011001
00111101000
00011011010
00110000111
00010010100
00010000111
11111011000
00001111100
11100100010
00001011110
11010001110
11110111001
11101010010
00001011010
11011101101
00011100111
11111000000
00010110110
11100001110
00011010011
11100101110
00011000100
11000111000
00000011111
11011110011
00001011010
11011100101
11111010110
11010001001
00011011010
00110001001
00111110111
00000001011
00100000110
11100100001
00100101001
11110001110
00010010101
11010001111
11111100110
11010100101
00010001101
11101100010
00011011110
11011101011
00000111010
11110011011
00101000010
11011000010
00010101111
11001100101
11101110010
11001001011
11110000000
10111000000
11010100110
11001001010
00101010001
00100001000
00110111111
11111111010
00101011010
11110100101
00010100101
11100101101
00101010100
11101100010
11111000101
11010000100
00001011011
11111001011
00001000010
11011101110
00011000100
11011011001
00001111010
11001011111
11011110001
10111101100
11100010010
11000111111
11101000111
10110000100
11011101111
10111101001
00110100000
11101110011
00100101100
00000101011
00110000000
11111100110
00111101101
00010011001
00111101111
00001100100
00001100110
11001110010
00000011111
11101101101
00011100101
11101101001
00010111111
11011001010
11111100000
11100000101
11110001101
10111011100
00000001011
11000100111
11101000110
11001001101
11110110101
11000001100
11111001011
11011010101
00010010011
11110110010
00100011100
00001100101
00101010101
11110010011
01000000110
00010010000
01000001000
11010110011
00010001111
11111110100
00100011111
11101000011
00010010100
11101001000
00011100110
11000000000
11110011101
11100010101
11111010111
11100001000
00010110000
11011110100
11111110111
11000001100
11110101000
11001110100
00000010111
11000100110
00011000010
11100111110
00101011101
00000000010
00111010110
00001001101
01000010011
11010111001
00100001101
11010110011
00100001100
11111000010
00101001110
11100101000
00010111100
11100110110
00101010111
11110000010
00011000110
11101101100
00001001001
11010001010
11111101100
11011010000
00000111110
11000000110
11110100010
11100011010
11110111111
11100110010
00011010110
11011011000
00101110000
11110101001
00111010000
11011000111
00000111110
11010100100
00100001010
11010111001
00100111110
11101001000
00000111101
11100101010
00011010100
00000001000
00011010110
11111101110
11111110010
11010111111
00000001100
11101101000
11111000110
11001100100
11111101111
11010001001
11111010110
11101101010
00011010101
11110111000
00001001010
11110001011
00001101100
11111011000
00010011000
11111100111
00101010110
11100111110
00000001111
11100000101
00100001010
11111010000
00100111111
00001100101
00110011010
11111111010
00001011100
11101010111
11110000011
11001010001
11111110101
10111100101
00000011000
11010000111
00100011101
11100001111
00011011111
11111011101
00011000000
11110010000
00010100011
11100001000
00001011010
11101101001
00100100011
11100101010
00010111101
11100000011
00011000010
00010101001
00110111000
11111101110
00100000001
11110010101
00001101011
11100110100
00010000100
11010010110
11011011111
10111110011
11110111001
11111010111
00101011111
00000100111
11111101001
11100011110
00100101001
11100011101
00100001010
00000001000
00001111110
11111110001
00100010011
11101000010
00010111010
11101100101
00011001101
11110111011
00100111100
11111101111
00010111000
11011010101
00100011101
11001100100
00000011111
11100000101
11100011010
11010010101
00100010110
11110110101
00011111111
11110001111
00010101101
11110010010
00110001110
11100001111
00100001100
11101101110
00010101110
11101111001
00011001101
11011101010
00010100110
11111100010
00100000011
11110100111
00101101100
11101001001
00101000111
11110011011
00100000010
11110110010
11111100011
11010010110
11111000111
11101000100
00111010110
11111100011
00110011010
00000111101
00001010011
11110101010
00001101010
11011100100
00010100010
11111011110
00011110110
11111110000
00100000110
11111010101
00010100110
00000001111
00111011110
11101110000
00100000101
11111000011
00011110010
11101111011
00110011100
11111111111
00100110110
11100101011
11111110100
11100101010
00100000111
11110111110
00011110000
11101111100
00001100001
11110111001
00001110000
11110010111
00011100110
11101100010
00010000100
11010110110
00100001011
11111111011
00101101000
11111001001
00011101111
00000001000
00100111100
11111010010
00000000110
11110010001
00010011100
11100000111
00011111000
11010001111
00100001111
11100111000
00010011001
11100111001
00101110010
11111010000
00001111010
00000011110
00001110110
11110100111
00010111000
11101100000
00011110100
11010101111
00000010100
11111111000
00101000011
11100110110
00010100011
11110000110
00010100111
11111001001
00001001001
11111110011
00001001101
11110010111
00010011010
11101110001
00011001001
11101110000
00010101000
11110111111
00001110100
11101000101
00100111110
11011011100
00000101001
11010111110
00000111100
11110101010
00001011010
11101011101
00100100100
11010111000
00010011101
11100000000
00110101100
00000011011
00101011011
11100001011
00010001111
11100100011
00010011111
11111001000
00100111000
11101011101
00010101001
11100011111
00011110010
11101111100
00100100111
11111010101
00001100101
11111010011
00100110000
00000000100
00000111011
11011101011
00000000110
11111000001
00000011101
11110100100
00011101100
11011011110
00001100011
00000010111
00101001101
00000011011
00010010000
00000001100
00001111100
11111001011
00011110101
11110101011
00010110101
11101001111
00001100011
11100001101
00101000011
11110000101
00010000101
11011010110
00010111011
11011110001
00101010000
11110101110
00100101110
11111110010
00000000110
11011001111
00001010011
11111101010
00000110101
11011001110
00101000100
11101110100
00100001011
11011001011
00001101110
11111111111
00010110101
11110011001
00011011011
11011111001
00010101010
11101111001
00100010001
11101010001
00010010101
11011000001
00011100011
11111101000
00011011000
11111011010
00100101111
11101000110
00001111011
11100001100
00011001001
11101111101
00010110110
11011011000
00001111001
11011000100
00010001010
11011101111
00011000011
11011011110
11111010101
11100011011
00001111100
11100001000
00010110100
11101101111
00100110100
11100111010
00001101001
11010011101
00100011101
11011001101
00100010100
11101011111
00101000111
11101111111
00011001011
11011110011
00100111011
11010111010
00010011010
11101100000
00001011100
11010011100
00000110111
11011001000
00010011101
11010010100
00000010000
11011111001
00000010110
11100100100
00011101000
11001101001
00011111001
11100001010
00000110101
11011100001
00000110101
11101010011
00100000100
11010100101
00001111000
11101001110
00010010111
11110101001
00100110011
11010011110
00101100101
11011111000
00101000010
11101101000
00001000000
11110111110
00010000001
11101101111
00100111100
11010010100
00001000110
11111011100
00010101110
11100101000
00010011011
11101111101
00011001001
11110100100
11111111100
11011111110
00000001000
11111000101
00001000111
11011110100
