00000001001
11111011100
00001101101
11110011100
00100110010
11100110010
00100000001
11010100000
00101001100
11111111101
00010101101
11011111100
00001101001
11100110001
00011011101
11110011110
00010001101
11101000001
00000101101
11011111011
00100011010
11010100100
00010111101
11101101011
00011101000
11100111010
00101000000
11011010110
00001000100
11010101001
00001011000
11110110011
00000010101
11100111011
00010101110
11010110100
00000100101
11110110010
00100111101
11111101100
00001001100
11101110101
00100010011
11101000100
00101010000
11101110001
00100011000
11110000011
00101001100
11010111010
00000011011
11100000000
00100111101
11100101001
00000101110
11101000010
00000110111
11111111000
00010000010
11110000101
00101011111
11100100110
00011000110
11111101001
00000101000
11111011101
00100110011
11101110111
00000111000
11010100011
00000110110
11100011110
00000011111
11110111010
00101001011
11110101001
00010011111
11011011110
00010110001
11101100001
00011110010
11100101011
00000110010
11100110101
00001000110
11110011111
00000100011
11110000011
00001101000
11101011010
00011110100
11110001011
11111111000
11101101101
00000010011
11101000110
00000100000
11101001010
00001011000
11100000011
00000000110
11011001001
11111100111
11101010000
00100001110
11111000110
00001110111
11100111001
00100001010
11111111010
00100110111
11101010100
00011011001
11111111101
00000010010
11011100010
00001101010
11111001010
00000110101
11100110100
00011001101
11010011110
00011111001
11011000001
11110100101
11100011111
00010011111
11100100100
00001110111
11110110000
00111010000
11111010111
00001111010
11010110110
00100011011
11110110111
00000001001
11110010100
00011011000
11011100000
00001101111
11101010010
00001100101
11010110111
00010110010
11110010101
00100001010
11100010000
00011010110
11011100011
00001011000
11101110110
11111101111
11010010001
11111011111
11010100101
00001110001
11011011101
00000111011
11101101101
00001110010
00000010110
00001111000
11111111111
00001110010
00000001101
00010100001
11111011011
00001101111
11111101000
00101000100
11100100100
00011010010
11111011111
00011100101
00000101010
00011110101
11111001000
00100101100
11011111110
00000110001
11111110111
00000011101
11010100110
00010001100
11100110101
00100000011
11100110110
00011111000
11101010011
00011101100
11110101010
00110000100
11101011001
00100110010
00000000010
00011010010
11110101101
00000100100
11011001100
00010000011
00000101100
00011010101
11101011011
00010100001
00000001011
00100110101
11100111111
00101001100
11111001111
00011101011
11011101000
00011010110
11110101101
00010010010
00000101001
00101001111
11101001001
00101011111
11111110111
00011111110
11111110111
00011110100
11101001000
00100011111
11110000100
00010111111
11110010011
00100000011
11100110111
00010001111
11100101101
00011101010
11011111111
00011111110
11100110110
00110000000
11100110110
00010000100
11101101000
00010100100
00001110110
00100000110
11111101010
00000111111
11100101110
00010100010
11100111111
00100111100
11111101110
00011111100
11110100100
00010111010
11110110101
00100100110
11110111100
00011101101
11110011100
00011010011
11110011000
00011111101
11011110110
00001010111
11101001110
00100100000
11011111001
00001011100
11110010011
00100111110
11101111101
00011000011
11011100111
00010001001
11110111110
00000010011
11110111001
00001100101
11111000001
00100100010
11011110010
00100000100
11101110001
00000011001
11111010100
00011111111
11011010110
00000111111
11101111001
00000000100
11110011000
00001010100
11110001001
11111101011
11100111100
00010000111
00011011101
00100011011
11101110100
00000110100
11101000000
00110101000
11101110000
00000011000
11101101011
00010111011
11110110110
00001101001
11011001001
00100001110
11010100110
00011110101
11101111111
00010111011
11100000111
00010110011
11010000110
00000100011
11100110010
11111111101
11101110001
00010100110
11100010000
00010111110
00000100110
00111100011
00000101001
00010100101
11100001100
00001101010
11011110010
00000000001
11100010110
00001111010
11011011001
00000101101
11100111000
00000111010
11110010111
00010100011
11011001101
00010100010
00000001010
00010010010
11101101101
00011111011
11110111110
00100000100
00001000100
00010110010
11011001100
00100110111
11111000101
00100011010
11111100100
00011111010
11111101111
00000101010
11001101010
11101000011
11001001100
00010010110
11100001001
00011000000
11100010001
00010110110
11100100000
00001010101
11100011000
00101110010
11101111010
00101001000
00001010101
00100111111
11011001010
00100101101
11110011110
00000010101
11100111110
00100001100
11111010010
00011110011
11111010000
00010011101
11101010110
00001110011
11101111010
00001111111
10111111011
00000111010
11010010100
00010100011
11110010100
00011100100
11111111111
00101011111
11111001101
00011100111
00000001010
00110101000
11111111001
00111010010
00000111000
00101001111
11011111011
00001110110
11011100011
00100111100
11111000011
00011000010
11110101001
00101100010
11111010011
00110110111
11111100011
00000111101
11101000110
00000110000
11010001101
00001110110
11100000011
00101011010
11011100010
00000001011
11100100100
00011110001
11001001100
00100000011
11110001010
00010010100
00000101010
00011111000
11110110010
00111111100
11100111001
00011011010
00000011101
00100111000
00001000111
00110000100
11111011000
00011111110
11111110101
00010100000
11010111001
00100001001
11101101111
00001110100
11111011010
00001101010
11100010001
00100111001
11110001111
00001010110
11000110000
00001011011
11011010010
00010110011
11101110101
00110100100
11110110110
00101000010
11101110011
00101010000
00000000011
00100101000
00000001000
00100111001
00001011101
00110100011
00000110000
00100100010
11111011111
00011100100
11010011101
00101000101
11100010111
00000110011
11110100001
00100101001
11101101100
00100000111
11001011001
11101110101
10111000100
11001111101
10111010010
11111101000
11100010000
11111011101
11101111100
00001000110
11110110000
00010010011
00000100011
00010111111
11011011001
00000111101
11010001001
11111100010
11100100101
11110011101
11010100011
00010010010
11011001110
00011100001
11101111101
00011001100
11100110001
00011011100
11011000000
11011001101
10101111110
11000010001
10011110010
10110000000
10110110010
11001101001
10111100100
00000111100
11010110110
00001000001
11011111011
00011101111
11100000100
00001010101
11011110111
00010011110
11000011001
11111111011
11010100001
00010010100
11101110011
00011010101
11011010110
00001101011
00000001101
00010100001
11011001011
00010011100
10111001010
11000000011
10110100011
10111110010
10100101110
10110110000
10111100111
11101010100
11001101000
11110100101
11100110011
11111010101
11011100111
00011011101
11101001101
00000010111
11011011110
00010001011
11110111001
00010011100
11111111001
00101001110
11011010011
00010011001
11101110111
00101000111
11011111110
00010110100
11001111001
00001011110
11001111001
00000000111
11001101101
11110011111
11011000011
11110101001
11100101011
11111100011
11101011110
00010011000
11010101110
00011001000
11001111001
00001111010
11011001011
11111111101
11010100000
00000010000
11011010110
00000100100
11101010101
00100110000
00000001101
00011001001
11110000010
00001010110
11010111011
00110100001
11111101110
00101011010
11110101000
11111011111
11011010110
00010000100
11101101100
00000111100
11010110000
00000010010
11101111110
00000101101
11010101111
00000100101
11010011011
00011010100
11011000111
00011000110
11011100011
00100101111
11100101011
00011100011
11010111000
00001010000
11101101000
00100000100
11101100110
00100101011
11111100110
00100110011
11110100100
00100001100
11100101011
11110101111
11010101001
00011100100
11100010011
00011111110
11100010011
00010110000
11000011100
00011101110
11010000110
00011100111
11110101100
00101001101
11110000010
00000011111
11101010100
00000110100
11011000111
00010001101
11110000101
00110000110
00000010111
00001011000
11101110001
00101001110
11100010010
00001110100
11001010100
00001101001
11100101010
11111101101
11100111110
00000100010
11111011010
00000110101
11110010001
00001111010
11110110111
00101010010
11101001000
00000110010
11100010001
00100000001
11111100111
00000001000
11100000100
00100101111
00001111010
00111010101
11111011001
00101110110
11101111000
00100101101
11110001110
00001101000
11110010010
00001001100
11011000101
00000101110
11011001010
11110111101
11011110010
00001000001
11101110100
00001011110
11010100110
00000101101
11010100100
00000100001
11111001110
00010100011
11110101101
00100100001
11111001100
00010001111
11100101010
00111010110
11101110111
00111110111
11111000000
00101011111
11101110101
00100001011
00000111111
00010000100
11011110111
00010011101
11101101100
00010100111
11011000111
00000010000
11100001011
00001000001
11100100110
00100110100
11101000011
00011001000
11111110010
00010110001
11100010111
00001000000
11010101100
00101000100
11010101100
00001000101
11111011011
00100111001
00000000010
00000111100
11100001011
00100110011
11101011001
00100010001
11111100100
00100100011
11011110001
00101001001
11110001010
00000010100
11101000011
00000011000
11110111010
00001001110
11110110011
00100100101
11111100011
00100001110
11101111001
00000101011
11110101000
00000001001
11110010101
00001000110
11010111100
00001101000
11110010100
00000101000
11111100010
00010010110
11111010111
00101000111
11110111110
00011101111
11100110011
00010000001
11101110010
00010010010
11110101011
00011111100
11101010001
00100010011
11011101100
00011110101
11010011111
