00001001011
11100110010
00001101100
11011100110
00000000010
11100011000
00010100101
11101110100
00001011110
11010110000
00010000111
11100101001
00011100100
11010101110
00001010100
11111110110
00101001101
11010101010
00011010000
11111011010
00001110101
11011101010
00101000101
11011011111
00011110111
11101001111
00001111110
11011001111
00010010011
11111010000
00101001001
11100100010
00011111110
11110110001
00010010010
11100000000
00100110110
11011001001
00000100101
11111010010
00100100001
11101010100
00011110111
11101001111
00010011111
11010101001
00010101000
11110000001
00101001000
11111101111
00010100101
11110101010
00100100111
11101111100
00000010001
11101001000
00100110100
11101110001
00010000010
11110011111
00010111111
11110011011
00101000000
11110101010
00010110100
11110010111
00101010111
11110000000
00001000011
11111110101
00010110001
11010011000
00011001001
11111000000
00010011101
11010110101
00001010000
11011001000
00001101111
11111011101
00101001101
11011101010
00001111000
11011110010
00000110011
11101110111
00001011111
11111111111
00100011000
11100011111
00001100010
11110011011
00101011010
11111101100
00011111010
11110110000
00011101111
11110100000
00101100000
11100110111
00100000001
11111001111
00100001010
00000000001
00011001000
11111111001
00000001100
11100010000
00101000100
11101111000
00100010100
11011011000
00000111000
11111011010
00011001111
11110010110
00010110000
11011010100
00001110001
11110110010
00011001011
11110000010
00101000100
11111101100
00101100110
11111111110
00011111011
11110000010
00010111110
11101000000
00101010011
11110101000
00011011110
11100000110
00000101001
11101100010
00010011111
11101111101
00000000100
11110000010
00100001111
11011101000
00000111111
11010111000
00100111111
11011111010
00001100110
11110101010
00100111010
11111101000
00110101000
00010011100
00010011010
11111101110
00010011001
11011000101
00001111011
11111100010
00001101001
11010101110
00011101011
11001100001
11111100101
11011100111
00001011000
11101011011
00101100110
11011110101
00100111101
11111111101
00000100011
11100011000
00100011101
11110111101
00100000101
11101111011
00010110010
11110110111
00011101100
11111010010
00100001000
11111001000
00100101010
11110110101
00101100100
00000001001
00010010100
11110101100
00001011000
11101100111
00000100110
11110100001
00000101100
11101111010
00100111111
11110000111
00101100000
11011000011
00000011111
11011001010
00101000101
11111100101
00100000110
11110000000
00101001000
00010010001
00100101111
11111001111
00110000011
11111110111
00001101010
00001000100
00001101001
11011110001
00010101000
11111010001
00100101111
11011110101
00001101001
11110110000
00101111101
11101100001
00011011001
11011001111
00000001010
11101010001
00001000110
11111111100
00010010011
11110110110
00101101111
11111110101
00100001101
11111100001
00111000001
11100111010
00011101011
11110110100
00010001011
11110010010
00100011011
11011110001
00001011000
11100011111
00010101010
11100010000
00110000101
00000010110
00100010010
00000001111
00011110000
11110110000
00011110010
11110100000
00000011100
11100000100
00100011001
11110110011
00100100011
00000000111
00100010100
11110000011
00011111111
00010001011
00111000100
11110101110
00011111010
11011110011
00001000000
11100011001
00011111010
11111110111
00110000111
00001001010
00010111110
00001001100
00110010000
11011001011
00010100010
11110011110
00000100110
11111011011
00010110101
11011101010
00010001001
11100111100
00011000111
00000000111
00101110010
00000001010
00010101100
00000010011
00110110001
11110000110
00001111001
11001100010
00001100001
11101000111
00010001010
11110001001
00101100000
11100111111
00111011001
11111000110
00110011001
11111101100
00011101010
11011011010
00000100101
11111100111
00000100110
11110111011
00001000001
11100110100
00101111011
11110000001
00010001101
11110111000
00101011100
00010110111
00110010111
11101000001
00010101100
11011000111
00000010010
11011101101
00010001110
11111100100
00011011011
11111100011
00001110110
11100010010
00010100110
00000011001
00010001000
11110010111
00000101001
11111111111
00000101111
11110111001
00000100100
11111000011
00010101100
11111010100
00101011101
11110101111
00110010010
00011000000
00110111010
11111001101
11111001110
11010100010
00000100110
11110000111
00001101100
11110001101
00100000110
11111101101
00001111111
11101010010
00100001110
11110110001
00010100111
11111110111
00001100000
11011011011
00001111000
11101111011
00100110010
11101110001
00011100101
11011010001
00011111011
00000101100
00010111101
00000100111
00011110110
11010111000
11111111011
11011101101
00001011111
11101101010
00111001010
11111010001
00010000011
11011110000
00010010111
11110001100
00001100000
11101011110
00000001100
11011001111
00100010110
11101011110
00100111011
11111110011
00001100111
11111001000
00010100101
11111110010
00100000101
00001000000
00111101110
00000101000
00000010001
11101011010
00001000110
11100111011
00000100000
00000011010
00111011101
00000100011
00101111111
11100101010
00101000100
11011010011
00011101010
11111010100
00001110100
11011101001
00011100110
11110001100
00011100010
11101101101
00100011100
11101100110
00011010001
00000100011
00101000000
11100101110
00010100001
11101111100
00011001000
11011101101
00000011110
11100000000
00010001001
00000101110
00101001101
00000010110
00101000011
11111000111
00011011111
11101011001
00101101111
11110000111
00010011010
11100100010
00010101011
11011110100
00010001111
11111011000
00000100100
00000011110
00100010010
11100111100
00100111101
11011010011
00100010000
11100101000
00011001111
11100010101
00001101011
11101111000
00010110100
00010010110
00110110000
11111001100
00100010010
11111001101
00011111010
11110100110
00011001100
11111010110
00100101110
11101000100
00010101111
11110100010
00000110011
11010101010
00000011010
11110000101
00010111100
00001110111
00100101100
11100111110
00011000100
11110100001
00010000011
11000111101
00001011110
00000010001
01000000101
11110010100
00100000101
00001011010
00001100001
00000001111
00010110110
11100100100
00010010101
00000010100
00000001011
11011010011
00000110111
11011001001
00010000100
11100011111
00001010100
11110110111
00111001001
00010000100
00001000000
11011110001
00000100110
11100011101
00001000101
11101101111
00100011000
11110110111
01000011110
00001111010
00100011000
11100101111
00110100100
11100110111
00101101100
00000001101
00100111101
11110110000
00100011000
11111001100
00001011010
11011011000
00101011111
11101110101
00100010100
11111110010
00011010100
11101101001
00101010101
11100000001
00101100110
11011000111
00010000001
11110000110
00011101101
00000001010
00100001110
00000010011
00101001000
11111111001
00011000111
11011101111
00010000101
11111001001
00100010101
11111111111
00001110000
11100111010
00001011001
11111010100
00011111001
11101010101
00101100011
11101001010
00101011101
11100110000
11111110101
11011011101
00011111010
11100011110
00011010111
11101100010
00100011110
11110001010
00101000001
11111101100
00101011110
11100101011
00100100100
00000011110
00010100001
11011110100
00000111100
11101011111
00000010110
11011001011
00010100111
11101101111
00010011001
11100000001
00010110111
11111000000
11111111010
11011111011
00011100010
00000100110
00010001101
11110010111
00010000011
11101110000
00100011101
11110011111
00110010101
11110001000
00101011000
11110110001
00101100110
00000000011
00011110000
11110110101
00001110110
11011001010
00000011011
11101100000
00001110010
11111001000
00001110100
11011101000
00010111011
11010011010
00000101101
11101101000
00011110010
11100101101
00100110110
00000001010
00111011000
11101110001
00010111101
11100000101
00000011101
11110111010
00100001101
00000001001
00011101011
11111110000
00101001111
11111001011
00001111100
11101100101
00010011010
11100010110
00001101001
11101001010
00000100100
11100101101
00011011110
11100000101
11111111100
11101001101
00000001100
11100011100
00011101101
11100101100
00100011111
11100010110
00011111110
11100111110
00001011010
11001110011
00010100100
11100100101
00101111111
11011010101
00000011001
11101111000
00000100011
11011000101
00011001101
11101100011
00001101111
11111111110
00000100000
11100101100
00010111101
11110110100
00000101110
11111001110
00100101010
11110111110
00101000101
11110100110
00100111001
11110101011
00101111011
00000100100
00011111100
11110110101
00011100001
11111110010
00001001001
11010111000
00101000000
11111011100
00100111001
11010111001
00010110011
11010100100
00100011010
11111100101
00010010010
11111011100
00000100010
11101010010
00100000100
11101001000
00100011100
11011111000
00101101101
11111010000
00011110110
00000011011
00001010000
00001001100
00101111011
11100100001
00001001100
11101101101
00101010100
11011110001
00011001001
11111011111
00011111011
11101011111
00001000011
11100110010
00010000000
11100001010
00011000011
11111001100
00100010010
11010101011
00001011001
11011010101
00010110011
11011000100
00010101011
11111011101
00101010101
11111010010
00010110010
11110001111
00010100011
11101100110
00010100101
11110100100
00000110110
11100100101
00100000100
11111100000
00010000100
11110011010
00001000001
11111100111
00100000111
11101111100
00011100111
11111011111
00000010100
11110111100
00001010101
11011011011
00000110011
11101010011
00011101110
11100101100
00010011010
11111011001
00100000110
11110010111
00001110101
11111001001
00011111010
11011111111
00011011000
11111010010
00101100011
11011110010
00100001010
11100000000
00100101110
11111011000
