00101000010
11010110111
00101000001
11101011011
00010100001
11110101000
00100010101
11111101001
00001010100
11111101001
00100101001
11111000011
00101100010
11111110101
00001000111
11110100000
00011101001
11011110011
00010111111
11011100110
00100111000
11011000100
00001010101
11011100101
00001010101
11111001001
00000000100
11110001100
00000010101
11101110101
00011100111
11010101001
00001101110
11100111111
00010010110
11011110010
00100011001
11110111101
00100100110
11111111010
00001011011
11100010111
00001000100
11110101011
00011110011
11101110101
00010110111
11110001001
00000110001
11111110000
00000101010
11111111101
00101001100
11110000001
00100011101
11111000101
00010110110
11011011110
00010101111
11100110110
00001000110
11111010001
00010111011
11101001100
00011110001
11010110010
00001011101
11101100001
00000110010
11111101010
00010101111
11101111011
00100000100
11100010100
00011011101
11101101110
00000001111
11111010000
00100000110
11110111110
00000111111
11011001111
00001000100
11111011100
00001001001
11010011110
00001011111
11100000001
00100011101
11011110010
00001100100
11010100010
00101000011
11011100101
00010110011
11101000011
00100010111
11100000101
00000010100
11011011111
00100110101
11101011010
00001010110
11100111000
00000110000
11011000111
00101010010
11110111101
00101100110
11100001110
00010000110
11111000010
00010111101
11100110110
00001100010
11011111010
00011000110
11100111111
00010100010
11110001010
00001110010
11100001001
00010001000
11111011000
00011010000
11011110000
00100011111
11110111011
00011011101
11011111110
00000101001
11101101100
00001001010
11101110111
00101001110
11101111100
00001010001
11011000101
00011001010
11110110000
00011000111
11010110000
00010001111
11111100011
00010110100
11100010000
00100101001
11111110101
00001011110
11111000101
00010110101
11101101011
00101110100
11100010100
00100010100
11101101110
00011011001
11101110110
00100001110
11111000100
00000110001
11011001100
00011000001
11101110101
00001001101
11101011001
00100010100
11101011111
00001111100
11110001000
00011110001
11010111110
00001100100
11111101011
00101101000
11011110111
00100100010
11100001110
00101010010
11011001001
00000101011
11111001111
00011000101
00000011100
00101101010
11111010100
00010111001
11100111000
00010111100
11110011111
00011110010
11011111101
00000101000
11110111001
00000101100
11110001001
00011110000
11011000000
00100011000
11111111011
00001010111
11101100111
00101010110
11101101000
00011011111
11011101011
00010000101
11110111000
00100001111
11111111101
00001110101
11100011100
00010001011
11100010111
00100001101
11110010100
00100011110
11110011100
00100100101
11101110100
00010111000
11101010001
00000101000
11100011111
00011111001
11110101101
00101011010
11101111111
00000110111
11100000011
00010011110
11110101000
00001110111
11111001010
00101010011
11100011100
00001100011
11111111001
00110000001
11011100001
00001101001
11111010010
00011101000
11101000010
00101000110
11101111001
00100101000
11011111001
00011011110
11100010101
00000100101
11111001110
00000111000
11110110100
00100010100
11011010000
00010101010
11100001011
00001100101
11101011001
00011011010
11101011111
00101101000
11100110000
00101011101
11100001000
00010100101
11111111010
00101010111
11110010010
00101101011
11111110000
00011100111
11100111001
00011100111
11101000101
00101001001
11101010011
00001010101
11100111101
00000111000
11110001010
00011110110
11110010011
00011010000
11101101111
00001001111
11011000101
00001110010
11110100010
00011101000
11100111000
00101111100
11101110001
00010011011
11100000100
00010001110
11100100100
00101111001
11111110101
00001001101
11011010000
00001010111
11011110000
00010100000
11011000110
00001100100
11101111101
00010001010
11101001101
00101000110
11101000100
00100110110
11100110111
00100111101
11110011010
00000111100
00000011101
00010011110
11111001100
00010110101
11011100101
00101110111
11111000010
00011100000
11111110101
00010010101
11101001001
00101111010
11111010000
00100010110
11111001101
00000010110
11010011111
00101000011
11101001010
00100111110
11111000100
00100111010
11110100111
00011111010
11011101011
00100101001
11101110011
00010101000
11100110011
00101011010
11110001001
00100010110
11111010110
00100100000
00000100110
00010000101
11110001110
00011101001
11101100110
00100101111
11100001011
00001000000
11011101000
00100111101
11010110010
00101000011
11010101001
00101001111
11011100011
00010101001
11011100000
00101100100
11110001000
00000100000
11100111011
00001001111
11011101001
00001010101
11101101111
00011100110
00000100111
00101111011
11111100111
00010011101
11110000110
00010111000
11110010101
00001000100
11011101100
00101010101
11010111010
00011000001
11111011000
00011101001
11101100101
00000010011
11100111011
00010001100
11010100011
00010000011
11011001000
00100011001
11110100111
00001110001
11011101011
00101110101
11110101101
00100111110
00000011000
00101100001
11111001000
00001101000
11101000111
00100010000
11110101110
00010000100
11010111000
00100001000
11101111001
00100100110
11100011001
00001011101
11101111110
00100010001
11010111010
00100011110
11011011111
00010101001
11110110111
00100011101
11011110111
00000110110
11101011000
00001010100
11111001111
00011011000
00000011000
00011110101
11111010101
00001110111
11110110111
00100010000
11111010110
00000110100
11110100100
00011000011
11110001100
00001110011
11110101111
00011111111
11111010010
00100111011
11010100100
00010110000
11100011010
00100111101
11110001101
00010011000
11110011001
00011010100
11111001001
00001001100
11101010100
00100111111
11110110101
00100101100
11111000011
00010110011
11111000100
00100000011
11101111101
00011111110
11110011000
00011111000
11100001101
00011110100
11111000010
00000001101
11010100111
00010010100
11011110101
00000100001
11110011000
00011111110
11100011101
00100111010
11100101110
00101001001
11110000111
00101011111
11110001100
00011101010
11111110010
00101100000
11110010110
00010110100
11101010100
00101010010
11100101010
00101010110
11101011000
00000111001
11101001100
00101000010
11011101001
00001010100
11101000101
00101011010
11110100001
00010101110
11101111010
00000000001
11100100001
00011011000
11011110001
00001000001
11100111110
00010001000
00000001010
00101110001
11110111000
00010111000
11101100001
00010101101
11111011101
00001000110
11100011110
00101000000
11010110001
00010011001
11100010010
00011000111
11101010100
00001011111
11101110101
00001100000
11101001111
00101000111
11110101111
00100001101
11101101010
00011001011
11011011011
00101011101
11110101100
00011001011
11111101101
00101100000
11100001000
00001110110
11100001011
00001001110
11101101111
00011011001
11110001111
00100101110
11100111010
00001000010
11101000011
00011101100
11101100000
00001110101
11111000110
00101001110
11100101101
00011000101
11110111011
00000011011
11101010111
00010011000
11011010001
00100110100
11111111111
00011101110
11011101111
00010010110
00000001010
00110010010
11111110100
00101110110
00000000001
00001000111
11011001110
00100010000
11101001101
00010100010
11110000001
00001011101
11101010111
00101100110
11011000101
00101001011
11110001100
00000001110
11011001110
00101000110
11100101010
00000011001
11010101000
00000011000
11101011011
00100111100
11011011010
00011011111
11110001101
00100111010
11100001000
00011111000
11100111000
00001000000
11101111101
00100101110
11111010111
00010101111
11101110000
00100001110
11011010001
00100101011
11010100000
00001110011
11011010110
00100110101
11110100111
00000111010
11010111010
00000011111
11111101100
00010110010
11111001110
00000100000
11101010110
00100000001
11011100010
00011000000
11111101001
00010011010
11111011110
00000011000
11011001010
00100101110
11111100111
00010001100
11100101010
00001010110
11011011000
00000010011
11010100011
00011110010
11011000001
00101010111
11010011011
00100001000
11011100000
00001011011
11011001010
00100000100
11110001000
00101011001
11110111111
00010110110
00000001101
00100011111
11111100111
00101010101
11111010001
00001111000
11110110100
00001111101
11110010001
00000110010
11111000110
00010010010
11101001011
00100011010
11100011100
00001111000
11011010010
00011011011
11111111101
00100001011
11100111100
00000001011
11101101000
00010010100
11110110000
00001111101
11111011101
00011010101
11110101100
00010000010
11111110110
00001111001
11111111101
00001011001
11111001011
00001011000
11101001010
00010010011
11100111000
00100110000
11100111110
00100000100
11110100101
00000010001
11101001000
00100111111
11101110111
00010000000
11101001100
00010001100
11111100011
00000011010
11101110101
00011000100
11101100001
00011101011
11011011001
00011011000
11111000011
00001000001
11011010001
00001110011
11101110000
00101001011
11101000110
00011010010
11111001010
00000010100
11010011110
00100000000
11010111101
00010111110
11101100010
00000111000
11100110001
00101010110
11111110000
00101011000
11110010001
00011000101
11110000100
00010010000
11100100111
00100010000
11010111100
00000100101
11110000100
00100101001
11100100111
00011011110
11010110001
00010110000
11010111010
00010000000
11101101010
00010100010
11010110010
00011001101
11101001010
00101001010
11110011001
00010010011
11101011111
00100000101
11100110110
00000001010
11100001011
00011011011
11010011111
00101100101
11111001000
00001111001
11101110100
00100010110
11111100101
00001110111
11011010011
00010100101
11111010010
00010100111
11111101000
00000011011
11010101000
00101100101
11101101010
00010001000
11101011111
