00011100110
11111101111
00011101011
11101101100
00000100011
11011010101
00010100110
11010101110
00010100101
11011010011
00011001110
11011101111
00000101000
11101001011
00000011101
11111111011
00001001100
11111110011
00001100000
11110001101
00100000111
11111110110
00101001110
11010111101
00000001111
11101001001
00100001011
11110100000
00001110101
11101000001
00010011100
11010100101
00011010000
11111011111
00010000011
11100000010
00100111001
11011000000
00011010000
11101101000
00011011111
11110101011
00000110100
11011011010
00011101110
11110101000
00100100011
11010111110
00001011111
11111011110
00001001001
11111111010
00000101011
11111001100
00101000100
11111000111
00011101100
11100011000
00010011001
11010011111
00001000000
11011001010
00101001110
11011010100
00100100100
11101010111
00001011101
11001111110
11111100110
11110010001
00000001101
11001110101
00000000010
11100110010
00011001100
11010010001
00011001100
11100111000
00100011000
11010110011
00011010000
11111110000
00101001010
11100000101
00001000100
11011011001
00100110100
11011010000
00010101000
11110010110
00100011001
11011100000
11111011111
11010010011
00000110010
11101010100
11110001000
11000001000
00001101101
11010100110
00010001010
11100110110
11111101000
11101100101
00010011101
11010110100
00000011011
11110010000
00001110101
11010110010
00001010100
11010111111
00101011110
11111001001
00011010110
11111000101
00101100000
11101010111
11111100111
11100011101
00010110110
11010001010
11111010100
11001101111
00010101111
11100001110
00100001000
11011010001
00010100010
11010111111
00000011111
11111000000
00001110110
11111000001
00010100000
11010111111
00000010010
11101000000
00001010000
11110000100
00010100101
11101011100
00001011000
11101100100
00011011111
11011011010
00011000101
11011110001
00000011100
11011111000
11110010110
11110000101
00000101011
11101101010
00011101000
11110101110
00100011001
11011110110
00100100100
11010010011
00100001110
11010101101
00001100101
11110110110
00000011010
11100000100
00000010000
11111010101
00001001110
11110011111
00010100111
11100001110
00100001110
11100010100
00000001100
11101010101
00010001101
11011100000
00011000001
11001101010
00000100001
11000110011
00011010001
11100101011
00010011111
11100100000
00100110011
11101000100
00101000011
11100110001
00011101101
11100001011
00010110011
11010000100
00100010101
11100000010
00011110011
11011010001
00100100110
11010111110
00000110001
11110100110
00010111001
11011000111
00000110100
11100110000
11111110111
11011111110
00000101000
11110001011
00000100101
11011011101
00000111000
11110101111
00010100011
11111010111
00001001101
11110001010
00100111010
11010001000
11110011011
11011001101
00010010000
11011101010
00011100001
11110010101
00010011111
11110001101
00000110110
11110101010
00001101100
11111101001
00100100110
11100111110
00000011001
11100010000
00001111010
11110001100
11111000101
11001100110
00010010011
11110111011
00101010110
11110001101
00100000100
00000001101
00100000011
11001101000
00000000010
11010010110
00011101000
11100000100
00001000100
11110100001
00010011010
11011001111
00011001111
11011110101
00001101010
11110000010
00001110100
11111001001
00100111000
11100001111
00000000101
11011011110
11001100001
11010001001
00101000111
00011000111
00101101110
11101101001
00000100001
00001100100
00010011011
11010000101
11101100000
11000011100
00011010101
11011111100
00010010000
11101000011
00010000010
11100100011
00100010101
11100010101
00011101000
11111001100
00100001001
11101101010
11111001101
11010001010
00001000111
10101000011
11011010010
11100001101
00111011000
00101001010
00110011101
00010010000
00101110111
11110010110
00011001001
11100110111
00011001001
11100110100
00001101010
11111011001
00000101010
11111000101
00100001011
11100111100
00011101111
11111011110
00001000001
11101101101
00100100101
11100100111
00010111100
11010111100
11101101001
10111001100
00011001010
00010100000
01010001100
00011010010
01000010000
00001110100
01000010000
00011010000
00011110101
11010101110
00000110111
11110100010
00010111110
11111000011
00010011001
11010100001
00001001100
11100100101
00000001111
11111100001
11111101011
11011000001
11111101100
11110111110
11111010111
11100011110
00000000101
11101011010
01000000100
00011100001
01010000001
00010101001
01000000000
00010001010
01001000100
00010100000
00011100001
11100101011
00011100000
11101011011
00010010000
11111111101
00011011111
11010100101
00000110110
11111011011
00100110101
11101001011
00010001111
11110010110
00001001000
11011001110
00000000100
11001001000
00010010111
00000001110
00110110001
00001101111
00110111000
00010010111
00101100101
00011101000
00101001001
11100110010
00001111111
11100001100
11111011001
11111011110
00011010011
11111101001
00010101111
11010011100
00000010111
11111010110
00101111010
11111010000
00000110101
11010010001
00000111100
11001010101
00001001010
11110000101
00011100001
11111011000
00110100111
00001001111
01000100101
00001101100
00111100000
00001101011
00010111111
11010000000
11110001011
11010000110
00001110101
11010010101
00011100101
11111011001
00101001010
11110101010
00000111101
11110000000
00010011100
00000001000
00011111010
11111000000
00010011011
11010010001
11100111000
11111110010
00101111111
00100000111
00110000110
00001101010
01000000101
00001101101
00001001011
11100100101
00001101101
11001110001
11110001100
11000110111
00001011000
11101010100
00001010101
11100110111
00001000111
11011000100
00011101111
11111101101
00001101001
11101101001
00100100111
00000000011
00011100011
00000001101
00010100010
11110011111
01000011010
00001111001
01000100001
00110001001
00111010000
00000011101
00100000111
11100011111
11101111001
11110000011
00001000000
11010001000
00010010101
11100010111
00010110011
11100110110
00100100110
11011110110
00000101011
00000001011
00100010111
11101011101
00001010000
11110011111
00111110010
00000010100
00010101010
11111001010
01001001111
00011111100
00110011111
00001101110
00011111010
11101101011
11111100001
11000000111
11101001110
11001111000
00000110011
11101001011
00010010101
11111100101
00000010010
11101100111
00010111010
11100111001
00101100000
11110100100
00001111101
11111111111
00001011101
11100000010
00111011011
00000111010
00110110001
00001110100
00111110011
00001001111
00011000000
11010111101
00000100011
11000111011
11101011010
11000001110
00000000001
10111101001
00001111110
11010010100
00010011111
11110011010
00001101001
11111011011
00001101000
11110000010
00010111110
11011111001
00100111101
11100100011
11111010111
11110000000
00001110011
11101010001
00000100010
11011101010
11110001011
11000011000
11011101111
11010101000
11110101101
11001110010
11101100101
11010110011
11011101110
11011000010
00010101110
11011001001
00001110001
11101010011
00100101010
11011100000
00100011000
11111001110
00101000100
11111110110
00010110111
11101000001
00011110011
11100000001
00001000101
11011010011
11111000001
11000011000
11101111110
10111010110
11011001100
11010010001
11111100011
11100101010
00001011000
11100001011
00000110010
11010010110
00000001010
11011011110
00001001010
11010111110
00011110100
11101001110
00010010010
11101000010
00001101011
11110111111
00011010010
11111001111
00001110011
11101111100
00000101111
11101001111
00010101001
11100010110
11111011110
11110011011
11111110111
11011110011
00011000101
11100011000
00001010000
11101010010
00010000111
11111110100
00011000010
11110011001
00100100000
11100011001
00000100011
11111111111
00011001011
11011100110
00010110100
11010011010
00001010100
11011100101
00010010100
11010011011
00011101010
11011111101
00001100011
11110000111
00010101101
11101000010
00010010001
11101000110
00011001010
11101110010
00011100000
11100010000
00011001010
11100000101
00001011000
11110110110
00100001111
11100010011
00010111010
11100110101
00001110101
11100100100
00011001101
11010111100
00001110101
11111011000
00101001110
11100010100
00011001001
11100100000
00010000010
11011010111
00011000011
11101001010
00011101111
11111010011
00010011010
11011101101
00100011011
11110000010
00000010000
11111010000
00001100110
11100011100
00101100011
11110010001
00101011011
11100000101
00101100011
11101010010
00001100000
11110010000
00000100000
11011010111
00001001110
11101011001
00100001010
11101010000
11111110100
11011110111
00000000101
11001101101
00000101001
11010001000
00010001110
11101011010
00010001110
11110000000
00100101110
11110011011
00100101101
11011101101
00011010000
11010101110
00011001110
11101001000
00001011110
11100111101
00001001100
11110100101
00000001000
11101001110
00011001010
11110110111
00001011000
11011001001
00011011100
11110000000
00011010101
11001111001
00100000001
11001100101
00011110111
11100000000
00010100010
11100101111
00011110110
11111011001
00101010000
11101110001
00010101111
11100001001
00001100011
11111110000
00011100001
11011001111
00011001000
11011000001
00010001111
11011101011
00000101100
11101011110
00001001001
11011101011
00010010101
11011100010
00000111111
11101001111
00010100111
11100011011
11111001000
11011000010
00001010110
11011001000
00001101010
11011001011
00010010111
11010110000
00101100101
11110000111
00010000110
11101010101
00000001001
11100010111
00010111011
11100010110
00010110100
11111100011
00011000010
11010111100
00100101101
11100000111
00001110010
11111010100
00010000011
11010110101
00011011100
11010110110
00000100001
11101100101
00001001011
11111000100
00000110101
11100110101
00000000001
11101100011
00010011000
11101101010
00010001000
11101101001
