00100111111
11111101101
00010001000
11100000110
00000001011
11100111100
00100101100
11011000101
00011110111
11110110001
00100010011
11111011000
00100100010
11110100110
00011010001
11110001101
00011000011
11100110010
00010100111
11111000110
00000100000
11010110101
00100101101
11100100011
00000111010
11110010010
00001111110
11100000010
00000001101
11111010101
00000011011
11010110100
00000111110
11101011100
00011100000
11110110111
00000000001
11101011010
00000011101
11100000110
00011110010
11011001101
00100011100
11101001010
00000100100
11101110110
00100100011
11100011010
00101011000
11110011100
00100100000
11111101101
00001001000
11100011001
00011101111
11101111110
00101010101
11111111001
00000011010
11010011101
00000110010
11111001011
00101001001
11110001100
00011011010
11101000000
00010110110
11100100001
11111111010
11100011110
00001010000
11011100101
00010000000
11110111100
00000101001
11100110000
00010100010
11010011001
00001000001
11101011111
00001100000
11010011100
00010110011
11101011000
00011100101
11111000100
00100101010
11100101011
00001000011
11010111111
00011011000
11110010010
00000100100
11101101111
00100000101
11100110100
00000110010
11111100101
00001110011
11111110000
00011111110
11100101110
00011111011
11111001001
00100001111
11011011111
00100011101
11111000101
00100111110
11010110001
00011011001
11111000110
00101001100
11111011011
00011100011
11100110101
00001100000
11101100011
00001000110
11101110110
00010101001
11100101100
00100110011
11110001110
00001110111
11101101001
11111110010
11101100000
00010101010
11101101010
00001010100
11101100011
00100110011
11111111001
00011001101
11100111010
00101010001
11110001101
00100000010
11011010010
00001001101
11110000111
00000000010
11111001111
00010100011
11100110001
00100101101
11101011000
00001111111
11101001011
00001111011
11110000001
00010110100
11000001110
00010100110
11011100000
00100110001
11100110010
00000100100
11010101110
00001010000
11110000011
00011000111
11111110101
00010100110
11010111011
00100011000
11101110000
00000101011
11101000110
00001010110
11110001101
00100111001
11111010011
00011110001
11111100001
00101110011
00000000110
00000011110
11000100110
11011001110
11000010000
11001100101
10111000011
11100010010
11011000010
11101111001
11011010011
00000011001
11110000110
00101110011
11110111010
00110011000
11011111010
00100110001
11101100001
00011011001
11100100100
00100101110
11011111110
00000110000
11111111100
00000101111
11010101111
00001011100
11101001011
11101101110
10111111011
11010101011
10110111000
10111110110
10101101101
11000010011
10110010111
11011001101
11010000111
11110100010
11011110010
00010111011
11111100000
00011110010
11101100010
00101011101
11101100010
00001111011
11011110010
00100111111
11010101000
00010000001
11100100011
00011110101
11101011101
00010111111
11011011111
11111101110
11010000011
11011110111
10111101000
11001001000
10100111010
11000111100
11000011110
11101110101
11100000101
00001100100
11111101001
00000100000
11110101010
00000111101
11111010110
00011010000
11101001001
00100100110
11101010001
00101011000
11110111011
00001110010
11011101000
11111100011
11011000011
00001000000
11011000101
11101001100
11010001011
00001110001
11001100110
11001100100
10110110001
00001001010
11011101011
00000101111
11110001000
00010001000
11100110011
00011110010
11010010110
00011011011
11111010000
00101000001
11011110101
00010001000
11101010000
00001100010
11110100010
00101001011
11101111110
11111000011
11011101111
11110010100
11011110100
00000111000
11001110111
00001000101
10110111111
11101000111
11010110011
00100001011
11101111011
00000010110
11011110000
11110010101
11011111100
11111010111
11001010001
00011110101
11110000001
00010101001
11101000010
00010110111
11101101111
00001100010
11010101110
00011111101
11010101001
11100100100
11000101101
00001011100
11010111110
11111101001
11100010010
00101111111
10111010001
11100011110
11111000101
00110100110
11101010001
00000110001
11011010110
11111000001
11001101011
11110010011
11100101001
00010110101
11011100001
00100110010
11100110110
00000101010
11110000100
00000011010
11100001111
00010100101
11011001111
00000011010
11100101001
00011111101
11100100010
00100010111
00010110111
00101101001
11100011011
11110110100
11101011001
00101000010
11010001011
11100110111
11010001001
11100001010
11100101010
00010001001
11001111111
00010011000
11111000001
00101000001
11111000011
00101001110
11011100010
00011111110
11111001000
11110111110
11010111001
00101010010
11110000001
00011101001
00001101000
01000001000
01001000001
01010100010
00001010001
00001100101
11101000011
00100111101
00000000011
00001100101
11100111000
00011000111
11010111111
00011100100
11100000110
00110010001
11110010011
00100100001
11110000100
00011010010
11011111011
00010110110
11100101110
00001111101
11111110000
00110000011
00001001100
00101010010
00011010110
01000010010
01000010111
01001000101
00000110010
11111000110
11110101011
00010100110
00001101100
00001011010
00000000101
00011101001
11101011101
00111000100
00001000001
00101001111
11101111010
00000011111
11100001000
00100100111
11010111111
00000010011
11110001110
00011100001
11110011001
00111100111
00010001000
00111010001
00001111110
00111000111
11111101100
00111100110
00000011010
00100111000
00100010010
00101011010
11111100001
00100101011
00001011100
00100101110
00000010111
00100011010
11110010010
00010011111
11111101010
00100100100
11111000111
00010111110
11010111011
00100110000
11110101010
00100111110
11101011001
00111010001
00000011100
00100101100
11110001110
00010110001
11111010101
00001111001
00001011100
01000100110
00100011111
00111100110
00010001101
00010011011
00010000000
00101111111
00000000111
00110000100
00001001111
00110110101
11011011110
00100111000
11101111100
00000010000
11100010001
00011000011
11101001011
00100101000
00001010001
01000101011
00010100110
00100110010
11100111101
00010100011
11011011000
00010011000
00001111010
01010010100
00100010010
00111100011
00001010001
00100101110
11111100000
00010110011
11111010101
00101101100
11101001101
00001111100
11110000101
00000010011
11111101101
00010010001
11011000110
00010011011
11101110111
00100010111
11101011110
00011011001
00011000010
00100101111
11100011011
00010010010
11100100100
00111000101
00010110110
01000001110
00110000110
00111010001
11111001000
00011111001
11101010100
00000101110
00000011011
00001011000
11111100010
00101110110
11100100100
00010011111
11100001100
00001010011
11101011010
00100000011
11100110010
00010110010
00000011000
00010010100
11100101100
00010000111
00000001110
00101000110
11110110010
00010101110
00001001001
00110000001
00001011100
00101101100
11111000010
00100000001
11011111111
00001000110
11101100101
00101010100
11100100111
00100001000
11011001110
00010101011
11111111100
00100001100
11010111011
00011110111
11010100100
00001111001
11100111000
00011011011
11100011110
00011101100
11011111001
00010110110
11101010101
00110000001
11110000100
00010101010
11100010110
11111001011
00000101000
00011000000
11010110110
00001000000
11101011100
00001100100
11111111100
00100011101
11110100101
00000010110
11111110100
00001100000
11101000111
00000010000
00000000001
00001110100
11010000001
00011011000
11010000000
11111101000
11010001110
00000110011
11100011101
00001001011
11110100110
00010001010
11110001011
00001000000
11101110110
00101000011
11100001001
00010100100
11011101101
00010101100
11101111000
00101010001
11010110101
00011000000
11101000001
00001010101
11100101110
00011001010
11101010000
00000001011
11011001001
00000010100
11010001100
11110010010
11000101011
11110000010
11010101100
11100100011
11001011101
11110010100
11010010010
00000111110
11011011101
00001101110
11100111100
00001101001
11011110101
00000100000
11100100101
00000100111
11010111111
00100100100
11010011100
00100101110
11110000100
00010111100
11111100110
00101000001
11110101111
00001100011
11100111101
00000010100
11100000011
00000001011
11100100011
11101011001
10111100001
11111010010
10111011001
11111110100
11111110110
11111110001
11011101110
00011101000
11010011000
11110100011
11100001010
00001001100
11101110011
00101000011
11110000111
00001100110
11100000001
00001110110
11111010010
00000001110
11011001000
00000011000
11000110011
00010100110
11001011000
00000001000
11010110010
00001001110
11011010100
00010010100
11011001000
00000001010
11100101010
11111101000
11101000110
11111011010
11010110101
00001111001
11101011011
00000011001
11011101100
00100100011
11110001111
00000111011
11100000010
00011101001
11101011111
00010010011
11010010100
00010011110
11011100101
00001001010
10111111000
11111101101
10111111000
11101100101
11001100010
11111100001
11010000100
11011101100
11010000010
11111010010
11000100000
11111001000
11100001101
00010010111
11010001011
00011000011
11110001010
00001101000
11100011100
00000100111
11111011110
00101010101
11110011111
00100011100
11100011111
00011011011
11101110001
00001010001
11100001101
00001011111
11010010001
11100111010
11100100001
11101110011
11001011111
00000011010
11001110000
11101100110
11001100110
00010110100
11110101001
00001000001
11110000011
00001010101
11010111100
00001101000
11011100011
00001010101
11100110001
00010011011
11110000101
00011110001
11101110111
00011011100
11101010011
00101010100
11101111000
00011100101
11100100001
00011000100
11101011110
00100111100
11011110100
00010111010
11110110011
00001111001
11110110001
00100010110
11101001111
00101000110
11100101110
00011000011
11111000110
00101001001
11011101000
