00100101101
11101110011
00100011001
11011100010
00101000111
11110111001
00001111000
11011101101
00001100100
11100111001
00010101011
11100011111
00010000011
11101001001
00101010101
11010111000
00011100100
11011111111
00000110011
11100100110
00000000110
11110101001
00000110001
11011100000
00000111000
11101110000
00000101111
11111011001
00101100110
11110110010
00010111000
11011010011
00011011100
11110010110
00011100101
11101000101
00010110100
11010100111
00001101100
11011101110
00011000010
11011101111
00010001011
11011000001
00001100110
11110000100
00100101011
11010111101
00000011100
11010101110
00010111101
11111100001
00001000101
11100010010
00100111111
11110000011
00000010111
11111111001
00010100100
11111101001
00001010110
11010100100
00101000100
11011010110
00001110010
11101001101
00010100000
11100011000
00011110000
11100111111
00011100110
00000100101
00011000001
11011001111
00101101001
11100101011
00010001111
11100010110
00011111010
11110001110
00011111110
11111000101
00010011110
11011000101
00100101001
11110001010
00001010010
11011000001
00001111110
11100001101
00101011111
11101000000
00100010011
11011101100
00010111111
11011110011
00011100111
11101001111
00110110101
11110110000
00101111001
00001111111
01000010110
11110100110
00011101010
11100111010
00100100011
11110000001
00011101001
11110011011
00100011010
11110010010
00010100000
11110101111
00001000011
11110011110
00011000110
11101101100
00000111110
11011001110
00000111111
11111011111
00010101110
11011110011
00101101101
11011011001
00100101001
11111000010
00101100000
00000000101
00100000111
00000111000
00011110110
11110101011
00000101011
11011110010
00000100001
11011100001
00000111011
11011110101
00000011011
11010101011
00000010011
11101000001
00000111001
11110011110
00100000110
11011100001
00011111100
11010000010
00001010101
11000100000
11101010011
11011000010
11110001101
11011001001
11011001110
11010001111
11111011111
11001010001
00000001111
11001001010
11101111010
11101000110
00100011000
11110100011
00100111100
11111010011
00101100110
11111101100
00100111010
11111011100
11111110010
11010100001
00010101101
11110011001
00000001001
11011010111
00010001100
11010010000
00000011000
11011001011
00011111010
11110111001
00100111010
11111000110
00001111100
11001001101
11110010001
10111011010
11110010101
10111001111
00001001011
11011001100
11111110101
11011110010
00100101011
11010110001
00100111110
11011010110
00101100101
11011010101
00011100111
11000110001
00001010101
11011100101
00001011001
11101010011
00101100111
00000001100
00111001001
00011001101
00110111000
00000100000
00001111100
11011110000
11111110001
11011100001
11010110001
10111100010
11101011001
11010011000
00010010001
11010100001
00001100100
11100111110
00100001011
11111100010
00010111000
11011110100
00011001110
11010110101
00000011111
11010100011
00010011111
00000100100
00001000100
11110000001
01000001101
00011100100
00100011111
11100110101
11111011101
11011010011
00001010010
11100101110
11110100111
11010110111
11110001111
11001110010
00011001000
11100010101
00001111100
11110111101
00011011100
11100111111
00100001011
11101111011
00010111000
11101100001
00100000111
11011101101
00011100111
11111000000
00011010101
00001001001
00111101000
00001000111
00011001000
11101110010
11111100101
11100101101
00000110010
11010100111
11111100010
11000110111
11111111110
11100001011
00001001111
11110111000
00101100001
11111111110
00100101000
11110100001
00001000001
11101101000
00101000101
11100000010
00100101111
11100100101
00010011110
11110001010
00010011011
11101111101
01000101111
11111000001
00101100101
11111001100
00011001110
11100101010
00010011100
11100000111
00011011011
11000000110
11111101110
11011001111
00000100101
11110011011
00100110110
11101010011
00010110110
11011101101
00011000100
11110111100
00010110000
11111110111
00110001010
00000001000
00011001100
11101010101
00011000001
11100100100
00011011001
00001011100
00011100110
00010001001
00001001011
11111110001
00101110100
11110110000
00110100101
11011111010
00011001000
11010100000
00010100101
11110001000
00010001110
11100010111
00011101110
11111000001
00001111011
00000111010
00010001110
11111100011
00011001101
11110101110
11110111111
11011011000
11101101010
11000011111
00010101111
00000010110
00101110110
11111001010
00011101101
00001110110
01000011110
00000010100
00100111100
11111001111
00010100100
11101001100
00100011111
11101110011
00001011000
11110001011
00100010011
11101000101
00110011101
11111011011
00101010100
00000010000
00001100111
11110101110
00000111100
10111111100
11011111100
11011100100
00100101000
11101111111
00011100100
00000110111
00111010001
00001000111
00100100101
00000011110
00110010111
00000010111
00001001001
11101110100
00001100101
11100010100
00100100001
11111010000
00000011000
00000001010
00010101110
11011111010
00011101011
11100110000
11110111111
11010110001
00000000001
11010010110
11111001100
11100011101
00010000000
11100001000
00100000101
00001000011
00110010100
00000100000
00101101000
11110111100
00011110101
11100100010
00001000100
11111110100
00101000000
11111000011
00010101100
11110101111
00100101000
11110011010
00001111110
11010110010
00011010101
11100101100
00011001100
11101001000
11111101010
11011111100
00001110101
11010011000
11111101010
11110110111
00010011001
00000101011
00011011001
11111000111
00101110110
11110000001
00010110001
11110111011
00010011011
11101111101
00001000001
11101110100
00010111111
11111001000
00011000101
11111101111
00001111011
11101100000
00011101011
11111000101
00010100111
11011111100
00010100011
11100100101
00010000110
11001011111
00000110101
11101011101
00011010000
00010000001
00100101111
11100111110
00100011110
11100101100
00011011110
11110000100
00010010010
11011111110
00100001100
11100001000
00000110111
11111110011
00000001111
11011110000
00000000110
11011100011
00100100010
11110100110
00001010000
00000100111
00010111011
00000100001
00011000111
11100110100
00001101010
11110101001
00001100100
11011111100
00010011101
11101010011
00100100100
11110100000
00000000110
11100100000
00100010101
11100000011
00100110111
11110111010
00010010000
11100000011
00100101100
11100010000
00010110010
11001001000
00000010011
11010101001
00010110100
11011111000
00101001110
11111000011
00101111111
11110111010
00110101011
11100101001
00001101101
11011011011
00100000000
11100101000
00100000010
11011111110
00010000111
11010111001
00011101000
11011011000
00001011011
11100100111
00010101001
11111000100
00100010000
11010011101
00011101111
11010000101
11110110010
11001000101
11111111111
11010111001
00010101011
11111110011
00011111110
00010011110
00101011111
11011101001
00011011100
11111010010
11111111111
11100011100
00001101101
11110000111
00011000110
11101010011
00011011111
11101011101
00000110000
11101101100
00001011001
11101101110
11111111011
11011100010
00010000011
11001001110
11110101111
10111110101
11101010000
10111101010
11110110000
11110010000
00100111010
00001100000
00100100111
11111000011
00100011000
11101000011
00010000101
11011100010
11111101100
11000011111
00011000001
11001111001
00101010010
11011110010
00001111000
11101000000
00001001111
11101010101
00101001101
11100111100
00011111100
11000110011
11101010111
10111111111
11110111000
11000000000
00001010000
11011110001
00100110100
11110111011
00011001001
11111010000
00011110101
11100111000
11111110110
11010110111
11101111110
11010011111
00001001010
11001111111
00001100100
11100101010
00100110101
11111011001
00010000110
11110111001
00011100011
11100010010
00011001010
11011100101
11101101011
11001010110
11111111101
11011011000
11011010000
10111111000
11100110000
11000101110
11111011001
11000110101
00000001111
10111010000
11010001101
10111111001
11110011000
11000011000
00001101101
11010001101
00001001000
11110011101
00100111101
11101111101
00101000010
11011110100
00010100111
11110001011
00101001010
11111011011
00100000101
11011110100
00011000011
11000111101
11101011011
11000010100
11011111001
10111111101
11011000111
10111101000
11000100100
11001010010
11110111110
11011010011
11101101000
11101101100
00001110010
11100001101
00101010110
11111011110
00011011110
11111100111
00010001101
11101001110
00010011101
11110010110
00001110100
11100001100
00100011111
00000011010
00010011000
11110010011
00011011110
11011010101
00001110100
11001101010
11100100000
11011000010
11111011100
11101100011
00010010111
11100101011
00100111111
11100100110
00001101010
11111101101
00100010110
11011100000
00011111010
11100001100
00101000100
11110010000
00100001101
11110011011
00100111100
00000001101
00101001011
00010001100
00011111001
00010000110
00011001110
00010110001
00111001110
00010110100
00111010100
11110100010
00101110000
00000111110
00110010110
00000100011
00101000000
00000001010
00011011111
11101010011
00100100110
11010110100
00010111101
11100101111
00100000101
11110101111
00001011111
11100011101
00011001100
00000001111
00110000001
11111001010
00010101010
11111000011
00100000110
00000101100
00110001110
11111100000
00110000100
00000111100
00101100101
00000010101
00011011000
11101001000
00001111111
11100011010
00000001101
11011010011
00100110010
11100101001
00001110011
11100010001
00010111101
11011010000
00001011010
11110100100
00000011010
11101001000
00100111111
11100100101
00011000000
11011011100
00101100000
11011111100
00010001110
11110011010
00000111010
00000000111
00000001101
11101011011
00001110011
11100001100
00100101001
11101001110
00010110100
11111100111
00001000100
11101010011
00101001011
11111110000
